0
0 0  
0
0 0  
0.001
-0.001 0.001  
0.002
-0.002002 0.001994  
0.003
-0.003006 0.00298198  
0.004
-0.004012 0.00396394  
0.005
-0.00502001 0.00493985  
0.006
-0.00603003 0.00590971  
0.007
-0.00704205 0.00687349  
0.008
-0.00805609 0.00783119  
0.009
-0.00907214 0.00878279  
0.01
-0.0100902 0.00972828  
0.011
-0.0111103 0.0106676  
0.012
-0.0121324 0.0116009  
0.013
-0.0131565 0.0125279  
0.014
-0.0141827 0.0134488  
0.015
-0.0152109 0.0143636  
0.016
-0.0162411 0.0152721  
0.017
-0.0172733 0.0161744  
0.018
-0.0183076 0.0170705  
0.019
-0.0193439 0.0179604  
0.02
-0.0203823 0.018844  
0.021
-0.0214227 0.0197213  
0.022
-0.0224652 0.0205924  
0.023
-0.0235097 0.0214572  
0.024
-0.0245562 0.0223157  
0.025
-0.0256049 0.0231679  
0.026
-0.0266555 0.0240137  
0.027
-0.0277083 0.0248532  
0.028
-0.0287631 0.0256863  
0.029
-0.0298199 0.0265131  
0.03
-0.0308789 0.0273334  
0.031
-0.0319399 0.0281474  
0.032
-0.033003 0.028955  
0.033
-0.0340681 0.0297561  
0.034
-0.0351354 0.0305508  
0.035
-0.0362047 0.0313391  
0.036
-0.0372761 0.0321209  
0.037
-0.0383497 0.0328962  
0.038
-0.0394253 0.033665  
0.039
-0.040503 0.0344273  
0.04
-0.0415828 0.0351831  
0.041
-0.0426647 0.0359324  
0.042
-0.0437488 0.0366751  
0.043
-0.0448349 0.0374113  
0.044
-0.0459232 0.0381409  
0.045
-0.0470136 0.0388639  
0.046
-0.0481061 0.0395803  
0.047
-0.0492008 0.0402901  
0.048
-0.0502975 0.0409933  
0.049
-0.0513965 0.0416898  
0.05
-0.0524975 0.0423797  
0.051
-0.0536007 0.0430629  
0.052
-0.0547061 0.0437394  
0.053
-0.0558136 0.0444093  
0.054
-0.0569232 0.0450724  
0.055
-0.058035 0.0457289  
0.056
-0.059149 0.0463786  
0.057
-0.0602652 0.0470215  
0.058
-0.0613835 0.0476577  
0.059
-0.062504 0.0482871  
0.06
-0.0636266 0.0489098  
0.061
-0.0647515 0.0495256  
0.062
-0.0658786 0.0501347  
0.063
-0.0670078 0.0507369  
0.064
-0.0681392 0.0513323  
0.065
-0.0692729 0.0519208  
0.066
-0.0704087 0.0525025  
0.067
-0.0715468 0.0530772  
0.068
-0.0726871 0.0536452  
0.069
-0.0738296 0.0542062  
0.07
-0.0749743 0.0547602  
0.071
-0.0761212 0.0553074  
0.072
-0.0772704 0.0558476  
0.073
-0.0784218 0.0563809  
0.074
-0.0795755 0.0569072  
0.075
-0.0807314 0.0574265  
0.076
-0.0818896 0.0579388  
0.077
-0.08305 0.0584441  
0.078
-0.0842127 0.0589424  
0.079
-0.0853776 0.0594336  
0.08
-0.0865449 0.0599178  
0.081
-0.0877144 0.060395  
0.082
-0.0888861 0.060865  
0.083
-0.0900602 0.061328  
0.084
-0.0912366 0.0617839  
0.085
-0.0924152 0.0622326  
0.086
-0.0935962 0.0626743  
0.087
-0.0947795 0.0631088  
0.088
-0.095965 0.0635361  
0.089
-0.0971529 0.0639563  
0.09
-0.0983431 0.0643693  
0.091
-0.0995357 0.0647751  
0.092
-0.100731 0.0651737  
0.093
-0.101928 0.065565  
0.094
-0.103127 0.0659492  
0.095
-0.104329 0.0663261  
0.096
-0.105533 0.0666957  
0.097
-0.10674 0.067058  
0.098
-0.107949 0.0674131  
0.099
-0.10916 0.0677609  
0.1
-0.110374 0.0681013  
0.101
-0.11159 0.0684344  
0.102
-0.112809 0.0687602  
0.103
-0.11403 0.0690786  
0.104
-0.115253 0.0693897  
0.105
-0.116479 0.0696933  
0.106
-0.117707 0.0699896  
0.107
-0.118937 0.0702785  
0.108
-0.12017 0.0705599  
0.109
-0.121406 0.0708339  
0.11
-0.122643 0.0711005  
0.111
-0.123884 0.0713595  
0.112
-0.125126 0.0716111  
0.113
-0.126371 0.0718553  
0.114
-0.127619 0.0720919  
0.115
-0.128869 0.072321  
0.116
-0.130122 0.0725425  
0.117
-0.131376 0.0727565  
0.118
-0.132634 0.072963  
0.119
-0.133894 0.0731618  
0.12
-0.135156 0.0733531  
0.121
-0.136421 0.0735368  
0.122
-0.137689 0.0737129  
0.123
-0.138959 0.0738813  
0.124
-0.140231 0.0740421  
0.125
-0.141506 0.0741952  
0.126
-0.142784 0.0743407  
0.127
-0.144064 0.0744785  
0.128
-0.145346 0.0746085  
0.129
-0.146631 0.0747309  
0.13
-0.147919 0.0748455  
0.131
-0.149209 0.0749524  
0.132
-0.150502 0.0750515  
0.133
-0.151797 0.0751429  
0.134
-0.153095 0.0752264  
0.135
-0.154396 0.0753022  
0.136
-0.155699 0.0753702  
0.137
-0.157005 0.0754303  
0.138
-0.158313 0.0754826  
0.139
-0.159624 0.075527  
0.14
-0.160938 0.0755635  
0.141
-0.162254 0.0755922  
0.142
-0.163572 0.075613  
0.143
-0.164894 0.0756258  
0.144
-0.166218 0.0756307  
0.145
-0.167545 0.0756277  
0.146
-0.168874 0.0756167  
0.147
-0.170206 0.0755978  
0.148
-0.171541 0.0755708  
0.149
-0.172878 0.0755359  
0.15
-0.174218 0.0754929  
0.151
-0.175561 0.0754419  
0.152
-0.176906 0.0753828  
0.153
-0.178255 0.0753157  
0.154
-0.179605 0.0752405  
0.155
-0.180959 0.0751572  
0.156
-0.182315 0.0750658  
0.157
-0.183674 0.0749663  
0.158
-0.185036 0.0748586  
0.159
-0.1864 0.0747428  
0.16
-0.187768 0.0746188  
0.161
-0.189138 0.0744866  
0.162
-0.19051 0.0743463  
0.163
-0.191886 0.0741977  
0.164
-0.193264 0.0740408  
0.165
-0.194645 0.0738758  
0.166
-0.196029 0.0737025  
0.167
-0.197416 0.0735208  
0.168
-0.198805 0.0733309  
0.169
-0.200197 0.0731327  
0.17
-0.201592 0.0729262  
0.171
-0.20299 0.0727113  
0.172
-0.204391 0.0724881  
0.173
-0.205794 0.0722565  
0.174
-0.207201 0.0720165  
0.175
-0.20861 0.0717681  
0.176
-0.210022 0.0715113  
0.177
-0.211437 0.0712461  
0.178
-0.212855 0.0709724  
0.179
-0.214275 0.0706902  
0.18
-0.215699 0.0703996  
0.181
-0.217125 0.0701004  
0.182
-0.218555 0.0697927  
0.183
-0.219987 0.0694765  
0.184
-0.221422 0.0691518  
0.185
-0.22286 0.0688185  
0.186
-0.224301 0.0684766  
0.187
-0.225745 0.0681261  
0.188
-0.227192 0.067767  
0.189
-0.228642 0.0673992  
0.19
-0.230094 0.0670228  
0.191
-0.23155 0.0666378  
0.192
-0.233009 0.066244  
0.193
-0.23447 0.0658416  
0.194
-0.235935 0.0654304  
0.195
-0.237403 0.0650106  
0.196
-0.238873 0.0645819  
0.197
-0.240347 0.0641445  
0.198
-0.241823 0.0636983  
0.199
-0.243303 0.0632433  
0.2
-0.244786 0.0627795  
0.201
-0.246271 0.0623068  
0.202
-0.24776 0.0618253  
0.203
-0.249252 0.0613349  
0.204
-0.250746 0.0608357  
0.205
-0.252244 0.0603275  
0.206
-0.253745 0.0598104  
0.207
-0.255249 0.0592843  
0.208
-0.256756 0.0587493  
0.209
-0.258266 0.0582054  
0.21
-0.259779 0.0576524  
0.211
-0.261295 0.0570904  
0.212
-0.262815 0.0565193  
0.213
-0.264337 0.0559393  
0.214
-0.265863 0.0553501  
0.215
-0.267391 0.0547519  
0.216
-0.268923 0.0541445  
0.217
-0.270458 0.0535281  
0.218
-0.271996 0.0529024  
0.219
-0.273537 0.0522677  
0.22
-0.275082 0.0516237  
0.221
-0.276629 0.0509706  
0.222
-0.27818 0.0503082  
0.223
-0.279733 0.0496366  
0.224
-0.281291 0.0489557  
0.225
-0.282851 0.0482656  
0.226
-0.284414 0.0475661  
0.227
-0.285981 0.0468574  
0.228
-0.28755 0.0461393  
0.229
-0.289123 0.0454119  
0.23
-0.2907 0.0446751  
0.231
-0.292279 0.0439289  
0.232
-0.293862 0.0431733  
0.233
-0.295447 0.0424082  
0.234
-0.297037 0.0416338  
0.235
-0.298629 0.0408498  
0.236
-0.300224 0.0400564  
0.237
-0.301823 0.0392534  
0.238
-0.303425 0.0384409  
0.239
-0.305031 0.0376189  
0.24
-0.306639 0.0367873  
0.241
-0.308251 0.0359461  
0.242
-0.309867 0.0350953  
0.243
-0.311485 0.0342349  
0.244
-0.313107 0.0333648  
0.245
-0.314732 0.032485  
0.246
-0.31636 0.0315956  
0.247
-0.317992 0.0306964  
0.248
-0.319627 0.0297875  
0.249
-0.321266 0.0288689  
0.25
-0.322907 0.0279405  
0.251
-0.324552 0.0270022  
0.252
-0.326201 0.0260542  
0.253
-0.327852 0.0250963  
0.254
-0.329507 0.0241286  
0.255
-0.331166 0.0231509  
0.256
-0.332828 0.0221634  
0.257
-0.334493 0.021166  
0.258
-0.336161 0.0201586  
0.259
-0.337833 0.0191412  
0.26
-0.339509 0.0181138  
0.261
-0.341187 0.0170764  
0.262
-0.342869 0.016029  
0.263
-0.344555 0.0149715  
0.264
-0.346244 0.013904  
0.265
-0.347936 0.0128263  
0.266
-0.349632 0.0117386  
0.267
-0.351331 0.0106406  
0.268
-0.353033 0.00953253  
0.269
-0.354739 0.00841424  
0.27
-0.356449 0.00728574  
0.271
-0.358162 0.00614699  
0.272
-0.359878 0.00499798  
0.273
-0.361598 0.00383869  
0.274
-0.363321 0.00266909  
0.275
-0.365047 0.00148916  
0.276
-0.366778 0.000298872  
0.277
-0.368511 -0.000901794  
0.278
-0.370248 -0.00211286  
0.279
-0.371989 -0.00333435  
0.28
-0.373733 -0.0045663  
0.281
-0.37548 -0.00580871  
0.282
-0.377231 -0.00706163  
0.283
-0.378985 -0.00832506  
0.284
-0.380743 -0.00959904  
0.285
-0.382505 -0.0108836  
0.286
-0.38427 -0.0121787  
0.287
-0.386038 -0.0134845  
0.288
-0.38781 -0.0148009  
0.289
-0.389585 -0.016128  
0.29
-0.391364 -0.0174658  
0.291
-0.393147 -0.0188143  
0.292
-0.394932 -0.0201735  
0.293
-0.396722 -0.0215435  
0.294
-0.398515 -0.0229243  
0.295
-0.400311 -0.0243159  
0.296
-0.402111 -0.0257184  
0.297
-0.403915 -0.0271317  
0.298
-0.405722 -0.0285559  
0.299
-0.407533 -0.0299911  
0.3
-0.409347 -0.0314372  
0.301
-0.411165 -0.0328942  
0.302
-0.412986 -0.0343623  
0.303
-0.414811 -0.0358414  
0.304
-0.416639 -0.0373315  
0.305
-0.418471 -0.0388328  
0.306
-0.420306 -0.0403451  
0.307
-0.422145 -0.0418686  
0.308
-0.423988 -0.0434032  
0.309
-0.425834 -0.044949  
0.31
-0.427684 -0.046506  
0.311
-0.429537 -0.0480743  
0.312
-0.431394 -0.0496538  
0.313
-0.433254 -0.0512447  
0.314
-0.435118 -0.0528468  
0.315
-0.436985 -0.0544603  
0.316
-0.438856 -0.0560852  
0.317
-0.440731 -0.0577215  
0.318
-0.442609 -0.0593692  
0.319
-0.444491 -0.0610284  
0.32
-0.446376 -0.062699  
0.321
-0.448265 -0.0643812  
0.322
-0.450157 -0.0660749  
0.323
-0.452053 -0.0677803  
0.324
-0.453952 -0.0694972  
0.325
-0.455856 -0.0712257  
0.326
-0.457762 -0.0729659  
0.327
-0.459672 -0.0747178  
0.328
-0.461586 -0.0764814  
0.329
-0.463503 -0.0782568  
0.33
-0.465424 -0.0800439  
0.331
-0.467349 -0.0818429  
0.332
-0.469277 -0.0836537  
0.333
-0.471208 -0.0854763  
0.334
-0.473143 -0.0873109  
0.335
-0.475082 -0.0891574  
0.336
-0.477024 -0.0910158  
0.337
-0.47897 -0.0928863  
0.338
-0.480919 -0.0947687  
0.339
-0.482872 -0.0966632  
0.34
-0.484829 -0.0985698  
0.341
-0.486789 -0.100488  
0.342
-0.488752 -0.102419  
0.343
-0.490719 -0.104362  
0.344
-0.49269 -0.106318  
0.345
-0.494664 -0.108285  
0.346
-0.496641 -0.110265  
0.347
-0.498622 -0.112257  
0.348
-0.500607 -0.114261  
0.349
-0.502595 -0.116278  
0.35
-0.504587 -0.118307  
0.351
-0.506582 -0.120348  
0.352
-0.508581 -0.122402  
0.353
-0.510583 -0.124469  
0.354
-0.512589 -0.126548  
0.355
-0.514598 -0.128639  
0.356
-0.51661 -0.130743  
0.357
-0.518627 -0.13286  
0.358
-0.520646 -0.13499  
0.359
-0.522669 -0.137132  
0.36
-0.524696 -0.139287  
0.361
-0.526726 -0.141454  
0.362
-0.528759 -0.143634  
0.363
-0.530796 -0.145828  
0.364
-0.532836 -0.148034  
0.365
-0.53488 -0.150253  
0.366
-0.536927 -0.152484  
0.367
-0.538978 -0.154729  
0.368
-0.541032 -0.156987  
0.369
-0.543089 -0.159258  
0.37
-0.54515 -0.161542  
0.371
-0.547214 -0.163839  
0.372
-0.549282 -0.166149  
0.373
-0.551353 -0.168472  
0.374
-0.553427 -0.170809  
0.375
-0.555505 -0.173158  
0.376
-0.557586 -0.175522  
0.377
-0.55967 -0.177898  
0.378
-0.561758 -0.180288  
0.379
-0.563849 -0.182691  
0.38
-0.565943 -0.185107  
0.381
-0.568041 -0.187537  
0.382
-0.570142 -0.18998  
0.383
-0.572246 -0.192437  
0.384
-0.574354 -0.194908  
0.385
-0.576464 -0.197392  
0.386
-0.578578 -0.19989  
0.387
-0.580695 -0.202401  
0.388
-0.582816 -0.204926  
0.389
-0.58494 -0.207465  
0.39
-0.587066 -0.210018  
0.391
-0.589196 -0.212584  
0.392
-0.59133 -0.215165  
0.393
-0.593466 -0.217759  
0.394
-0.595605 -0.220367  
0.395
-0.597748 -0.222989  
0.396
-0.599894 -0.225626  
0.397
-0.602043 -0.228276  
0.398
-0.604195 -0.23094  
0.399
-0.60635 -0.233619  
0.4
-0.608508 -0.236311  
0.401
-0.610669 -0.239018  
0.402
-0.612833 -0.241739  
0.403
-0.615001 -0.244475  
0.404
-0.617171 -0.247225  
0.405
-0.619344 -0.249989  
0.406
-0.62152 -0.252767  
0.407
-0.623699 -0.25556  
0.408
-0.625881 -0.258368  
0.409
-0.628066 -0.26119  
0.41
-0.630254 -0.264027  
0.411
-0.632445 -0.266878  
0.412
-0.634639 -0.269744  
0.413
-0.636835 -0.272624  
0.414
-0.639035 -0.27552  
0.415
-0.641237 -0.27843  
0.416
-0.643442 -0.281355  
0.417
-0.64565 -0.284294  
0.418
-0.64786 -0.287249  
0.419
-0.650073 -0.290219  
0.42
-0.652289 -0.293204  
0.421
-0.654508 -0.296203  
0.422
-0.656729 -0.299218  
0.423
-0.658953 -0.302248  
0.424
-0.66118 -0.305293  
0.425
-0.663409 -0.308353  
0.426
-0.66564 -0.311429  
0.427
-0.667875 -0.31452  
0.428
-0.670112 -0.317626  
0.429
-0.672351 -0.320747  
0.43
-0.674593 -0.323884  
0.431
-0.676837 -0.327037  
0.432
-0.679084 -0.330205  
0.433
-0.681333 -0.333388  
0.434
-0.683584 -0.336587  
0.435
-0.685838 -0.339802  
0.436
-0.688094 -0.343033  
0.437
-0.690353 -0.346279  
0.438
-0.692614 -0.349541  
0.439
-0.694877 -0.352819  
0.44
-0.697142 -0.356113  
0.441
-0.69941 -0.359422  
0.442
-0.701679 -0.362748  
0.443
-0.703951 -0.36609  
0.444
-0.706225 -0.369447  
0.445
-0.708501 -0.372821  
0.446
-0.710779 -0.376211  
0.447
-0.713059 -0.379617  
0.448
-0.715341 -0.38304  
0.449
-0.717625 -0.386479  
0.45
-0.719911 -0.389934  
0.451
-0.722198 -0.393405  
0.452
-0.724488 -0.396893  
0.453
-0.72678 -0.400398  
0.454
-0.729073 -0.403919  
0.455
-0.731368 -0.407456  
0.456
-0.733664 -0.41101  
0.457
-0.735963 -0.414581  
0.458
-0.738263 -0.418169  
0.459
-0.740565 -0.421773  
0.46
-0.742868 -0.425395  
0.461
-0.745173 -0.429033  
0.462
-0.747479 -0.432688  
0.463
-0.749787 -0.43636  
0.464
-0.752096 -0.440049  
0.465
-0.754406 -0.443755  
0.466
-0.756718 -0.447479  
0.467
-0.759031 -0.451219  
0.468
-0.761346 -0.454977  
0.469
-0.763662 -0.458752  
0.47
-0.765978 -0.462545  
0.471
-0.768296 -0.466354  
0.472
-0.770616 -0.470182  
0.473
-0.772936 -0.474026  
0.474
-0.775257 -0.477889  
0.475
-0.777579 -0.481769  
0.476
-0.779902 -0.485666  
0.477
-0.782226 -0.489582  
0.478
-0.784551 -0.493515  
0.479
-0.786876 -0.497465  
0.48
-0.789203 -0.501434  
0.481
-0.79153 -0.505421  
0.482
-0.793857 -0.509425  
0.483
-0.796185 -0.513448  
0.484
-0.798514 -0.517489  
0.485
-0.800843 -0.521548  
0.486
-0.803173 -0.525625  
0.487
-0.805503 -0.52972  
0.488
-0.807833 -0.533834  
0.489
-0.810164 -0.537966  
0.49
-0.812495 -0.542116  
0.491
-0.814826 -0.546285  
0.492
-0.817157 -0.550472  
0.493
-0.819489 -0.554678  
0.494
-0.82182 -0.558903  
0.495
-0.824151 -0.563146  
0.496
-0.826482 -0.567408  
0.497
-0.828813 -0.571689  
0.498
-0.831144 -0.575989  
0.499
-0.833475 -0.580307  
0.5
-0.835805 -0.584645  
0.501
-0.838135 -0.589002  
0.502
-0.840464 -0.593377  
0.503
-0.842793 -0.597772  
0.504
-0.845121 -0.602186  
0.505
-0.847449 -0.60662  
0.506
-0.849776 -0.611072  
0.507
-0.852102 -0.615545  
0.508
-0.854427 -0.620036  
0.509
-0.856752 -0.624547  
0.51
-0.859075 -0.629078  
0.511
-0.861397 -0.633628  
0.512
-0.863719 -0.638198  
0.513
-0.866039 -0.642787  
0.514
-0.868358 -0.647397  
0.515
-0.870675 -0.652026  
0.516
-0.872992 -0.656675  
0.517
-0.875306 -0.661344  
0.518
-0.87762 -0.666034  
0.519
-0.879931 -0.670743  
0.52
-0.882241 -0.675472  
0.521
-0.884549 -0.680222  
0.522
-0.886856 -0.684992  
0.523
-0.88916 -0.689782  
0.524
-0.891463 -0.694593  
0.525
-0.893763 -0.699424  
0.526
-0.896062 -0.704276  
0.527
-0.898358 -0.709149  
0.528
-0.900652 -0.714042  
0.529
-0.902943 -0.718955  
0.53
-0.905232 -0.72389  
0.531
-0.907518 -0.728845  
0.532
-0.909802 -0.733822  
0.533
-0.912083 -0.738819  
0.534
-0.914362 -0.743837  
0.535
-0.916637 -0.748877  
0.536
-0.91891 -0.753937  
0.537
-0.921179 -0.759019  
0.538
-0.923445 -0.764122  
0.539
-0.925708 -0.769247  
0.54
-0.927968 -0.774393  
0.541
-0.930224 -0.779561  
0.542
-0.932477 -0.78475  
0.543
-0.934726 -0.78996  
0.544
-0.936971 -0.795193  
0.545
-0.939213 -0.800447  
0.546
-0.941451 -0.805723  
0.547
-0.943684 -0.811021  
0.548
-0.945914 -0.816341  
0.549
-0.94814 -0.821682  
0.55
-0.950361 -0.827046  
0.551
-0.952577 -0.832433  
0.552
-0.95479 -0.837841  
0.553
-0.956997 -0.843272  
0.554
-0.9592 -0.848725  
0.555
-0.961398 -0.8542  
0.556
-0.963591 -0.859698  
0.557
-0.965779 -0.865219  
0.558
-0.967962 -0.870762  
0.559
-0.97014 -0.876328  
0.56
-0.972312 -0.881917  
0.561
-0.974479 -0.887529  
0.562
-0.97664 -0.893163  
0.563
-0.978796 -0.898821  
0.564
-0.980946 -0.904502  
0.565
-0.983089 -0.910205  
0.566
-0.985227 -0.915932  
0.567
-0.987359 -0.921683  
0.568
-0.989484 -0.927456  
0.569
-0.991603 -0.933253  
0.57
-0.993715 -0.939074  
0.571
-0.99582 -0.944918  
0.572
-0.997919 -0.950786  
0.573
-1.00001 -0.956677  
0.574
-1.0021 -0.962593  
0.575
-1.00417 -0.968532  
0.576
-1.00624 -0.974495  
0.577
-1.00831 -0.980482  
0.578
-1.01036 -0.986493  
0.579
-1.01241 -0.992529  
0.58
-1.01445 -0.998588  
0.581
-1.01648 -1.00467  
0.582
-1.0185 -1.01078  
0.583
-1.02052 -1.01691  
0.584
-1.02253 -1.02307  
0.585
-1.02453 -1.02925  
0.586
-1.02651 -1.03546  
0.587
-1.0285 -1.04169  
0.588
-1.03047 -1.04795  
0.589
-1.03243 -1.05423  
0.59
-1.03438 -1.06053  
0.591
-1.03633 -1.06686  
0.592
-1.03826 -1.07322  
0.593
-1.04019 -1.0796  
0.594
-1.0421 -1.08601  
0.595
-1.04401 -1.09244  
0.596
-1.0459 -1.0989  
0.597
-1.04779 -1.10538  
0.598
-1.04966 -1.11189  
0.599
-1.05152 -1.11842  
0.6
-1.05337 -1.12498  
0.601
-1.05522 -1.13157  
0.602
-1.05705 -1.13818  
0.603
-1.05886 -1.14482  
0.604
-1.06067 -1.15148  
0.605
-1.06247 -1.15817  
0.606
-1.06425 -1.16489  
0.607
-1.06602 -1.17163  
0.608
-1.06778 -1.1784  
0.609
-1.06953 -1.1852  
0.61
-1.07126 -1.19202  
0.611
-1.07298 -1.19887  
0.612
-1.07469 -1.20574  
0.613
-1.07639 -1.21264  
0.614
-1.07807 -1.21957  
0.615
-1.07974 -1.22653  
0.616
-1.08139 -1.23351  
0.617
-1.08304 -1.24052  
0.618
-1.08466 -1.24756  
0.619
-1.08628 -1.25462  
0.62
-1.08787 -1.26171  
0.621
-1.08946 -1.26883  
0.622
-1.09103 -1.27598  
0.623
-1.09258 -1.28315  
0.624
-1.09412 -1.29036  
0.625
-1.09564 -1.29759  
0.626
-1.09715 -1.30484  
0.627
-1.09864 -1.31213  
0.628
-1.10012 -1.31944  
0.629
-1.10158 -1.32678  
0.63
-1.10302 -1.33415  
0.631
-1.10445 -1.34155  
0.632
-1.10586 -1.34898  
0.633
-1.10725 -1.35643  
0.634
-1.10862 -1.36392  
0.635
-1.10998 -1.37143  
0.636
-1.11132 -1.37897  
0.637
-1.11264 -1.38654  
0.638
-1.11394 -1.39414  
0.639
-1.11523 -1.40176  
0.64
-1.11649 -1.40942  
0.641
-1.11774 -1.41711  
0.642
-1.11897 -1.42482  
0.643
-1.12017 -1.43256  
0.644
-1.12136 -1.44034  
0.645
-1.12253 -1.44814  
0.646
-1.12368 -1.45597  
0.647
-1.1248 -1.46383  
0.648
-1.12591 -1.47173  
0.649
-1.127 -1.47965  
0.65
-1.12806 -1.4876  
0.651
-1.12911 -1.49558  
0.652
-1.13013 -1.50359  
0.653
-1.13113 -1.51163  
0.654
-1.1321 -1.5197  
0.655
-1.13306 -1.52781  
0.656
-1.13399 -1.53594  
0.657
-1.1349 -1.5441  
0.658
-1.13578 -1.5523  
0.659
-1.13665 -1.56052  
0.66
-1.13748 -1.56878  
0.661
-1.1383 -1.57706  
0.662
-1.13909 -1.58538  
0.663
-1.13985 -1.59373  
0.664
-1.14059 -1.60211  
0.665
-1.14131 -1.61052  
0.666
-1.142 -1.61896  
0.667
-1.14266 -1.62743  
0.668
-1.1433 -1.63593  
0.669
-1.14391 -1.64447  
0.67
-1.14449 -1.65304  
0.671
-1.14505 -1.66164  
0.672
-1.14557 -1.67027  
0.673
-1.14608 -1.67893  
0.674
-1.14655 -1.68763  
0.675
-1.14699 -1.69636  
0.676
-1.14741 -1.70511  
0.677
-1.1478 -1.71391  
0.678
-1.14816 -1.72273  
0.679
-1.14848 -1.73159  
0.68
-1.14878 -1.74048  
0.681
-1.14905 -1.7494  
0.682
-1.14929 -1.75835  
0.683
-1.1495 -1.76734  
0.684
-1.14967 -1.77636  
0.685
-1.14982 -1.78542  
0.686
-1.14993 -1.7945  
0.687
-1.15001 -1.80362  
0.688
-1.15005 -1.81277  
0.689
-1.15007 -1.82196  
0.69
-1.15005 -1.83118  
0.691
-1.15 -1.84043  
0.692
-1.14991 -1.84972  
0.693
-1.14979 -1.85904  
0.694
-1.14963 -1.8684  
0.695
-1.14944 -1.87779  
0.696
-1.14921 -1.88721  
0.697
-1.14895 -1.89667  
0.698
-1.14865 -1.90616  
0.699
-1.14831 -1.91568  
0.7
-1.14794 -1.92524  
0.701
-1.14753 -1.93484  
0.702
-1.14708 -1.94446  
0.703
-1.14659 -1.95413  
0.704
-1.14607 -1.96383  
0.705
-1.1455 -1.97356  
0.706
-1.1449 -1.98333  
0.707
-1.14426 -1.99313  
0.708
-1.14357 -2.00297  
0.709
-1.14285 -2.01284  
0.71
-1.14208 -2.02275  
0.711
-1.14127 -2.03269  
0.712
-1.14042 -2.04267  
0.713
-1.13953 -2.05269  
0.714
-1.1386 -2.06274  
0.715
-1.13762 -2.07283  
0.716
-1.1366 -2.08295  
0.717
-1.13553 -2.09311  
0.718
-1.13442 -2.1033  
0.719
-1.13327 -2.11353  
0.72
-1.13207 -2.1238  
0.721
-1.13082 -2.1341  
0.722
-1.12953 -2.14444  
0.723
-1.12819 -2.15482  
0.724
-1.1268 -2.16523  
0.725
-1.12537 -2.17568  
0.726
-1.12389 -2.18616  
0.727
-1.12235 -2.19669  
0.728
-1.12077 -2.20725  
0.729
-1.11914 -2.21784  
0.73
-1.11746 -2.22848  
0.731
-1.11573 -2.23915  
0.732
-1.11395 -2.24985  
0.733
-1.11211 -2.2606  
0.734
-1.11023 -2.27138  
0.735
-1.10829 -2.2822  
0.736
-1.1063 -2.29306  
0.737
-1.10425 -2.30396  
0.738
-1.10215 -2.31489  
0.739
-1.1 -2.32586  
0.74
-1.09779 -2.33687  
0.741
-1.09552 -2.34792  
0.742
-1.0932 -2.35901  
0.743
-1.09082 -2.37013  
0.744
-1.08839 -2.38129  
0.745
-1.08589 -2.39249  
0.746
-1.08334 -2.40373  
0.747
-1.08073 -2.41501  
0.748
-1.07806 -2.42633  
0.749
-1.07533 -2.43768  
0.75
-1.07254 -2.44908  
0.751
-1.06968 -2.46051  
0.752
-1.06677 -2.47198  
0.753
-1.06379 -2.48349  
0.754
-1.06075 -2.49504  
0.755
-1.05765 -2.50663  
0.756
-1.05448 -2.51826  
0.757
-1.05125 -2.52993  
0.758
-1.04795 -2.54164  
0.759
-1.04458 -2.55339  
0.76
-1.04115 -2.56518  
0.761
-1.03766 -2.577  
0.762
-1.03409 -2.58887  
0.763
-1.03046 -2.60078  
0.764
-1.02675 -2.61272  
0.765
-1.02298 -2.62471  
0.766
-1.01914 -2.63674  
0.767
-1.01522 -2.6488  
0.768
-1.01124 -2.66091  
0.769
-1.00718 -2.67306  
0.77
-1.00305 -2.68525  
0.771
-0.998845 -2.69748  
0.772
-0.994566 -2.70975  
0.773
-0.990212 -2.72206  
0.774
-0.985783 -2.73441  
0.775
-0.981278 -2.7468  
0.776
-0.976695 -2.75923  
0.777
-0.972035 -2.7717  
0.778
-0.967297 -2.78422  
0.779
-0.96248 -2.79677  
0.78
-0.957583 -2.80937  
0.781
-0.952605 -2.82201  
0.782
-0.947547 -2.83469  
0.783
-0.942407 -2.84741  
0.784
-0.937184 -2.86017  
0.785
-0.931877 -2.87298  
0.786
-0.926487 -2.88582  
0.787
-0.921012 -2.89871  
0.788
-0.915452 -2.91164  
0.789
-0.909805 -2.92461  
0.79
-0.904071 -2.93762  
0.791
-0.89825 -2.95067  
0.792
-0.89234 -2.96377  
0.793
-0.886341 -2.97691  
0.794
-0.880251 -2.99009  
0.795
-0.874071 -3.00331  
0.796
-0.8678 -3.01657  
0.797
-0.861435 -3.02988  
0.798
-0.854978 -3.04323  
0.799
-0.848427 -3.05662  
0.8
-0.841781 -3.07005  
0.801
-0.835039 -3.08353  
0.802
-0.828201 -3.09705  
0.803
-0.821266 -3.11061  
0.804
-0.814232 -3.12421  
0.805
-0.8071 -3.13786  
0.806
-0.799868 -3.15155  
0.807
-0.792536 -3.16528  
0.808
-0.785102 -3.17905  
0.809
-0.777566 -3.19287  
0.81
-0.769926 -3.20673  
0.811
-0.762183 -3.22063  
0.812
-0.754335 -3.23458  
0.813
-0.746381 -3.24857  
0.814
-0.738321 -3.2626  
0.815
-0.730153 -3.27667  
0.816
-0.721877 -3.29079  
0.817
-0.713491 -3.30495  
0.818
-0.704995 -3.31915  
0.819
-0.696388 -3.3334  
0.82
-0.68767 -3.34769  
0.821
-0.678838 -3.36202  
0.822
-0.669892 -3.3764  
0.823
-0.660832 -3.39082  
0.824
-0.651656 -3.40528  
0.825
-0.642364 -3.41979  
0.826
-0.632953 -3.43434  
0.827
-0.623425 -3.44893  
0.828
-0.613776 -3.46356  
0.829
-0.604008 -3.47824  
0.83
-0.594117 -3.49297  
0.831
-0.584105 -3.50773  
0.832
-0.573969 -3.52254  
0.833
-0.563709 -3.53739  
0.834
-0.553323 -3.55229  
0.835
-0.542811 -3.56723  
0.836
-0.532171 -3.58221  
0.837
-0.521403 -3.59723  
0.838
-0.510506 -3.6123  
0.839
-0.499478 -3.62741  
0.84
-0.488319 -3.64257  
0.841
-0.477028 -3.65777  
0.842
-0.465602 -3.67301  
0.843
-0.454043 -3.68829  
0.844
-0.442347 -3.70362  
0.845
-0.430515 -3.71899  
0.846
-0.418545 -3.73441  
0.847
-0.406436 -3.74986  
0.848
-0.394188 -3.76536  
0.849
-0.381798 -3.78091  
0.85
-0.369267 -3.79649  
0.851
-0.356592 -3.81212  
0.852
-0.343773 -3.82779  
0.853
-0.330808 -3.84351  
0.854
-0.317697 -3.85926  
0.855
-0.304439 -3.87506  
0.856
-0.291032 -3.89091  
0.857
-0.277474 -3.90679  
0.858
-0.263766 -3.92272  
0.859
-0.249906 -3.93869  
0.86
-0.235893 -3.9547  
0.861
-0.221725 -3.97076  
0.862
-0.207401 -3.98686  
0.863
-0.192921 -4.003  
0.864
-0.178283 -4.01918  
0.865
-0.163486 -4.0354  
0.866
-0.148528 -4.05167  
0.867
-0.133409 -4.06797  
0.868
-0.118128 -4.08432  
0.869
-0.102682 -4.10071  
0.87
-0.0870719 -4.11714  
0.871
-0.0712952 -4.13362  
0.872
-0.055351 -4.15013  
0.873
-0.0392381 -4.16669  
0.874
-0.0229553 -4.18328  
0.875
-0.00650129 -4.19992  
0.876
0.010125 -4.2166  
0.877
0.026925 -4.23332  
0.878
0.0438999 -4.25008  
0.879
0.0610508 -4.26688  
0.88
0.0783792 -4.28372  
0.881
0.0958862 -4.3006  
0.882
0.113573 -4.31752  
0.883
0.131441 -4.33448  
0.884
0.149492 -4.35148  
0.885
0.167726 -4.36852  
0.886
0.186146 -4.38559  
0.887
0.204751 -4.40271  
0.888
0.223545 -4.41986  
0.889
0.242527 -4.43706  
0.89
0.261699 -4.45429  
0.891
0.281064 -4.47156  
0.892
0.300621 -4.48887  
0.893
0.320372 -4.50622  
0.894
0.340318 -4.5236  
0.895
0.360462 -4.54102  
0.896
0.380804 -4.55848  
0.897
0.401345 -4.57597  
0.898
0.422087 -4.59351  
0.899
0.443032 -4.61107  
0.9
0.46418 -4.62868  
0.901
0.485533 -4.64632  
0.902
0.507092 -4.66399  
0.903
0.528859 -4.6817  
0.904
0.550835 -4.69945  
0.905
0.573022 -4.71723  
0.906
0.59542 -4.73504  
0.907
0.618032 -4.75289  
0.908
0.640858 -4.77077  
0.909
0.6639 -4.78869  
0.91
0.687159 -4.80663  
0.911
0.710637 -4.82461  
0.912
0.734335 -4.84263  
0.913
0.758255 -4.86067  
0.914
0.782397 -4.87875  
0.915
0.806764 -4.89686  
0.916
0.831357 -4.915  
0.917
0.856177 -4.93317  
0.918
0.881226 -4.95136  
0.919
0.906504 -4.96959  
0.92
0.932014 -4.98785  
0.921
0.957757 -5.00614  
0.922
0.983733 -5.02445  
0.923
1.00995 -5.04279  
0.924
1.0364 -5.06116  
0.925
1.06308 -5.07956  
0.926
1.09001 -5.09799  
0.927
1.11718 -5.11643  
0.928
1.14459 -5.13491  
0.929
1.17225 -5.15341  
0.93
1.20015 -5.17193  
0.931
1.2283 -5.19048  
0.932
1.2567 -5.20905  
0.933
1.28535 -5.22765  
0.934
1.31425 -5.24626  
0.935
1.3434 -5.2649  
0.936
1.3728 -5.28356  
0.937
1.40247 -5.30224  
0.938
1.43238 -5.32094  
0.939
1.46256 -5.33966  
0.94
1.493 -5.35839  
0.941
1.5237 -5.37715  
0.942
1.55466 -5.39592  
0.943
1.58588 -5.41471  
0.944
1.61737 -5.43351  
0.945
1.64913 -5.45233  
0.946
1.68116 -5.47116  
0.947
1.71345 -5.49001  
0.948
1.74602 -5.50887  
0.949
1.77886 -5.52774  
0.95
1.81197 -5.54662  
0.951
1.84536 -5.56552  
0.952
1.87903 -5.58442  
0.953
1.91297 -5.60333  
0.954
1.9472 -5.62225  
0.955
1.9817 -5.64118  
0.956
2.01649 -5.66011  
0.957
2.05156 -5.67905  
0.958
2.08691 -5.69799  
0.959
2.12255 -5.71693  
0.96
2.15848 -5.73588  
0.961
2.1947 -5.75483  
0.962
2.2312 -5.77378  
0.963
2.268 -5.79273  
0.964
2.3051 -5.81168  
0.965
2.34248 -5.83062  
0.966
2.38016 -5.84956  
0.967
2.41814 -5.8685  
0.968
2.45642 -5.88743  
0.969
2.49499 -5.90636  
0.97
2.53387 -5.92527  
0.971
2.57304 -5.94418  
0.972
2.61252 -5.96307  
0.973
2.6523 -5.98195  
0.974
2.69239 -6.00082  
0.975
2.73279 -6.01968  
0.976
2.77349 -6.03852  
0.977
2.8145 -6.05734  
0.978
2.85582 -6.07615  
0.979
2.89745 -6.09493  
0.98
2.93939 -6.11369  
0.981
2.98165 -6.13244  
0.982
3.02422 -6.15115  
0.983
3.06711 -6.16984  
0.984
3.11031 -6.18851  
0.985
3.15383 -6.20714  
0.986
3.19766 -6.22575  
0.987
3.24182 -6.24432  
0.988
3.28629 -6.26286  
0.989
3.33109 -6.28137  
0.99
3.37621 -6.29984  
0.991
3.42165 -6.31827  
0.992
3.46741 -6.33666  
0.993
3.5135 -6.35501  
0.994
3.55991 -6.37331  
0.995
3.60665 -6.39157  
0.996
3.65372 -6.40979  
0.997
3.70111 -6.42795  
0.998
3.74883 -6.44606  
0.999
3.79688 -6.46412  
1
3.84526 -6.48212  
1.001
3.89397 -6.50007  
1.002
3.943 -6.51796  
1.003
3.99237 -6.53578  
1.004
4.04208 -6.55355  
1.005
4.09211 -6.57124  
1.006
4.14247 -6.58887  
1.007
4.19317 -6.60643  
1.008
4.2442 -6.62391  
1.009
4.29557 -6.64133  
1.01
4.34727 -6.65866  
1.011
4.3993 -6.67591  
1.012
4.45167 -6.69309  
1.013
4.50437 -6.71017  
1.014
4.5574 -6.72717  
1.015
4.61077 -6.74408  
1.016
4.66448 -6.7609  
1.017
4.71851 -6.77762  
1.018
4.77289 -6.79425  
1.019
4.82759 -6.81077  
1.02
4.88264 -6.82719  
1.021
4.93801 -6.84351  
1.022
4.99372 -6.85972  
1.023
5.04977 -6.87581  
1.024
5.10614 -6.89179  
1.025
5.16285 -6.90765  
1.026
5.21989 -6.92339  
1.027
5.27726 -6.939  
1.028
5.33497 -6.95449  
1.029
5.393 -6.96984  
1.03
5.45137 -6.98506  
1.031
5.51006 -7.00014  
1.032
5.56908 -7.01509  
1.033
5.62843 -7.02988  
1.034
5.68811 -7.04453  
1.035
5.74811 -7.05903  
1.036
5.80844 -7.07337  
1.037
5.86909 -7.08755  
1.038
5.93006 -7.10157  
1.039
5.99135 -7.11542  
1.04
6.05296 -7.1291  
1.041
6.11489 -7.14261  
1.042
6.17714 -7.15594  
1.043
6.2397 -7.16908  
1.044
6.30258 -7.18204  
1.045
6.36576 -7.1948  
1.046
6.42926 -7.20738  
1.047
6.49307 -7.21975  
1.048
6.55718 -7.23191  
1.049
6.62159 -7.24387  
1.05
6.68631 -7.25561  
1.051
6.75132 -7.26714  
1.052
6.81664 -7.27844  
1.053
6.88225 -7.28952  
1.054
6.94815 -7.30036  
1.055
7.01434 -7.31097  
1.056
7.08082 -7.32133  
1.057
7.14758 -7.33145  
1.058
7.21463 -7.34132  
1.059
7.28195 -7.35092  
1.06
7.34955 -7.36027  
1.061
7.41743 -7.36934  
1.062
7.48557 -7.37815  
1.063
7.55398 -7.38667  
1.064
7.62265 -7.39491  
1.065
7.69158 -7.40286  
1.066
7.76076 -7.41051  
1.067
7.8302 -7.41786  
1.068
7.89988 -7.4249  
1.069
7.96981 -7.43163  
1.07
8.03998 -7.43804  
1.071
8.11039 -7.44413  
1.072
8.18102 -7.44988  
1.073
8.25188 -7.4553  
1.074
8.32297 -7.46037  
1.075
8.39427 -7.46509  
1.076
8.46579 -7.46945  
1.077
8.53751 -7.47345  
1.078
8.60944 -7.47707  
1.079
8.68157 -7.48032  
1.08
8.75388 -7.48319  
1.081
8.82639 -7.48566  
1.082
8.89908 -7.48774  
1.083
8.97194 -7.48941  
1.084
9.04498 -7.49067  
1.085
9.11818 -7.49151  
1.086
9.19154 -7.49193  
1.087
9.26505 -7.49191  
1.088
9.33871 -7.49144  
1.089
9.41251 -7.49053  
1.09
9.48644 -7.48917  
1.091
9.5605 -7.48734  
1.092
9.63468 -7.48503  
1.093
9.70898 -7.48225  
1.094
9.78338 -7.47898  
1.095
9.85788 -7.47522  
1.096
9.93248 -7.47095  
1.097
10.0072 -7.46617  
1.098
10.0819 -7.46087  
1.099
10.1567 -7.45504  
1.1
10.2316 -7.44868  
1.101
10.3066 -7.44177  
1.102
10.3816 -7.43431  
1.103
10.4566 -7.42629  
1.104
10.5317 -7.4177  
1.105
10.6068 -7.40853  
1.106
10.6819 -7.39878  
1.107
10.757 -7.38843  
1.108
10.8321 -7.37748  
1.109
10.9072 -7.36591  
1.11
10.9822 -7.35373  
1.111
11.0573 -7.34091  
1.112
11.1323 -7.32746  
1.113
11.2072 -7.31335  
1.114
11.2821 -7.2986  
1.115
11.357 -7.28317  
1.116
11.4317 -7.26708  
1.117
11.5064 -7.2503  
1.118
11.581 -7.23282  
1.119
11.6554 -7.21465  
1.12
11.7298 -7.19577  
1.121
11.804 -7.17617  
1.122
11.8782 -7.15584  
1.123
11.9521 -7.13478  
1.124
12.0259 -7.11297  
1.125
12.0996 -7.09041  
1.126
12.173 -7.06709  
1.127
12.2463 -7.04299  
1.128
12.3194 -7.01812  
1.129
12.3923 -6.99246  
1.13
12.465 -6.966  
1.131
12.5375 -6.93873  
1.132
12.6097 -6.91065  
1.133
12.6817 -6.88175  
1.134
12.7534 -6.85202  
1.135
12.8248 -6.82145  
1.136
12.896 -6.79004  
1.137
12.9669 -6.75776  
1.138
13.0375 -6.72463  
1.139
13.1078 -6.69063  
1.14
13.1778 -6.65574  
1.141
13.2474 -6.61997  
1.142
13.3168 -6.58331  
1.143
13.3857 -6.54575  
1.144
13.4544 -6.50729  
1.145
13.5226 -6.4679  
1.146
13.5905 -6.4276  
1.147
13.658 -6.38637  
1.148
13.7251 -6.34421  
1.149
13.7918 -6.30111  
1.15
13.8581 -6.25706  
1.151
13.9239 -6.21207  
1.152
13.9894 -6.16611  
1.153
14.0544 -6.1192  
1.154
14.1189 -6.07132  
1.155
14.183 -6.02246  
1.156
14.2467 -5.97263  
1.157
14.3098 -5.92183  
1.158
14.3725 -5.87004  
1.159
14.4347 -5.81726  
1.16
14.4964 -5.76349  
1.161
14.5576 -5.70873  
1.162
14.6183 -5.65297  
1.163
14.6785 -5.59622  
1.164
14.7382 -5.53847  
1.165
14.7974 -5.47971  
1.166
14.856 -5.41995  
1.167
14.9141 -5.35919  
1.168
14.9716 -5.29743  
1.169
15.0286 -5.23466  
1.17
15.0851 -5.17089  
1.171
15.141 -5.10612  
1.172
15.1963 -5.04035  
1.173
15.2511 -4.97358  
1.174
15.3054 -4.9058  
1.175
15.3591 -4.83704  
1.176
15.4122 -4.76728  
1.177
15.4647 -4.69654  
1.178
15.5167 -4.6248  
1.179
15.5681 -4.55209  
1.18
15.619 -4.47841  
1.181
15.6693 -4.40375  
1.182
15.719 -4.32813  
1.183
15.7682 -4.25154  
1.184
15.8168 -4.17401  
1.185
15.8649 -4.09553  
1.186
15.9124 -4.01612  
1.187
15.9593 -3.93577  
1.188
16.0057 -3.85451  
1.189
16.0516 -3.77233  
1.19
16.0969 -3.68925  
1.191
16.1417 -3.60528  
1.192
16.186 -3.52043  
1.193
16.2298 -3.4347  
1.194
16.273 -3.34812  
1.195
16.3158 -3.26069  
1.196
16.3581 -3.17243  
1.197
16.3998 -3.08335  
1.198
16.4411 -2.99345  
1.199
16.482 -2.90277  
1.2
16.5224 -2.8113  
1.201
16.5623 -2.71907  
1.202
16.6018 -2.62609  
1.203
16.6409 -2.53238  
1.204
16.6796 -2.43794  
1.205
16.7179 -2.34281  
1.206
16.7559 -2.24699  
1.207
16.7934 -2.1505  
1.208
16.8306 -2.05337  
1.209
16.8675 -1.9556  
1.21
16.9041 -1.85722  
1.211
16.9403 -1.75825  
1.212
16.9763 -1.65869  
1.213
17.012 -1.55859  
1.214
17.0475 -1.45795  
1.215
17.0827 -1.35679  
1.216
17.1177 -1.25513  
1.217
17.1525 -1.153  
1.218
17.1871 -1.05041  
1.219
17.2216 -0.947395  
1.22
17.256 -0.843963  
1.221
17.2902 -0.74014  
1.222
17.3243 -0.635946  
1.223
17.3584 -0.531405  
1.224
17.3924 -0.426537  
1.225
17.4263 -0.321365  
1.226
17.4603 -0.21591  
1.227
17.4942 -0.110195  
1.228
17.5282 -0.00424204  
1.229
17.5623 0.101927  
1.23
17.5964 0.208291  
1.231
17.6307 0.314826  
1.232
17.665 0.421511  
1.233
17.6995 0.528324  
1.234
17.7342 0.635242  
1.235
17.7691 0.742244  
1.236
17.8042 0.849307  
1.237
17.8395 0.956411  
1.238
17.8751 1.06353  
1.239
17.911 1.17065  
1.24
17.9472 1.27775  
1.241
17.9837 1.3848  
1.242
18.0206 1.49178  
1.243
18.0579 1.59868  
1.244
18.0955 1.70547  
1.245
18.1336 1.81214  
1.246
18.1722 1.91866  
1.247
18.2112 2.02501  
1.248
18.2507 2.13117  
1.249
18.2908 2.23714  
1.25
18.3314 2.34288  
1.251
18.3725 2.44838  
1.252
18.4143 2.55362  
1.253
18.4566 2.65858  
1.254
18.4996 2.76325  
1.255
18.5432 2.86761  
1.256
18.5875 2.97165  
1.257
18.6325 3.07534  
1.258
18.6783 3.17868  
1.259
18.7247 3.28165  
1.26
18.7719 3.38423  
1.261
18.8199 3.4864  
1.262
18.8687 3.58817  
1.263
18.9183 3.68951  
1.264
18.9688 3.7904  
1.265
19.0201 3.89085  
1.266
19.0723 3.99083  
1.267
19.1253 4.09034  
1.268
19.1793 4.18936  
1.269
19.2342 4.28788  
1.27
19.2901 4.3859  
1.271
19.3469 4.48341  
1.272
19.4047 4.58039  
1.273
19.4635 4.67684  
1.274
19.5233 4.77275  
1.275
19.5841 4.86811  
1.276
19.646 4.96291  
1.277
19.7089 5.05716  
1.278
19.7729 5.15084  
1.279
19.838 5.24394  
1.28
19.9041 5.33647  
1.281
19.9714 5.42842  
1.282
20.0398 5.51978  
1.283
20.1094 5.61055  
1.284
20.1801 5.70073  
1.285
20.2519 5.79031  
1.286
20.325 5.87929  
1.287
20.3992 5.96768  
1.288
20.4746 6.05546  
1.289
20.5512 6.14264  
1.29
20.6291 6.22921  
1.291
20.7081 6.31519  
1.292
20.7884 6.40055  
1.293
20.87 6.48532  
1.294
20.9528 6.56948  
1.295
21.0368 6.65304  
1.296
21.1222 6.73599  
1.297
21.2088 6.81835  
1.298
21.2967 6.90012  
1.299
21.3859 6.98128  
1.3
21.4764 7.06186  
1.301
21.5682 7.14185  
1.302
21.6614 7.22125  
1.303
21.7558 7.30007  
1.304
21.8516 7.37832  
1.305
21.9488 7.45599  
1.306
22.0473 7.53309  
1.307
22.1471 7.60963  
1.308
22.2483 7.6856  
1.309
22.3509 7.76102  
1.31
22.4548 7.8359  
1.311
22.5601 7.91022  
1.312
22.6668 7.98401  
1.313
22.7749 8.05727  
1.314
22.8844 8.13  
1.315
22.9952 8.20221  
1.316
23.1075 8.2739  
1.317
23.2212 8.34509  
1.318
23.3363 8.41578  
1.319
23.4527 8.48597  
1.32
23.5707 8.55567  
1.321
23.69 8.6249  
1.322
23.8108 8.69365  
1.323
23.933 8.76193  
1.324
24.0566 8.82976  
1.325
24.1817 8.89714  
1.326
24.3082 8.96407  
1.327
24.4362 9.03056  
1.328
24.5656 9.09663  
1.329
24.6965 9.16227  
1.33
24.8288 9.2275  
1.331
24.9626 9.29233  
1.332
25.0979 9.35676  
1.333
25.2347 9.4208  
1.334
25.3729 9.48445  
1.335
25.5126 9.54774  
1.336
25.6538 9.61065  
1.337
25.7964 9.67321  
1.338
25.9406 9.73542  
1.339
26.0863 9.79728  
1.34
26.2334 9.85881  
1.341
26.3821 9.92002  
1.342
26.5322 9.9809  
1.343
26.6839 10.0415  
1.344
26.8371 10.1018  
1.345
26.9918 10.1617  
1.346
27.1481 10.2214  
1.347
27.3059 10.2808  
1.348
27.4652 10.34  
1.349
27.626 10.3988  
1.35
27.7884 10.4575  
1.351
27.9523 10.5158  
1.352
28.1178 10.574  
1.353
28.2849 10.6319  
1.354
28.4535 10.6895  
1.355
28.6237 10.747  
1.356
28.7954 10.8042  
1.357
28.9687 10.8613  
1.358
29.1436 10.9181  
1.359
29.3201 10.9748  
1.36
29.4982 11.0313  
1.361
29.6779 11.0876  
1.362
29.8592 11.1437  
1.363
30.0421 11.1997  
1.364
30.2266 11.2555  
1.365
30.4127 11.3112  
1.366
30.6005 11.3667  
1.367
30.7899 11.4221  
1.368
30.9809 11.4774  
1.369
31.1736 11.5325  
1.37
31.368 11.5876  
1.371
31.564 11.6425  
1.372
31.7617 11.6973  
1.373
31.961 11.7521  
1.374
32.1621 11.8067  
1.375
32.3648 11.8613  
1.376
32.5692 11.9158  
1.377
32.7753 11.9702  
1.378
32.9832 12.0246  
1.379
33.1927 12.0789  
1.38
33.404 12.1332  
1.381
33.617 12.1874  
1.382
33.8318 12.2415  
1.383
34.0483 12.2957  
1.384
34.2666 12.3498  
1.385
34.4866 12.4039  
1.386
34.7085 12.4579  
1.387
34.9321 12.512  
1.388
35.1575 12.566  
1.389
35.3847 12.6201  
1.39
35.6138 12.6741  
1.391
35.8446 12.7282  
1.392
36.0773 12.7822  
1.393
36.3119 12.8363  
1.394
36.5482 12.8904  
1.395
36.7865 12.9445  
1.396
37.0266 12.9987  
1.397
37.2687 13.0529  
1.398
37.5126 13.1071  
1.399
37.7584 13.1614  
1.4
38.0061 13.2157  
1.401
38.2558 13.2701  
1.402
38.5074 13.3245  
1.403
38.761 13.379  
1.404
39.0165 13.4336  
1.405
39.274 13.4882  
1.406
39.5335 13.543  
1.407
39.7949 13.5977  
1.408
40.0584 13.6526  
1.409
40.3239 13.7076  
1.41
40.5915 13.7626  
1.411
40.8611 13.8178  
1.412
41.1327 13.873  
1.413
41.4065 13.9283  
1.414
41.6823 13.9838  
1.415
41.9602 14.0393  
1.416
42.2402 14.095  
1.417
42.5223 14.1508  
1.418
42.8066 14.2066  
1.419
43.0931 14.2627  
1.42
43.3817 14.3188  
1.421
43.6725 14.375  
1.422
43.9655 14.4314  
1.423
44.2607 14.488  
1.424
44.5581 14.5446  
1.425
44.8577 14.6014  
1.426
45.1597 14.6584  
1.427
45.4639 14.7155  
1.428
45.7703 14.7727  
1.429
46.0791 14.8301  
1.43
46.3902 14.8876  
1.431
46.7036 14.9453  
1.432
47.0194 15.0032  
1.433
47.3375 15.0612  
1.434
47.658 15.1194  
1.435
47.9809 15.1778  
1.436
48.3063 15.2363  
1.437
48.634 15.295  
1.438
48.9642 15.3538  
1.439
49.2969 15.4129  
1.44
49.6321 15.4721  
1.441
49.9697 15.5315  
1.442
50.3099 15.5911  
1.443
50.6526 15.6509  
1.444
50.9978 15.7108  
1.445
51.3457 15.771  
1.446
51.6961 15.8314  
1.447
52.0491 15.8919  
1.448
52.4047 15.9526  
1.449
52.763 16.0136  
1.45
53.124 16.0747  
1.451
53.4876 16.1361  
1.452
53.854 16.1976  
1.453
54.2231 16.2594  
1.454
54.5949 16.3214  
1.455
54.9695 16.3835  
1.456
55.3468 16.4459  
1.457
55.727 16.5085  
1.458
56.11 16.5714  
1.459
56.4958 16.6344  
1.46
56.8845 16.6977  
1.461
57.2761 16.7612  
1.462
57.6706 16.8249  
1.463
58.068 16.8889  
1.464
58.4683 16.953  
1.465
58.8717 17.0174  
1.466
59.278 17.0821  
1.467
59.6874 17.1469  
1.468
60.0998 17.212  
1.469
60.5152 17.2774  
1.47
60.9338 17.343  
1.471
61.3554 17.4088  
1.472
61.7802 17.4749  
1.473
62.2081 17.5412  
1.474
62.6392 17.6077  
1.475
63.0735 17.6745  
1.476
63.5111 17.7416  
1.477
63.9519 17.8089  
1.478
64.3959 17.8764  
1.479
64.8433 17.9443  
1.48
65.294 18.0123  
1.481
65.748 18.0806  
1.482
66.2054 18.1492  
1.483
66.6662 18.2181  
1.484
67.1304 18.2872  
1.485
67.5981 18.3565  
1.486
68.0693 18.4261  
1.487
68.5439 18.496  
1.488
69.0221 18.5662  
1.489
69.5039 18.6366  
1.49
69.9892 18.7073  
1.491
70.4781 18.7783  
1.492
70.9707 18.8495  
1.493
71.467 18.9211  
1.494
71.9669 18.9929  
1.495
72.4706 19.0649  
1.496
72.978 19.1373  
1.497
73.4892 19.2099  
1.498
74.0042 19.2828  
1.499
74.523 19.356  
1.5
75.0457 19.4295  
1.501
75.5723 19.5033  
1.502
76.1028 19.5773  
1.503
76.6373 19.6517  
1.504
77.1758 19.7263  
1.505
77.7183 19.8012  
1.506
78.2648 19.8765  
1.507
78.8154 19.952  
1.508
79.3701 20.0278  
1.509
79.9289 20.1039  
1.51
80.492 20.1803  
1.511
81.0592 20.257  
1.512
81.6307 20.334  
1.513
82.2064 20.4113  
1.514
82.7864 20.4889  
1.515
83.3708 20.5669  
1.516
83.9595 20.6451  
1.517
84.5527 20.7236  
1.518
85.1503 20.8025  
1.519
85.7523 20.8816  
1.52
86.3588 20.9611  
1.521
86.9699 21.0409  
1.522
87.5856 21.121  
1.523
88.2059 21.2014  
1.524
88.8308 21.2821  
1.525
89.4604 21.3632  
1.526
90.0947 21.4446  
1.527
90.7337 21.5263  
1.528
91.3776 21.6083  
1.529
92.0263 21.6906  
1.53
92.6798 21.7733  
1.531
93.3382 21.8563  
1.532
94.0016 21.9397  
1.533
94.67 22.0233  
1.534
95.3433 22.1073  
1.535
96.0217 22.1916  
1.536
96.7052 22.2763  
1.537
97.3939 22.3613  
1.538
98.0877 22.4466  
1.539
98.7867 22.5323  
1.54
99.491 22.6183  
1.541
100.201 22.7047  
1.542
100.915 22.7914  
1.543
101.636 22.8784  
1.544
102.361 22.9658  
1.545
103.093 23.0536  
1.546
103.829 23.1416  
1.547
104.571 23.2301  
1.548
105.319 23.3189  
1.549
106.073 23.408  
1.55
106.832 23.4975  
1.551
107.597 23.5874  
1.552
108.367 23.6776  
1.553
109.143 23.7682  
1.554
109.926 23.8591  
1.555
110.714 23.9504  
1.556
111.508 24.0421  
1.557
112.308 24.1341  
1.558
113.114 24.2265  
1.559
113.926 24.3192  
1.56
114.744 24.4124  
1.561
115.569 24.5059  
1.562
116.399 24.5997  
1.563
117.236 24.694  
1.564
118.08 24.7886  
1.565
118.929 24.8836  
1.566
119.785 24.979  
1.567
120.648 25.0748  
1.568
121.517 25.1709  
1.569
122.393 25.2674  
1.57
123.275 25.3644  
1.571
124.164 25.4616  
1.572
125.059 25.5593  
1.573
125.962 25.6574  
1.574
126.871 25.7559  
1.575
127.787 25.8547  
1.576
128.71 25.954  
1.577
129.64 26.0536  
1.578
130.577 26.1537  
1.579
131.521 26.2541  
1.58
132.473 26.355  
1.581
133.431 26.4562  
1.582
134.397 26.5579  
1.583
135.37 26.66  
1.584
136.351 26.7624  
1.585
137.339 26.8653  
1.586
138.334 26.9686  
1.587
139.337 27.0723  
1.588
140.348 27.1764  
1.589
141.366 27.2809  
1.59
142.392 27.3859  
1.591
143.426 27.4912  
1.592
144.467 27.597  
1.593
145.517 27.7032  
1.594
146.574 27.8099  
1.595
147.64 27.9169  
1.596
148.713 28.0244  
1.597
149.795 28.1323  
1.598
150.885 28.2407  
1.599
151.983 28.3494  
1.6
153.09 28.4586  
1.601
154.205 28.5683  
1.602
155.329 28.6784  
1.603
156.461 28.7889  
1.604
157.602 28.8999  
1.605
158.751 29.0113  
1.606
159.909 29.1231  
1.607
161.076 29.2354  
1.608
162.252 29.3482  
1.609
163.437 29.4614  
1.61
164.631 29.575  
1.611
165.834 29.6891  
1.612
167.046 29.8037  
1.613
168.267 29.9187  
1.614
169.498 30.0342  
1.615
170.738 30.1501  
1.616
171.987 30.2665  
1.617
173.246 30.3834  
1.618
174.515 30.5007  
1.619
175.793 30.6185  
1.62
177.081 30.7368  
1.621
178.379 30.8555  
1.622
179.687 30.9747  
1.623
181.005 31.0944  
1.624
182.333 31.2146  
1.625
183.671 31.3352  
1.626
185.019 31.4563  
1.627
186.378 31.578  
1.628
187.746 31.7001  
1.629
189.126 31.8226  
1.63
190.516 31.9457  
1.631
191.916 32.0693  
1.632
193.328 32.1933  
1.633
194.75 32.3179  
1.634
196.183 32.4429  
1.635
197.627 32.5685  
1.636
199.081 32.6945  
1.637
200.548 32.8211  
1.638
202.025 32.9482  
1.639
203.514 33.0757  
1.64
205.014 33.2038  
1.641
206.525 33.3324  
1.642
208.048 33.4615  
1.643
209.583 33.5911  
1.644
211.129 33.7212  
1.645
212.688 33.8519  
1.646
214.258 33.9831  
1.647
215.841 34.1148  
1.648
217.435 34.247  
1.649
219.042 34.3798  
1.65
220.661 34.513  
1.651
222.292 34.6469  
1.652
223.936 34.7812  
1.653
225.593 34.9161  
1.654
227.262 35.0515  
1.655
228.944 35.1875  
1.656
230.639 35.324  
1.657
232.347 35.461  
1.658
234.069 35.5986  
1.659
235.803 35.7368  
1.66
237.551 35.8755  
1.661
239.312 36.0147  
1.662
241.087 36.1545  
1.663
242.875 36.2949  
1.664
244.677 36.4358  
1.665
246.493 36.5773  
1.666
248.323 36.7194  
1.667
250.167 36.862  
1.668
252.025 37.0052  
1.669
253.897 37.149  
1.67
255.784 37.2933  
1.671
257.686 37.4382  
1.672
259.602 37.5837  
1.673
261.532 37.7298  
1.674
263.478 37.8764  
1.675
265.438 38.0237  
1.676
267.414 38.1715  
1.677
269.405 38.3199  
1.678
271.411 38.469  
1.679
273.433 38.6186  
1.68
275.47 38.7688  
1.681
277.523 38.9196  
1.682
279.592 39.071  
1.683
281.677 39.223  
1.684
283.777 39.3756  
1.685
285.894 39.5288  
1.686
288.028 39.6827  
1.687
290.178 39.8371  
1.688
292.344 39.9922  
1.689
294.527 40.1479  
1.69
296.727 40.3042  
1.691
298.944 40.4611  
1.692
301.178 40.6187  
1.693
303.429 40.7769  
1.694
305.698 40.9357  
1.695
307.984 41.0951  
1.696
310.287 41.2552  
1.697
312.609 41.416  
1.698
314.949 41.5773  
1.699
317.306 41.7394  
1.7
319.682 41.902  
1.701
322.076 42.0653  
1.702
324.489 42.2293  
1.703
326.92 42.3939  
1.704
329.37 42.5592  
1.705
331.839 42.7251  
1.706
334.327 42.8917  
1.707
336.835 43.059  
1.708
339.361 43.2269  
1.709
341.908 43.3955  
1.71
344.474 43.5648  
1.711
347.059 43.7347  
1.712
349.665 43.9054  
1.713
352.291 44.0767  
1.714
354.938 44.2487  
1.715
357.604 44.4214  
1.716
360.292 44.5947  
1.717
363 44.7688  
1.718
365.729 44.9435  
1.719
368.48 45.119  
1.72
371.251 45.2952  
1.721
374.045 45.472  
1.722
376.859 45.6496  
1.723
379.696 45.8278  
1.724
382.555 46.0068  
1.725
385.435 46.1865  
1.726
388.338 46.3669  
1.727
391.264 46.5481  
1.728
394.212 46.7299  
1.729
397.183 46.9125  
1.73
400.177 47.0958  
1.731
403.195 47.2799  
1.732
406.236 47.4647  
1.733
409.3 47.6502  
1.734
412.388 47.8364  
1.735
415.5 48.0235  
1.736
418.636 48.2112  
1.737
421.797 48.3997  
1.738
424.982 48.589  
1.739
428.192 48.779  
1.74
431.427 48.9697  
1.741
434.687 49.1613  
1.742
437.972 49.3535  
1.743
441.283 49.5466  
1.744
444.619 49.7404  
1.745
447.981 49.935  
1.746
451.37 50.1304  
1.747
454.785 50.3266  
1.748
458.226 50.5235  
1.749
461.694 50.7213  
1.75
465.189 50.9198  
1.751
468.711 51.1191  
1.752
472.261 51.3192  
1.753
475.838 51.5201  
1.754
479.443 51.7218  
1.755
483.076 51.9243  
1.756
486.737 52.1276  
1.757
490.427 52.3318  
1.758
494.146 52.5367  
1.759
497.893 52.7425  
1.76
501.67 52.9491  
1.761
505.476 53.1565  
1.762
509.311 53.3647  
1.763
513.177 53.5738  
1.764
517.072 53.7837  
1.765
520.998 53.9945  
1.766
524.954 54.206  
1.767
528.941 54.4185  
1.768
532.96 54.6317  
1.769
537.009 54.8459  
1.77
541.09 55.0609  
1.771
545.203 55.2767  
1.772
549.348 55.4934  
1.773
553.525 55.711  
1.774
557.735 55.9294  
1.775
561.978 56.1487  
1.776
566.253 56.3689  
1.777
570.562 56.59  
1.778
574.905 56.8119  
1.779
579.281 57.0348  
1.78
583.692 57.2585  
1.781
588.137 57.4831  
1.782
592.616 57.7086  
1.783
597.131 57.935  
1.784
601.681 58.1623  
1.785
606.266 58.3906  
1.786
610.887 58.6197  
1.787
615.544 58.8498  
1.788
620.237 59.0807  
1.789
624.967 59.3126  
1.79
629.734 59.5454  
1.791
634.538 59.7792  
1.792
639.38 60.0139  
1.793
644.259 60.2495  
1.794
649.177 60.486  
1.795
654.133 60.7235  
1.796
659.127 60.962  
1.797
664.161 61.2014  
1.798
669.234 61.4417  
1.799
674.346 61.6831  
1.8
679.499 61.9253  
1.801
684.692 62.1686  
1.802
689.925 62.4128  
1.803
695.199 62.658  
1.804
700.515 62.9042  
1.805
705.872 63.1513  
1.806
711.27 63.3995  
1.807
716.711 63.6486  
1.808
722.195 63.8987  
1.809
727.721 64.1498  
1.81
733.291 64.402  
1.811
738.904 64.6551  
1.812
744.561 64.9092  
1.813
750.263 65.1644  
1.814
756.009 65.4206  
1.815
761.799 65.6778  
1.816
767.636 65.936  
1.817
773.517 66.1953  
1.818
779.445 66.4556  
1.819
785.42 66.7169  
1.82
791.441 66.9793  
1.821
797.509 67.2427  
1.822
803.624 67.5072  
1.823
809.788 67.7727  
1.824
815.999 68.0393  
1.825
822.26 68.3069  
1.826
828.569 68.5756  
1.827
834.928 68.8454  
1.828
841.336 69.1163  
1.829
847.795 69.3883  
1.83
854.304 69.6613  
1.831
860.865 69.9354  
1.832
867.476 70.2107  
1.833
874.14 70.487  
1.834
880.856 70.7644  
1.835
887.624 71.0429  
1.836
894.445 71.3226  
1.837
901.32 71.6033  
1.838
908.249 71.8852  
1.839
915.232 72.1682  
1.84
922.269 72.4524  
1.841
929.362 72.7376  
1.842
936.511 73.0241  
1.843
943.715 73.3116  
1.844
950.976 73.6003  
1.845
958.294 73.8902  
1.846
965.67 74.1812  
1.847
973.103 74.4733  
1.848
980.594 74.7667  
1.849
988.145 75.0612  
1.85
995.754 75.3569  
1.851
1003.42 75.6537  
1.852
1011.15 75.9518  
1.853
1018.94 76.251  
1.854
1026.79 76.5515  
1.855
1034.71 76.8531  
1.856
1042.68 77.1559  
1.857
1050.72 77.46  
1.858
1058.82 77.7653  
1.859
1066.98 78.0717  
1.86
1075.21 78.3794  
1.861
1083.5 78.6884  
1.862
1091.86 78.9985  
1.863
1100.29 79.3099  
1.864
1108.78 79.6226  
1.865
1117.33 79.9365  
1.866
1125.95 80.2516  
1.867
1134.65 80.568  
1.868
1143.41 80.8857  
1.869
1152.23 81.2046  
1.87
1161.13 81.5248  
1.871
1170.1 81.8463  
1.872
1179.14 82.1691  
1.873
1188.25 82.4932  
1.874
1197.43 82.8185  
1.875
1206.68 83.1452  
1.876
1216.01 83.4731  
1.877
1225.4 83.8024  
1.878
1234.88 84.133  
1.879
1244.42 84.4649  
1.88
1254.05 84.7981  
1.881
1263.74 85.1327  
1.882
1273.52 85.4686  
1.883
1283.37 85.8058  
1.884
1293.3 86.1444  
1.885
1303.3 86.4843  
1.886
1313.39 86.8256  
1.887
1323.55 87.1682  
1.888
1333.8 87.5122  
1.889
1344.12 87.8576  
1.89
1354.53 88.2044  
1.891
1365.02 88.5526  
1.892
1375.59 88.9021  
1.893
1386.24 89.253  
1.894
1396.98 89.6054  
1.895
1407.8 89.9591  
1.896
1418.71 90.3143  
1.897
1429.7 90.6709  
1.898
1440.78 91.0289  
1.899
1451.95 91.3883  
1.9
1463.2 91.7492  
1.901
1474.55 92.1115  
1.902
1485.98 92.4752  
1.903
1497.5 92.8404  
1.904
1509.11 93.2071  
1.905
1520.82 93.5752  
1.906
1532.62 93.9448  
1.907
1544.51 94.3159  
1.908
1556.49 94.6884  
1.909
1568.57 95.0625  
1.91
1580.74 95.438  
1.911
1593.01 95.815  
1.912
1605.37 96.1936  
1.913
1617.84 96.5736  
1.914
1630.4 96.9552  
1.915
1643.06 97.3383  
1.916
1655.82 97.7229  
1.917
1668.68 98.109  
1.918
1681.64 98.4967  
1.919
1694.7 98.886  
1.92
1707.87 99.2767  
1.921
1721.14 99.6691  
1.922
1734.52 100.063  
1.923
1748 100.459  
1.924
1761.58 100.856  
1.925
1775.28 101.254  
1.926
1789.08 101.654  
1.927
1802.99 102.056  
1.928
1817.01 102.46  
1.929
1831.14 102.865  
1.93
1845.39 103.272  
1.931
1859.74 103.68  
1.932
1874.21 104.09  
1.933
1888.79 104.501  
1.934
1903.49 104.915  
1.935
1918.3 105.329  
1.936
1933.23 105.746  
1.937
1948.28 106.164  
1.938
1963.44 106.584  
1.939
1978.73 107.005  
1.94
1994.14 107.429  
1.941
2009.67 107.854  
1.942
2025.32 108.28  
1.943
2041.09 108.708  
1.944
2056.99 109.138  
1.945
2073.01 109.57  
1.946
2089.16 110.004  
1.947
2105.44 110.439  
1.948
2121.85 110.876  
1.949
2138.38 111.314  
1.95
2155.05 111.755  
1.951
2171.85 112.197  
1.952
2188.78 112.641  
1.953
2205.85 113.087  
1.954
2223.04 113.534  
1.955
2240.38 113.983  
1.956
2257.85 114.434  
1.957
2275.46 114.887  
1.958
2293.21 115.342  
1.959
2311.1 115.798  
1.96
2329.13 116.257  
1.961
2347.3 116.717  
1.962
2365.62 117.179  
1.963
2384.08 117.643  
1.964
2402.69 118.108  
1.965
2421.44 118.576  
1.966
2440.34 119.045  
1.967
2459.4 119.517  
1.968
2478.6 119.99  
1.969
2497.95 120.465  
1.97
2517.46 120.942  
1.971
2537.12 121.421  
1.972
2556.93 121.901  
1.973
2576.91 122.384  
1.974
2597.04 122.869  
1.975
2617.33 123.355  
1.976
2637.78 123.844  
1.977
2658.39 124.334  
1.978
2679.16 124.826  
1.979
2700.1 125.321  
1.98
2721.21 125.817  
1.981
2742.48 126.315  
1.982
2763.92 126.816  
1.983
2785.53 127.318  
1.984
2807.31 127.822  
1.985
2829.26 128.329  
1.986
2851.39 128.837  
1.987
2873.69 129.347  
1.988
2896.16 129.86  
1.989
2918.82 130.374  
1.99
2941.65 130.891  
1.991
2964.67 131.409  
1.992
2987.86 131.93  
1.993
3011.24 132.453  
1.994
3034.81 132.977  
1.995
3058.56 133.504  
1.996
3082.5 134.033  
1.997
3106.63 134.564  
1.998
3130.95 135.098  
1.999
3155.46 135.633  
2
3180.17 136.17  
