0
2 2  
0
2 2  
0.001
2.007 2.009  
0.002
2.01405 2.01801  
0.003
2.02115 2.02702  
0.004
2.0283 2.03604  
0.005
2.0355 2.04506  
0.006
2.04276 2.05409  
0.007
2.05006 2.06313  
0.008
2.05742 2.07217  
0.009
2.06483 2.08122  
0.01
2.07229 2.09028  
0.011
2.0798 2.09934  
0.012
2.08737 2.10842  
0.013
2.09499 2.1175  
0.014
2.10266 2.12658  
0.015
2.11039 2.13567  
0.016
2.11817 2.14478  
0.017
2.12601 2.15389  
0.018
2.1339 2.163  
0.019
2.14185 2.17213  
0.02
2.14985 2.18126  
0.021
2.15791 2.1904  
0.022
2.16602 2.19955  
0.023
2.17419 2.20871  
0.024
2.18242 2.21788  
0.025
2.1907 2.22705  
0.026
2.19904 2.23624  
0.027
2.20744 2.24543  
0.028
2.2159 2.25463  
0.029
2.22441 2.26384  
0.03
2.23299 2.27306  
0.031
2.24162 2.2823  
0.032
2.25031 2.29154  
0.033
2.25906 2.30079  
0.034
2.26787 2.31005  
0.035
2.27675 2.31932  
0.036
2.28568 2.3286  
0.037
2.29467 2.33789  
0.038
2.30373 2.34719  
0.039
2.31284 2.35651  
0.04
2.32202 2.36583  
0.041
2.33126 2.37517  
0.042
2.34057 2.38451  
0.043
2.34994 2.39387  
0.044
2.35937 2.40324  
0.045
2.36886 2.41262  
0.046
2.37842 2.42201  
0.047
2.38804 2.43142  
0.048
2.39773 2.44083  
0.049
2.40748 2.45026  
0.05
2.4173 2.4597  
0.051
2.42719 2.46916  
0.052
2.43714 2.47862  
0.053
2.44716 2.4881  
0.054
2.45724 2.49759  
0.055
2.46739 2.5071  
0.056
2.47761 2.51662  
0.057
2.4879 2.52615  
0.058
2.49826 2.5357  
0.059
2.50869 2.54526  
0.06
2.51918 2.55483  
0.061
2.52975 2.56442  
0.062
2.54038 2.57402  
0.063
2.55109 2.58364  
0.064
2.56187 2.59327  
0.065
2.57271 2.60292  
0.066
2.58364 2.61258  
0.067
2.59463 2.62225  
0.068
2.60569 2.63194  
0.069
2.61683 2.64165  
0.07
2.62804 2.65137  
0.071
2.63933 2.66111  
0.072
2.65069 2.67087  
0.073
2.66213 2.68064  
0.074
2.67364 2.69042  
0.075
2.68522 2.70023  
0.076
2.69688 2.71005  
0.077
2.70862 2.71988  
0.078
2.72044 2.72974  
0.079
2.73233 2.73961  
0.08
2.7443 2.7495  
0.081
2.75635 2.7594  
0.082
2.76847 2.76933  
0.083
2.78068 2.77927  
0.084
2.79297 2.78923  
0.085
2.80533 2.79921  
0.086
2.81778 2.8092  
0.087
2.8303 2.81922  
0.088
2.84291 2.82925  
0.089
2.8556 2.83931  
0.09
2.86838 2.84938  
0.091
2.88123 2.85947  
0.092
2.89417 2.86958  
0.093
2.90719 2.87971  
0.094
2.9203 2.88986  
0.095
2.93349 2.90003  
0.096
2.94677 2.91022  
0.097
2.96013 2.92043  
0.098
2.97358 2.93066  
0.099
2.98712 2.94092  
0.1
3.00074 2.95119  
0.101
3.01445 2.96149  
0.102
3.02825 2.9718  
0.103
3.04214 2.98214  
0.104
3.05612 2.9925  
0.105
3.07018 3.00288  
0.106
3.08434 3.01329  
0.107
3.09859 3.02371  
0.108
3.11293 3.03416  
0.109
3.12736 3.04463  
0.11
3.14189 3.05513  
0.111
3.1565 3.06564  
0.112
3.17122 3.07618  
0.113
3.18602 3.08675  
0.114
3.20092 3.09734  
0.115
3.21592 3.10795  
0.116
3.23101 3.11859  
0.117
3.2462 3.12925  
0.118
3.26148 3.13993  
0.119
3.27686 3.15064  
0.12
3.29234 3.16138  
0.121
3.30792 3.17214  
0.122
3.3236 3.18292  
0.123
3.33938 3.19373  
0.124
3.35526 3.20457  
0.125
3.37124 3.21543  
0.126
3.38732 3.22632  
0.127
3.4035 3.23723  
0.128
3.41979 3.24817  
0.129
3.43618 3.25914  
0.13
3.45267 3.27014  
0.131
3.46927 3.28116  
0.132
3.48598 3.29221  
0.133
3.50279 3.30329  
0.134
3.5197 3.31439  
0.135
3.53673 3.32552  
0.136
3.55386 3.33669  
0.137
3.5711 3.34788  
0.138
3.58845 3.35909  
0.139
3.60591 3.37034  
0.14
3.62348 3.38162  
0.141
3.64117 3.39292  
0.142
3.65896 3.40426  
0.143
3.67687 3.41562  
0.144
3.69489 3.42702  
0.145
3.71302 3.43844  
0.146
3.73127 3.4499  
0.147
3.74964 3.46138  
0.148
3.76812 3.4729  
0.149
3.78671 3.48445  
0.15
3.80543 3.49603  
0.151
3.82426 3.50764  
0.152
3.84321 3.51928  
0.153
3.86229 3.53095  
0.154
3.88148 3.54266  
0.155
3.90079 3.5544  
0.156
3.92023 3.56617  
0.157
3.93978 3.57797  
0.158
3.95947 3.58981  
0.159
3.97927 3.60168  
0.16
3.9992 3.61358  
0.161
4.01926 3.62552  
0.162
4.03944 3.63749  
0.163
4.05975 3.6495  
0.164
4.08019 3.66154  
0.165
4.10076 3.67361  
0.166
4.12145 3.68572  
0.167
4.14228 3.69786  
0.168
4.16324 3.71004  
0.169
4.18433 3.72226  
0.17
4.20555 3.73451  
0.171
4.22691 3.7468  
0.172
4.2484 3.75912  
0.173
4.27003 3.77148  
0.174
4.2918 3.78387  
0.175
4.3137 3.79631  
0.176
4.33574 3.80878  
0.177
4.35792 3.82129  
0.178
4.38023 3.83383  
0.179
4.40269 3.84641  
0.18
4.42529 3.85903  
0.181
4.44804 3.87169  
0.182
4.47092 3.88439  
0.183
4.49395 3.89713  
0.184
4.51713 3.90991  
0.185
4.54045 3.92272  
0.186
4.56392 3.93558  
0.187
4.58753 3.94847  
0.188
4.6113 3.96141  
0.189
4.63522 3.97438  
0.19
4.65928 3.9874  
0.191
4.6835 4.00045  
0.192
4.70787 4.01355  
0.193
4.73239 4.02669  
0.194
4.75707 4.03987  
0.195
4.78191 4.05309  
0.196
4.8069 4.06635  
0.197
4.83205 4.07966  
0.198
4.85736 4.09301  
0.199
4.88282 4.1064  
0.2
4.90845 4.11984  
0.201
4.93424 4.13331  
0.202
4.96019 4.14683  
0.203
4.98631 4.1604  
0.204
5.01259 4.17401  
0.205
5.03904 4.18766  
0.206
5.06565 4.20136  
0.207
5.09244 4.2151  
0.208
5.11939 4.22889  
0.209
5.14651 4.24272  
0.21
5.17381 4.2566  
0.211
5.20127 4.27052  
0.212
5.22891 4.28449  
0.213
5.25673 4.29851  
0.214
5.28472 4.31257  
0.215
5.31288 4.32668  
0.216
5.34123 4.34084  
0.217
5.36976 4.35505  
0.218
5.39846 4.3693  
0.219
5.42735 4.3836  
0.22
5.45642 4.39795  
0.221
5.48567 4.41234  
0.222
5.51511 4.42679  
0.223
5.54474 4.44128  
0.224
5.57456 4.45583  
0.225
5.60456 4.47042  
0.226
5.63475 4.48506  
0.227
5.66514 4.49975  
0.228
5.69572 4.5145  
0.229
5.72649 4.52929  
0.23
5.75746 4.54414  
0.231
5.78862 4.55903  
0.232
5.81998 4.57398  
0.233
5.85154 4.58898  
0.234
5.88331 4.60403  
0.235
5.91527 4.61913  
0.236
5.94744 4.63429  
0.237
5.97981 4.64949  
0.238
6.01238 4.66475  
0.239
6.04517 4.68007  
0.24
6.07816 4.69544  
0.241
6.11137 4.71086  
0.242
6.14478 4.72633  
0.243
6.17841 4.74186  
0.244
6.21225 4.75745  
0.245
6.24631 4.77309  
0.246
6.28058 4.78879  
0.247
6.31508 4.80454  
0.248
6.34979 4.82034  
0.249
6.38473 4.83621  
0.25
6.41989 4.85213  
0.251
6.45527 4.8681  
0.252
6.49088 4.88414  
0.253
6.52671 4.90023  
0.254
6.56278 4.91637  
0.255
6.59908 4.93258  
0.256
6.6356 4.94884  
0.257
6.67237 4.96517  
0.258
6.70936 4.98155  
0.259
6.7466 4.99799  
0.26
6.78407 5.01449  
0.261
6.82178 5.03105  
0.262
6.85974 5.04767  
0.263
6.89794 5.06435  
0.264
6.93638 5.08109  
0.265
6.97507 5.09789  
0.266
7.01401 5.11475  
0.267
7.0532 5.13167  
0.268
7.09264 5.14866  
0.269
7.13233 5.1657  
0.27
7.17228 5.18281  
0.271
7.21249 5.19999  
0.272
7.25295 5.21722  
0.273
7.29368 5.23452  
0.274
7.33467 5.25188  
0.275
7.37592 5.26931  
0.276
7.41744 5.2868  
0.277
7.45922 5.30435  
0.278
7.50128 5.32197  
0.279
7.5436 5.33966  
0.28
7.5862 5.3574  
0.281
7.62907 5.37522  
0.282
7.67223 5.3931  
0.283
7.71566 5.41105  
0.284
7.75937 5.42906  
0.285
7.80336 5.44715  
0.286
7.84764 5.46529  
0.287
7.8922 5.48351  
0.288
7.93706 5.50179  
0.289
7.9822 5.52015  
0.29
8.02764 5.53857  
0.291
8.07337 5.55706  
0.292
8.11939 5.57562  
0.293
8.16572 5.59425  
0.294
8.21235 5.61295  
0.295
8.25928 5.63171  
0.296
8.30651 5.65055  
0.297
8.35405 5.66946  
0.298
8.40191 5.68845  
0.299
8.45007 5.7075  
0.3
8.49854 5.72662  
0.301
8.54733 5.74582  
0.302
8.59644 5.76509  
0.303
8.64587 5.78443  
0.304
8.69562 5.80385  
0.305
8.7457 5.82334  
0.306
8.7961 5.8429  
0.307
8.84683 5.86254  
0.308
8.8979 5.88225  
0.309
8.94929 5.90204  
0.31
9.00103 5.9219  
0.311
9.0531 5.94183  
0.312
9.10551 5.96185  
0.313
9.15826 5.98194  
0.314
9.21136 6.0021  
0.315
9.26481 6.02235  
0.316
9.31861 6.04267  
0.317
9.37276 6.06306  
0.318
9.42727 6.08354  
0.319
9.48213 6.10409  
0.32
9.53736 6.12473  
0.321
9.59294 6.14544  
0.322
9.6489 6.16623  
0.323
9.70522 6.1871  
0.324
9.76191 6.20805  
0.325
9.81897 6.22908  
0.326
9.87641 6.2502  
0.327
9.93423 6.27139  
0.328
9.99243 6.29266  
0.329
10.051 6.31402  
0.33
10.11 6.33546  
0.331
10.1693 6.35698  
0.332
10.2291 6.37859  
0.333
10.2892 6.40028  
0.334
10.3498 6.42205  
0.335
10.4107 6.4439  
0.336
10.4721 6.46584  
0.337
10.5338 6.48787  
0.338
10.596 6.50998  
0.339
10.6585 6.53218  
0.34
10.7215 6.55446  
0.341
10.7849 6.57683  
0.342
10.8488 6.59928  
0.343
10.913 6.62182  
0.344
10.9777 6.64445  
0.345
11.0428 6.66717  
0.346
11.1083 6.68997  
0.347
11.1743 6.71287  
0.348
11.2407 6.73585  
0.349
11.3076 6.75892  
0.35
11.3749 6.78209  
0.351
11.4426 6.80534  
0.352
11.5108 6.82868  
0.353
11.5795 6.85212  
0.354
11.6486 6.87564  
0.355
11.7181 6.89926  
0.356
11.7882 6.92297  
0.357
11.8587 6.94677  
0.358
11.9296 6.97066  
0.359
12.0011 6.99465  
0.36
12.073 7.01873  
0.361
12.1454 7.04291  
0.362
12.2183 7.06718  
0.363
12.2917 7.09154  
0.364
12.3656 7.116  
0.365
12.44 7.14056  
0.366
12.5148 7.16521  
0.367
12.5902 7.18996  
0.368
12.6661 7.21481  
0.369
12.7425 7.23975  
0.37
12.8193 7.26479  
0.371
12.8968 7.28993  
0.372
12.9747 7.31517  
0.373
13.0532 7.3405  
0.374
13.1322 7.36594  
0.375
13.2117 7.39147  
0.376
13.2917 7.41711  
0.377
13.3723 7.44285  
0.378
13.4535 7.46869  
0.379
13.5352 7.49462  
0.38
13.6174 7.52067  
0.381
13.7002 7.54681  
0.382
13.7835 7.57306  
0.383
13.8675 7.59941  
0.384
13.952 7.62586  
0.385
14.037 7.65242  
0.386
14.1226 7.67908  
0.387
14.2089 7.70585  
0.388
14.2957 7.73272  
0.389
14.383 7.7597  
0.39
14.471 7.78679  
0.391
14.5596 7.81398  
0.392
14.6488 7.84128  
0.393
14.7386 7.86868  
0.394
14.8289 7.8962  
0.395
14.92 7.92382  
0.396
15.0116 7.95156  
0.397
15.1038 7.9794  
0.398
15.1967 8.00735  
0.399
15.2902 8.03541  
0.4
15.3844 8.06359  
0.401
15.4792 8.09187  
0.402
15.5746 8.12027  
0.403
15.6707 8.14878  
0.404
15.7674 8.1774  
0.405
15.8648 8.20613  
0.406
15.9629 8.23498  
0.407
16.0616 8.26394  
0.408
16.1611 8.29302  
0.409
16.2612 8.32221  
0.41
16.3619 8.35152  
0.411
16.4634 8.38094  
0.412
16.5656 8.41049  
0.413
16.6684 8.44014  
0.414
16.772 8.46992  
0.415
16.8763 8.49981  
0.416
16.9813 8.52982  
0.417
17.087 8.55995  
0.418
17.1935 8.5902  
0.419
17.3006 8.62057  
0.42
17.4086 8.65106  
0.421
17.5172 8.68167  
0.422
17.6266 8.7124  
0.423
17.7368 8.74326  
0.424
17.8477 8.77423  
0.425
17.9594 8.80533  
0.426
18.0718 8.83655  
0.427
18.1851 8.8679  
0.428
18.2991 8.89937  
0.429
18.4139 8.93097  
0.43
18.5295 8.96269  
0.431
18.6459 8.99453  
0.432
18.763 9.02651  
0.433
18.8811 9.05861  
0.434
18.9999 9.09084  
0.435
19.1195 9.12319  
0.436
19.24 9.15568  
0.437
19.3613 9.18829  
0.438
19.4834 9.22103  
0.439
19.6064 9.25391  
0.44
19.7303 9.28691  
0.441
19.855 9.32004  
0.442
19.9806 9.35331  
0.443
20.107 9.38671  
0.444
20.2343 9.42024  
0.445
20.3625 9.45391  
0.446
20.4916 9.48771  
0.447
20.6216 9.52164  
0.448
20.7525 9.55571  
0.449
20.8844 9.58991  
0.45
21.0171 9.62425  
0.451
21.1508 9.65873  
0.452
21.2854 9.69334  
0.453
21.4209 9.72809  
0.454
21.5574 9.76298  
0.455
21.6948 9.79801  
0.456
21.8332 9.83318  
0.457
21.9725 9.86849  
0.458
22.1129 9.90393  
0.459
22.2542 9.93952  
0.46
22.3965 9.97525  
0.461
22.5398 10.0111  
0.462
22.6841 10.0471  
0.463
22.8294 10.0833  
0.464
22.9757 10.1196  
0.465
23.1231 10.1561  
0.466
23.2715 10.1926  
0.467
23.4209 10.2294  
0.468
23.5714 10.2663  
0.469
23.7229 10.3033  
0.47
23.8755 10.3405  
0.471
24.0292 10.3778  
0.472
24.184 10.4153  
0.473
24.3398 10.4529  
0.474
24.4968 10.4907  
0.475
24.6548 10.5286  
0.476
24.814 10.5667  
0.477
24.9743 10.6049  
0.478
25.1357 10.6433  
0.479
25.2982 10.6818  
0.48
25.4619 10.7205  
0.481
25.6268 10.7594  
0.482
25.7928 10.7984  
0.483
25.96 10.8375  
0.484
26.1284 10.8768  
0.485
26.2979 10.9163  
0.486
26.4687 10.9559  
0.487
26.6406 10.9957  
0.488
26.8138 11.0356  
0.489
26.9882 11.0757  
0.49
27.1639 11.116  
0.491
27.3408 11.1564  
0.492
27.5189 11.197  
0.493
27.6983 11.2377  
0.494
27.879 11.2786  
0.495
28.061 11.3197  
0.496
28.2442 11.3609  
0.497
28.4288 11.4023  
0.498
28.6147 11.4439  
0.499
28.8019 11.4856  
0.5
28.9904 11.5275  
0.501
29.1803 11.5696  
0.502
29.3715 11.6118  
0.503
29.564 11.6542  
0.504
29.758 11.6967  
0.505
29.9533 11.7395  
0.506
30.15 11.7824  
0.507
30.3482 11.8255  
0.508
30.5477 11.8687  
0.509
30.7487 11.9121  
0.51
30.9511 11.9557  
0.511
31.1549 11.9995  
0.512
31.3602 12.0434  
0.513
31.567 12.0875  
0.514
31.7752 12.1318  
0.515
31.9849 12.1763  
0.516
32.1962 12.221  
0.517
32.4089 12.2658  
0.518
32.6232 12.3108  
0.519
32.839 12.356  
0.52
33.0563 12.4013  
0.521
33.2752 12.4469  
0.522
33.4957 12.4926  
0.523
33.7178 12.5385  
0.524
33.9414 12.5846  
0.525
34.1667 12.6309  
0.526
34.3936 12.6773  
0.527
34.6221 12.724  
0.528
34.8522 12.7708  
0.529
35.084 12.8178  
0.53
35.3175 12.865  
0.531
35.5526 12.9124  
0.532
35.7894 12.96  
0.533
36.028 13.0078  
0.534
36.2682 13.0558  
0.535
36.5102 13.1039  
0.536
36.754 13.1523  
0.537
36.9995 13.2008  
0.538
37.2467 13.2495  
0.539
37.4958 13.2985  
0.54
37.7466 13.3476  
0.541
37.9993 13.3969  
0.542
38.2537 13.4464  
0.543
38.51 13.4962  
0.544
38.7682 13.5461  
0.545
39.0282 13.5962  
0.546
39.2902 13.6465  
0.547
39.554 13.697  
0.548
39.8197 13.7477  
0.549
40.0873 13.7986  
0.55
40.3569 13.8498  
0.551
40.6284 13.9011  
0.552
40.9019 13.9526  
0.553
41.1774 14.0044  
0.554
41.4549 14.0563  
0.555
41.7344 14.1085  
0.556
42.0159 14.1608  
0.557
42.2994 14.2134  
0.558
42.5851 14.2662  
0.559
42.8728 14.3191  
0.56
43.1625 14.3723  
0.561
43.4544 14.4257  
0.562
43.7484 14.4794  
0.563
44.0446 14.5332  
0.564
44.3429 14.5873  
0.565
44.6434 14.6415  
0.566
44.946 14.696  
0.567
45.2509 14.7507  
0.568
45.558 14.8056  
0.569
45.8673 14.8608  
0.57
46.1789 14.9161  
0.571
46.4927 14.9717  
0.572
46.8089 15.0275  
0.573
47.1273 15.0836  
0.574
47.4481 15.1398  
0.575
47.7712 15.1963  
0.576
48.0967 15.253  
0.577
48.4245 15.3099  
0.578
48.7547 15.3671  
0.579
49.0874 15.4244  
0.58
49.4225 15.4821  
0.581
49.76 15.5399  
0.582
50.1 15.598  
0.583
50.4425 15.6563  
0.584
50.7875 15.7148  
0.585
51.1351 15.7736  
0.586
51.4851 15.8326  
0.587
51.8378 15.8918  
0.588
52.193 15.9513  
0.589
52.5508 16.011  
0.59
52.9113 16.071  
0.591
53.2744 16.1312  
0.592
53.6402 16.1916  
0.593
54.0086 16.2523  
0.594
54.3798 16.3132  
0.595
54.7536 16.3743  
0.596
55.1303 16.4357  
0.597
55.5097 16.4974  
0.598
55.8918 16.5593  
0.599
56.2768 16.6214  
0.6
56.6647 16.6838  
0.601
57.0553 16.7465  
0.602
57.4489 16.8093  
0.603
57.8453 16.8725  
0.604
58.2447 16.9359  
0.605
58.647 16.9995  
0.606
59.0523 17.0634  
0.607
59.4606 17.1276  
0.608
59.8718 17.192  
0.609
60.2862 17.2566  
0.61
60.7035 17.3216  
0.611
61.124 17.3868  
0.612
61.5475 17.4522  
0.613
61.9742 17.5179  
0.614
62.404 17.5839  
0.615
62.837 17.6501  
0.616
63.2732 17.7166  
0.617
63.7126 17.7834  
0.618
64.1553 17.8504  
0.619
64.6013 17.9177  
0.62
65.0505 17.9852  
0.621
65.5031 18.0531  
0.622
65.959 18.1212  
0.623
66.4183 18.1896  
0.624
66.881 18.2582  
0.625
67.3471 18.3271  
0.626
67.8167 18.3963  
0.627
68.2897 18.4658  
0.628
68.7663 18.5356  
0.629
69.2464 18.6056  
0.63
69.7301 18.6759  
0.631
70.2173 18.7465  
0.632
70.7082 18.8174  
0.633
71.2027 18.8885  
0.634
71.7009 18.96  
0.635
72.2028 19.0317  
0.636
72.7084 19.1037  
0.637
73.2177 19.176  
0.638
73.7309 19.2486  
0.639
74.2479 19.3215  
0.64
74.7687 19.3946  
0.641
75.2934 19.4681  
0.642
75.822 19.5418  
0.643
76.3545 19.6159  
0.644
76.891 19.6902  
0.645
77.4315 19.7649  
0.646
77.976 19.8398  
0.647
78.5246 19.9151  
0.648
79.0772 19.9906  
0.649
79.634 20.0664  
0.65
80.1949 20.1426  
0.651
80.76 20.219  
0.652
81.3294 20.2958  
0.653
81.9029 20.3728  
0.654
82.4808 20.4502  
0.655
83.063 20.5279  
0.656
83.6495 20.6059  
0.657
84.2404 20.6841  
0.658
84.8357 20.7628  
0.659
85.4355 20.8417  
0.66
86.0397 20.9209  
0.661
86.6485 21.0005  
0.662
87.2618 21.0803  
0.663
87.8797 21.1605  
0.664
88.5022 21.241  
0.665
89.1294 21.3219  
0.666
89.7613 21.403  
0.667
90.3979 21.4845  
0.668
91.0393 21.5663  
0.669
91.6855 21.6484  
0.67
92.3365 21.7309  
0.671
92.9924 21.8137  
0.672
93.6532 21.8968  
0.673
94.319 21.9803  
0.674
94.9898 22.064  
0.675
95.6656 22.1482  
0.676
96.3464 22.2326  
0.677
97.0324 22.3174  
0.678
97.7236 22.4025  
0.679
98.4199 22.488  
0.68
99.1214 22.5738  
0.681
99.8282 22.66  
0.682
100.54 22.7464  
0.683
101.258 22.8333  
0.684
101.981 22.9205  
0.685
102.709 23.008  
0.686
103.443 23.0959  
0.687
104.182 23.1841  
0.688
104.927 23.2727  
0.689
105.677 23.3617  
0.69
106.434 23.451  
0.691
107.195 23.5406  
0.692
107.963 23.6306  
0.693
108.736 23.721  
0.694
109.515 23.8117  
0.695
110.3 23.9028  
0.696
111.091 23.9943  
0.697
111.888 24.0861  
0.698
112.691 24.1783  
0.699
113.5 24.2709  
0.7
114.315 24.3638  
0.701
115.137 24.4571  
0.702
115.964 24.5507  
0.703
116.798 24.6448  
0.704
117.638 24.7392  
0.705
118.484 24.834  
0.706
119.337 24.9292  
0.707
120.196 25.0247  
0.708
121.061 25.1207  
0.709
121.934 25.217  
0.71
122.812 25.3137  
0.711
123.698 25.4108  
0.712
124.59 25.5083  
0.713
125.489 25.6061  
0.714
126.394 25.7044  
0.715
127.307 25.803  
0.716
128.226 25.9021  
0.717
129.153 26.0015  
0.718
130.086 26.1014  
0.719
131.026 26.2016  
0.72
131.974 26.3022  
0.721
132.929 26.4033  
0.722
133.891 26.5047  
0.723
134.86 26.6066  
0.724
135.837 26.7088  
0.725
136.821 26.8115  
0.726
137.812 26.9145  
0.727
138.811 27.018  
0.728
139.818 27.1219  
0.729
140.832 27.2262  
0.73
141.854 27.3309  
0.731
142.884 27.4361  
0.732
143.921 27.5416  
0.733
144.967 27.6476  
0.734
146.02 27.754  
0.735
147.081 27.8609  
0.736
148.151 27.9681  
0.737
149.228 28.0758  
0.738
150.314 28.1839  
0.739
151.408 28.2925  
0.74
152.51 28.4015  
0.741
153.621 28.5109  
0.742
154.74 28.6207  
0.743
155.867 28.731  
0.744
157.004 28.8418  
0.745
158.149 28.9529  
0.746
159.302 29.0646  
0.747
160.464 29.1766  
0.748
161.636 29.2891  
0.749
162.816 29.4021  
0.75
164.005 29.5155  
0.751
165.203 29.6294  
0.752
166.41 29.7437  
0.753
167.627 29.8585  
0.754
168.853 29.9737  
0.755
170.088 30.0894  
0.756
171.332 30.2055  
0.757
172.586 30.3222  
0.758
173.85 30.4392  
0.759
175.123 30.5568  
0.76
176.406 30.6748  
0.761
177.699 30.7933  
0.762
179.002 30.9123  
0.763
180.314 31.0317  
0.764
181.637 31.1516  
0.765
182.969 31.272  
0.766
184.312 31.3929  
0.767
185.665 31.5143  
0.768
187.029 31.6361  
0.769
188.403 31.7584  
0.77
189.787 31.8813  
0.771
191.182 32.0046  
0.772
192.588 32.1284  
0.773
194.004 32.2527  
0.774
195.432 32.3775  
0.775
196.87 32.5027  
0.776
198.319 32.6285  
0.777
199.779 32.7548  
0.778
201.251 32.8816  
0.779
202.733 33.0089  
0.78
204.227 33.1367  
0.781
205.733 33.2651  
0.782
207.25 33.3939  
0.783
208.778 33.5232  
0.784
210.319 33.6531  
0.785
211.871 33.7835  
0.786
213.435 33.9144  
0.787
215.011 34.0458  
0.788
216.599 34.1778  
0.789
218.2 34.3102  
0.79
219.812 34.4432  
0.791
221.437 34.5768  
0.792
223.075 34.7108  
0.793
224.725 34.8455  
0.794
226.387 34.9806  
0.795
228.063 35.1163  
0.796
229.751 35.2525  
0.797
231.452 35.3893  
0.798
233.166 35.5266  
0.799
234.894 35.6644  
0.8
236.635 35.8028  
0.801
238.389 35.9418  
0.802
240.156 36.0813  
0.803
241.938 36.2214  
0.804
243.732 36.362  
0.805
245.541 36.5032  
0.806
247.364 36.645  
0.807
249.2 36.7873  
0.808
251.051 36.9302  
0.809
252.916 37.0737  
0.81
254.795 37.2177  
0.811
256.689 37.3623  
0.812
258.597 37.5075  
0.813
260.52 37.6533  
0.814
262.458 37.7996  
0.815
264.411 37.9466  
0.816
266.379 38.0941  
0.817
268.361 38.2422  
0.818
270.36 38.3909  
0.819
272.373 38.5402  
0.82
274.402 38.6901  
0.821
276.447 38.8406  
0.822
278.508 38.9917  
0.823
280.584 39.1434  
0.824
282.676 39.2957  
0.825
284.785 39.4486  
0.826
286.91 39.6021  
0.827
289.051 39.7562  
0.828
291.208 39.911  
0.829
293.383 40.0663  
0.83
295.574 40.2223  
0.831
297.782 40.3789  
0.832
300.007 40.5362  
0.833
302.249 40.694  
0.834
304.508 40.8525  
0.835
306.785 41.0116  
0.836
309.08 41.1714  
0.837
311.392 41.3318  
0.838
313.722 41.4928  
0.839
316.07 41.6545  
0.84
318.437 41.8168  
0.841
320.821 41.9798  
0.842
323.224 42.1434  
0.843
325.646 42.3077  
0.844
328.086 42.4726  
0.845
330.545 42.6382  
0.846
333.023 42.8045  
0.847
335.52 42.9714  
0.848
338.037 43.139  
0.849
340.573 43.3072  
0.85
343.129 43.4761  
0.851
345.704 43.6457  
0.852
348.299 43.816  
0.853
350.915 43.987  
0.854
353.55 44.1586  
0.855
356.207 44.3309  
0.856
358.883 44.5039  
0.857
361.581 44.6776  
0.858
364.299 44.852  
0.859
367.038 45.0271  
0.86
369.799 45.2029  
0.861
372.581 45.3794  
0.862
375.384 45.5566  
0.863
378.209 45.7345  
0.864
381.056 45.9131  
0.865
383.925 46.0924  
0.866
386.817 46.2725  
0.867
389.73 46.4532  
0.868
392.667 46.6347  
0.869
395.626 46.8169  
0.87
398.608 46.9998  
0.871
401.613 47.1835  
0.872
404.642 47.3679  
0.873
407.694 47.553  
0.874
410.769 47.7389  
0.875
413.869 47.9255  
0.876
416.993 48.1129  
0.877
420.14 48.301  
0.878
423.313 48.4898  
0.879
426.51 48.6795  
0.88
429.731 48.8698  
0.881
432.978 49.0609  
0.882
436.25 49.2528  
0.883
439.547 49.4455  
0.884
442.87 49.6389  
0.885
446.219 49.8331  
0.886
449.594 50.0281  
0.887
452.995 50.2238  
0.888
456.422 50.4204  
0.889
459.876 50.6177  
0.89
463.357 50.8158  
0.891
466.865 51.0147  
0.892
470.4 51.2144  
0.893
473.963 51.4149  
0.894
477.553 51.6162  
0.895
481.172 51.8183  
0.896
484.818 52.0212  
0.897
488.493 52.2249  
0.898
492.197 52.4294  
0.899
495.929 52.6347  
0.9
499.69 52.8409  
0.901
503.481 53.0479  
0.902
507.301 53.2557  
0.903
511.15 53.4643  
0.904
515.03 53.6738  
0.905
518.94 53.8841  
0.906
522.88 54.0952  
0.907
526.852 54.3072  
0.908
530.853 54.5201  
0.909
534.887 54.7337  
0.91
538.951 54.9483  
0.911
543.047 55.1637  
0.912
547.176 55.3799  
0.913
551.336 55.597  
0.914
555.529 55.815  
0.915
559.754 56.0339  
0.916
564.012 56.2536  
0.917
568.304 56.4742  
0.918
572.629 56.6957  
0.919
576.987 56.9181  
0.92
581.38 57.1413  
0.921
585.807 57.3655  
0.922
590.268 57.5905  
0.923
594.764 57.8165  
0.924
599.296 58.0433  
0.925
603.862 58.2711  
0.926
608.465 58.4997  
0.927
613.103 58.7293  
0.928
617.777 58.9598  
0.929
622.488 59.1912  
0.93
627.235 59.4235  
0.931
632.02 59.6568  
0.932
636.842 59.891  
0.933
641.702 60.1261  
0.934
646.599 60.3621  
0.935
651.535 60.5992  
0.936
656.509 60.8371  
0.937
661.522 61.076  
0.938
666.575 61.3159  
0.939
671.667 61.5567  
0.94
676.798 61.7985  
0.941
681.97 62.0412  
0.942
687.182 62.2849  
0.943
692.435 62.5296  
0.944
697.728 62.7752  
0.945
703.064 63.0219  
0.946
708.44 63.2695  
0.947
713.859 63.5181  
0.948
719.321 63.7677  
0.949
724.825 64.0183  
0.95
730.372 64.2699  
0.951
735.962 64.5225  
0.952
741.596 64.7761  
0.953
747.274 65.0308  
0.954
752.997 65.2864  
0.955
758.764 65.5431  
0.956
764.577 65.8008  
0.957
770.434 66.0595  
0.958
776.338 66.3192  
0.959
782.288 66.58  
0.96
788.285 66.8419  
0.961
794.328 67.1047  
0.962
800.419 67.3687  
0.963
806.557 67.6336  
0.964
812.743 67.8997  
0.965
818.978 68.1668  
0.966
825.262 68.4349  
0.967
831.595 68.7042  
0.968
837.977 68.9745  
0.969
844.41 69.2458  
0.97
850.892 69.5183  
0.971
857.426 69.7919  
0.972
864.011 70.0665  
0.973
870.647 70.3423  
0.974
877.335 70.6191  
0.975
884.076 70.8971  
0.976
890.87 71.1761  
0.977
897.717 71.4563  
0.978
904.617 71.7376  
0.979
911.572 72.02  
0.98
918.581 72.3036  
0.981
925.645 72.5882  
0.982
932.764 72.8741  
0.983
939.939 73.161  
0.984
947.17 73.4491  
0.985
954.459 73.7384  
0.986
961.804 74.0288  
0.987
969.207 74.3203  
0.988
976.668 74.6131  
0.989
984.187 74.907  
0.99
991.765 75.202  
0.991
999.403 75.4983  
0.992
1007.1 75.7957  
0.993
1014.86 76.0943  
0.994
1022.68 76.3941  
0.995
1030.56 76.6951  
0.996
1038.5 76.9973  
0.997
1046.51 77.3008  
0.998
1054.57 77.6054  
0.999
1062.7 77.9112  
1
1070.9 78.2183  
1.001
1079.16 78.5266  
1.002
1087.48 78.8361  
1.003
1095.87 79.1469  
1.004
1104.33 79.4589  
1.005
1112.85 79.7721  
1.006
1121.43 80.0866  
1.007
1130.09 80.4023  
1.008
1138.81 80.7193  
1.009
1147.61 81.0376  
1.01
1156.47 81.3572  
1.011
1165.4 81.678  
1.012
1174.4 82.0001  
1.013
1183.47 82.3235  
1.014
1192.61 82.6481  
1.015
1201.83 82.9741  
1.016
1211.12 83.3014  
1.017
1220.48 83.63  
1.018
1229.91 83.9599  
1.019
1239.42 84.2911  
1.02
1249 84.6236  
1.021
1258.66 84.9575  
1.022
1268.39 85.2927  
1.023
1278.2 85.6292  
1.024
1288.09 85.9671  
1.025
1298.06 86.3063  
1.026
1308.1 86.6469  
1.027
1318.23 86.9888  
1.028
1328.43 87.3321  
1.029
1338.71 87.6768  
1.03
1349.07 88.0228  
1.031
1359.52 88.3702  
1.032
1370.05 88.7191  
1.033
1380.66 89.0693  
1.034
1391.35 89.4209  
1.035
1402.13 89.7739  
1.036
1412.99 90.1283  
1.037
1423.94 90.4841  
1.038
1434.97 90.8414  
1.039
1446.09 91.2001  
1.04
1457.3 91.5602  
1.041
1468.6 91.9217  
1.042
1479.99 92.2847  
1.043
1491.46 92.6492  
1.044
1503.03 93.0151  
1.045
1514.68 93.3824  
1.046
1526.43 93.7512  
1.047
1538.27 94.1215  
1.048
1550.21 94.4933  
1.049
1562.24 94.8666  
1.05
1574.36 95.2413  
1.051
1586.58 95.6176  
1.052
1598.89 95.9953  
1.053
1611.3 96.3746  
1.054
1623.81 96.7553  
1.055
1636.42 97.1376  
1.056
1649.13 97.5214  
1.057
1661.94 97.9068  
1.058
1674.85 98.2937  
1.059
1687.86 98.6821  
1.06
1700.97 99.0721  
1.061
1714.19 99.4636  
1.062
1727.51 99.8567  
1.063
1740.93 100.251  
1.064
1754.46 100.648  
1.065
1768.1 101.045  
1.066
1781.85 101.445  
1.067
1795.7 101.846  
1.068
1809.66 102.249  
1.069
1823.74 102.653  
1.07
1837.92 103.059  
1.071
1852.22 103.466  
1.072
1866.62 103.875  
1.073
1881.15 104.286  
1.074
1895.78 104.698  
1.075
1910.54 105.112  
1.076
1925.4 105.528  
1.077
1940.39 105.945  
1.078
1955.49 106.364  
1.079
1970.72 106.785  
1.08
1986.06 107.207  
1.081
2001.53 107.631  
1.082
2017.11 108.057  
1.083
2032.82 108.484  
1.084
2048.66 108.913  
1.085
2064.61 109.344  
1.086
2080.7 109.777  
1.087
2096.91 110.211  
1.088
2113.25 110.647  
1.089
2129.72 111.085  
1.09
2146.32 111.524  
1.091
2163.04 111.965  
1.092
2179.91 112.408  
1.093
2196.9 112.853  
1.094
2214.03 113.3  
1.095
2231.29 113.748  
1.096
2248.69 114.198  
1.097
2266.23 114.65  
1.098
2283.91 115.104  
1.099
2301.72 115.559  
1.1
2319.68 116.017  
1.101
2337.78 116.476  
1.102
2356.02 116.937  
1.103
2374.4 117.4  
1.104
2392.93 117.865  
1.105
2411.61 118.331  
1.106
2430.44 118.8  
1.107
2449.41 119.27  
1.108
2468.53 119.742  
1.109
2487.81 120.216  
1.11
2507.23 120.692  
1.111
2526.81 121.17  
1.112
2546.55 121.65  
1.113
2566.44 122.131  
1.114
2586.49 122.615  
1.115
2606.69 123.1  
1.116
2627.06 123.588  
1.117
2647.59 124.077  
1.118
2668.27 124.569  
1.119
2689.13 125.062  
1.12
2710.15 125.557  
1.121
2731.33 126.054  
1.122
2752.68 126.554  
1.123
2774.2 127.055  
1.124
2795.89 127.558  
1.125
2817.75 128.063  
1.126
2839.79 128.571  
1.127
2862 129.08  
1.128
2884.38 129.591  
1.129
2906.94 130.105  
1.13
2929.68 130.62  
1.131
2952.6 131.138  
1.132
2975.7 131.657  
1.133
2998.99 132.179  
1.134
3022.46 132.702  
1.135
3046.11 133.228  
1.136
3069.95 133.756  
1.137
3093.98 134.286  
1.138
3118.2 134.818  
1.139
3142.61 135.353  
1.14
3167.22 135.889  
1.141
3192.02 136.427  
1.142
3217.01 136.968  
1.143
3242.2 137.511  
1.144
3267.6 138.056  
1.145
3293.19 138.603  
1.146
3318.99 139.152  
1.147
3344.99 139.704  
1.148
3371.19 140.258  
1.149
3397.61 140.814  
1.15
3424.23 141.372  
1.151
3451.06 141.932  
1.152
3478.11 142.495  
1.153
3505.37 143.06  
1.154
3532.85 143.627  
1.155
3560.54 144.196  
1.156
3588.45 144.768  
1.157
3616.58 145.342  
1.158
3644.94 145.918  
1.159
3673.52 146.497  
1.16
3702.33 147.078  
1.161
3731.37 147.661  
1.162
3760.63 148.246  
1.163
3790.13 148.834  
1.164
3819.86 149.424  
1.165
3849.82 150.017  
1.166
3880.03 150.612  
1.167
3910.47 151.209  
1.168
3941.16 151.809  
1.169
3972.08 152.411  
1.17
4003.25 153.015  
1.171
4034.67 153.622  
1.172
4066.34 154.231  
1.173
4098.26 154.843  
1.174
4130.43 155.457  
1.175
4162.86 156.074  
1.176
4195.54 156.693  
1.177
4228.49 157.315  
1.178
4261.69 157.939  
1.179
4295.16 158.565  
1.18
4328.89 159.194  
1.181
4362.89 159.826  
1.182
4397.16 160.46  
1.183
4431.7 161.096  
1.184
4466.51 161.736  
1.185
4501.6 162.377  
1.186
4536.97 163.021  
1.187
4572.62 163.668  
1.188
4608.55 164.318  
1.189
4644.77 164.97  
1.19
4681.27 165.624  
1.191
4718.07 166.282  
1.192
4755.15 166.941  
1.193
4792.53 167.604  
1.194
4830.2 168.269  
1.195
4868.18 168.937  
1.196
4906.45 169.607  
1.197
4945.03 170.28  
1.198
4983.92 170.956  
1.199
5023.11 171.635  
1.2
5062.61 172.316  
1.201
5102.43 173  
1.202
5142.56 173.686  
1.203
5183.01 174.376  
1.204
5223.79 175.068  
1.205
5264.88 175.763  
1.206
5306.3 176.461  
1.207
5348.05 177.161  
1.208
5390.13 177.864  
1.209
5432.55 178.57  
1.21
5475.3 179.279  
1.211
5518.39 179.991  
1.212
5561.82 180.706  
1.213
5605.6 181.423  
1.214
5649.72 182.143  
1.215
5694.2 182.866  
1.216
5739.03 183.593  
1.217
5784.21 184.321  
1.218
5829.75 185.053  
1.219
5875.65 185.788  
1.22
5921.92 186.526  
1.221
5968.56 187.266  
1.222
6015.56 188.01  
1.223
6062.94 188.757  
1.224
6110.69 189.506  
1.225
6158.83 190.259  
1.226
6207.34 191.014  
1.227
6256.24 191.773  
1.228
6305.53 192.535  
1.229
6355.21 193.299  
1.23
6405.28 194.067  
1.231
6455.76 194.838  
1.232
6506.63 195.611  
1.233
6557.9 196.388  
1.234
6609.59 197.168  
1.235
6661.68 197.952  
1.236
6714.19 198.738  
1.237
6767.11 199.527  
1.238
6820.46 200.32  
1.239
6874.22 201.116  
1.24
6928.42 201.914  
1.241
6983.04 202.716  
1.242
7038.1 203.522  
1.243
7093.6 204.33  
1.244
7149.54 205.142  
1.245
7205.92 205.957  
1.246
7262.75 206.775  
1.247
7320.03 207.597  
1.248
7377.76 208.421  
1.249
7435.96 209.25  
1.25
7494.61 210.081  
1.251
7553.74 210.916  
1.252
7613.33 211.754  
1.253
7673.39 212.595  
1.254
7733.94 213.44  
1.255
7794.96 214.288  
1.256
7856.47 215.139  
1.257
7918.46 215.994  
1.258
7980.95 216.852  
1.259
8043.94 217.714  
1.26
8107.43 218.579  
1.261
8171.42 219.448  
1.262
8235.92 220.32  
1.263
8300.93 221.196  
1.264
8366.46 222.075  
1.265
8432.5 222.957  
1.266
8499.08 223.843  
1.267
8566.18 224.733  
1.268
8633.82 225.626  
1.269
8701.99 226.523  
1.27
8770.71 227.423  
1.271
8839.97 228.327  
1.272
8909.78 229.235  
1.273
8980.15 230.146  
1.274
9051.07 231.061  
1.275
9122.56 231.979  
1.276
9194.62 232.901  
1.277
9267.25 233.827  
1.278
9340.46 234.756  
1.279
9414.25 235.69  
1.28
9488.63 236.627  
1.281
9563.6 237.567  
1.282
9639.16 238.512  
1.283
9715.33 239.46  
1.284
9792.1 240.412  
1.285
9869.48 241.368  
1.286
9947.48 242.327  
1.287
10026.1 243.291  
1.288
10105.3 244.258  
1.289
10185.2 245.229  
1.29
10265.7 246.204  
1.291
10346.9 247.183  
1.292
10428.7 248.166  
1.293
10511.1 249.152  
1.294
10594.2 250.143  
1.295
10678 251.138  
1.296
10762.4 252.136  
1.297
10847.5 253.139  
1.298
10933.2 254.145  
1.299
11019.7 255.156  
1.3
11106.8 256.171  
1.301
11194.7 257.189  
1.302
11283.2 258.212  
1.303
11372.5 259.239  
1.304
11462.4 260.27  
1.305
11553.1 261.305  
1.306
11644.5 262.344  
1.307
11736.6 263.387  
1.308
11829.4 264.435  
1.309
11923 265.487  
1.31
12017.3 266.542  
1.311
12112.4 267.602  
1.312
12208.2 268.667  
1.313
12304.8 269.735  
1.314
12402.2 270.808  
1.315
12500.3 271.885  
1.316
12599.3 272.967  
1.317
12699 274.052  
1.318
12799.5 275.143  
1.319
12900.8 276.237  
1.32
13002.9 277.336  
1.321
13105.8 278.439  
1.322
13209.5 279.546  
1.323
13314.1 280.658  
1.324
13419.5 281.775  
1.325
13525.7 282.896  
1.326
13632.8 284.021  
1.327
13740.7 285.151  
1.328
13849.5 286.285  
1.329
13959.2 287.424  
1.33
14069.7 288.568  
1.331
14181.1 289.716  
1.332
14293.4 290.868  
1.333
14406.6 292.026  
1.334
14520.7 293.187  
1.335
14635.7 294.354  
1.336
14751.6 295.525  
1.337
14868.5 296.701  
1.338
14986.2 297.881  
1.339
15104.9 299.066  
1.34
15224.6 300.256  
1.341
15345.2 301.451  
1.342
15466.7 302.65  
1.343
15589.3 303.855  
1.344
15712.8 305.064  
1.345
15837.3 306.278  
1.346
15962.8 307.496  
1.347
16089.2 308.72  
1.348
16216.7 309.948  
1.349
16345.2 311.182  
1.35
16474.7 312.42  
1.351
16605.3 313.663  
1.352
16736.9 314.911  
1.353
16869.5 316.165  
1.354
17003.2 317.423  
1.355
17138 318.686  
1.356
17273.8 319.954  
1.357
17410.7 321.227  
1.358
17548.8 322.506  
1.359
17687.9 323.789  
1.36
17828.1 325.078  
1.361
17969.4 326.372  
1.362
18111.9 327.671  
1.363
18255.4 328.975  
1.364
18400.2 330.284  
1.365
18546.1 331.599  
1.366
18693.1 332.918  
1.367
18841.3 334.243  
1.368
18990.7 335.574  
1.369
19141.3 336.909  
1.37
19293.1 338.25  
1.371
19446.1 339.597  
1.372
19600.3 340.949  
1.373
19755.8 342.306  
1.374
19912.5 343.668  
1.375
20070.4 345.036  
1.376
20229.6 346.41  
1.377
20390 347.789  
1.378
20551.8 349.173  
1.379
20714.8 350.563  
1.38
20879.1 351.958  
1.381
21044.8 353.359  
1.382
21211.7 354.766  
1.383
21380 356.178  
1.384
21549.6 357.596  
1.385
21720.6 359.02  
1.386
21892.9 360.449  
1.387
22066.6 361.884  
1.388
22241.7 363.325  
1.389
22418.2 364.771  
1.39
22596.1 366.223  
1.391
22775.4 367.681  
1.392
22956.2 369.145  
1.393
23138.3 370.615  
1.394
23322 372.091  
1.395
23507.1 373.572  
1.396
23693.6 375.059  
1.397
23881.7 376.553  
1.398
24071.2 378.052  
1.399
24262.3 379.557  
1.4
24454.9 381.068  
1.401
24649 382.586  
1.402
24844.7 384.109  
1.403
25041.9 385.638  
1.404
25240.7 387.174  
1.405
25441.1 388.716  
1.406
25643.1 390.263  
1.407
25846.7 391.817  
1.408
26051.9 393.377  
1.409
26258.7 394.944  
1.41
26467.2 396.517  
1.411
26677.4 398.096  
1.412
26889.2 399.681  
1.413
27102.7 401.272  
1.414
27318 402.87  
1.415
27534.9 404.475  
1.416
27753.6 406.085  
1.417
27974 407.702  
1.418
28196.1 409.326  
1.419
28420.1 410.956  
1.42
28645.8 412.593  
1.421
28873.3 414.236  
1.422
29102.7 415.886  
1.423
29333.8 417.542  
1.424
29566.8 419.205  
1.425
29801.7 420.874  
1.426
30038.4 422.55  
1.427
30277.1 424.233  
1.428
30517.6 425.923  
1.429
30760 427.619  
1.43
31004.4 429.322  
1.431
31250.7 431.032  
1.432
31499 432.749  
1.433
31749.3 434.473  
1.434
32001.6 436.203  
1.435
32255.8 437.94  
1.436
32512.1 439.685  
1.437
32770.5 441.436  
1.438
33030.9 443.194  
1.439
33293.4 444.959  
1.44
33558 446.732  
1.441
33824.6 448.511  
1.442
34093.5 450.298  
1.443
34364.4 452.091  
1.444
34637.5 453.892  
1.445
34912.8 455.7  
1.446
35190.3 457.515  
1.447
35470 459.338  
1.448
35751.9 461.168  
1.449
36036.1 463.005  
1.45
36322.6 464.849  
1.451
36611.3 466.701  
1.452
36902.3 468.56  
1.453
37195.7 470.426  
1.454
37491.4 472.3  
1.455
37789.4 474.182  
1.456
38089.8 476.071  
1.457
38392.7 477.967  
1.458
38697.9 479.871  
1.459
39005.6 481.783  
1.46
39315.7 483.703  
1.461
39628.3 485.63  
1.462
39943.4 487.564  
1.463
40261 489.507  
1.464
40581.1 491.457  
1.465
40903.8 493.415  
1.466
41229.1 495.38  
1.467
41556.9 497.354  
1.468
41887.4 499.336  
1.469
42220.5 501.325  
1.47
42556.3 503.322  
1.471
42894.7 505.328  
1.472
43235.9 507.341  
1.473
43579.7 509.362  
1.474
43926.3 511.392  
1.475
44275.7 513.429  
1.476
44627.9 515.475  
1.477
44982.8 517.529  
1.478
45340.7 519.591  
1.479
45701.3 521.661  
1.48
46064.8 523.74  
1.481
46431.3 525.826  
1.482
46800.6 527.922  
1.483
47172.9 530.025  
1.484
47548.2 532.137  
1.485
47926.5 534.257  
1.486
48307.7 536.386  
1.487
48692.1 538.524  
1.488
49079.5 540.669  
1.489
49469.9 542.824  
1.49
49863.5 544.987  
1.491
50260.3 547.158  
1.492
50660.2 549.339  
1.493
51063.3 551.528  
1.494
51469.6 553.726  
1.495
51879.1 555.932  
1.496
52291.9 558.147  
1.497
52708.1 560.372  
1.498
53127.5 562.605  
1.499
53550.3 564.847  
1.5
53976.4 567.098  
1.501
54406 569.357  
1.502
54838.9 571.626  
1.503
55275.4 573.904  
1.504
55715.3 576.191  
1.505
56158.7 578.488  
1.506
56605.7 580.793  
1.507
57056.2 583.108  
1.508
57510.3 585.431  
1.509
57968.1 587.765  
1.51
58429.5 590.107  
1.511
58894.6 592.459  
1.512
59363.4 594.82  
1.513
59835.9 597.19  
1.514
60312.2 599.57  
1.515
60792.3 601.96  
1.516
61276.3 604.359  
1.517
61764.1 606.768  
1.518
62255.8 609.186  
1.519
62751.4 611.614  
1.52
63251 614.052  
1.521
63754.5 616.499  
1.522
64262.1 618.956  
1.523
64773.7 621.423  
1.524
65289.4 623.9  
1.525
65809.3 626.386  
1.526
66333.2 628.883  
1.527
66861.4 631.39  
1.528
67393.8 633.906  
1.529
67930.4 636.433  
1.53
68471.3 638.969  
1.531
69016.5 641.516  
1.532
69566.1 644.073  
1.533
70120.1 646.641  
1.534
70678.5 649.218  
1.535
71241.3 651.806  
1.536
71808.6 654.404  
1.537
72380.5 657.012  
1.538
72956.9 659.631  
1.539
73537.9 662.26  
1.54
74123.6 664.9  
1.541
74713.9 667.551  
1.542
75309 670.211  
1.543
75908.8 672.883  
1.544
76513.4 675.565  
1.545
77122.8 678.258  
1.546
77737.1 680.962  
1.547
78356.3 683.676  
1.548
78980.4 686.402  
1.549
79609.5 689.138  
1.55
80243.6 691.885  
1.551
80882.8 694.643  
1.552
81527.1 697.412  
1.553
82176.5 700.192  
1.554
82831.2 702.983  
1.555
83491 705.786  
1.556
84156.1 708.599  
1.557
84826.5 711.424  
1.558
85502.3 714.26  
1.559
86183.5 717.107  
1.56
86870.1 719.966  
1.561
87562.2 722.836  
1.562
88259.8 725.718  
1.563
88963 728.611  
1.564
89671.8 731.516  
1.565
90386.2 734.432  
1.566
91106.4 737.36  
1.567
91832.3 740.3  
1.568
92564 743.251  
1.569
93301.6 746.214  
1.57
94045 749.189  
1.571
94794.4 752.176  
1.572
95549.7 755.175  
1.573
96311.1 758.185  
1.574
97078.6 761.208  
1.575
97852.2 764.243  
1.576
98632 767.29  
1.577
99418 770.349  
1.578
100210 773.42  
1.579
101009 776.504  
1.58
101814 779.6  
1.581
102625 782.708  
1.582
103443 785.828  
1.583
104267 788.962  
1.584
105098 792.107  
1.585
105936 795.265  
1.586
106780 798.436  
1.587
107631 801.62  
1.588
108489 804.816  
1.589
109354 808.025  
1.59
110226 811.246  
1.591
111104 814.481  
1.592
111990 817.728  
1.593
112882 820.989  
1.594
113782 824.262  
1.595
114689 827.549  
1.596
115603 830.848  
1.597
116525 834.161  
1.598
117454 837.487  
1.599
118390 840.826  
1.6
119334 844.179  
1.601
120285 847.545  
1.602
121244 850.925  
1.603
122211 854.318  
1.604
123185 857.724  
1.605
124167 861.144  
1.606
125157 864.578  
1.607
126155 868.025  
1.608
127160 871.487  
1.609
128174 874.962  
1.61
129196 878.451  
1.611
130226 881.953  
1.612
131265 885.47  
1.613
132311 889.001  
1.614
133366 892.546  
1.615
134429 896.105  
1.616
135501 899.679  
1.617
136582 903.266  
1.618
137671 906.868  
1.619
138769 910.484  
1.62
139875 914.115  
1.621
140990 917.76  
1.622
142115 921.42  
1.623
143248 925.094  
1.624
144390 928.783  
1.625
145542 932.487  
1.626
146702 936.206  
1.627
147872 939.939  
1.628
149051 943.687  
1.629
150240 947.451  
1.63
151438 951.229  
1.631
152646 955.022  
1.632
153863 958.831  
1.633
155090 962.655  
1.634
156327 966.494  
1.635
157574 970.348  
1.636
158831 974.218  
1.637
160097 978.103  
1.638
161374 982.003  
1.639
162661 985.92  
1.64
163959 989.852  
1.641
165266 993.799  
1.642
166585 997.762  
1.643
167913 1001.74  
1.644
169253 1005.74  
1.645
170603 1009.75  
1.646
171963 1013.77  
1.647
173335 1017.82  
1.648
174718 1021.88  
1.649
176111 1025.95  
1.65
177516 1030.04  
1.651
178932 1034.15  
1.652
180360 1038.28  
1.653
181798 1042.42  
1.654
183249 1046.57  
1.655
184710 1050.75  
1.656
186184 1054.94  
1.657
187669 1059.15  
1.658
189166 1063.37  
1.659
190675 1067.61  
1.66
192196 1071.87  
1.661
193730 1076.14  
1.662
195275 1080.44  
1.663
196833 1084.75  
1.664
198404 1089.07  
1.665
199986 1093.42  
1.666
201582 1097.78  
1.667
203190 1102.16  
1.668
204811 1106.55  
1.669
206445 1110.96  
1.67
208093 1115.4  
1.671
209753 1119.84  
1.672
211426 1124.31  
1.673
213113 1128.8  
1.674
214814 1133.3  
1.675
216528 1137.82  
1.676
218255 1142.36  
1.677
219997 1146.91  
1.678
221752 1151.49  
1.679
223522 1156.08  
1.68
225305 1160.69  
1.681
227103 1165.32  
1.682
228915 1169.97  
1.683
230742 1174.64  
1.684
232583 1179.32  
1.685
234439 1184.02  
1.686
236310 1188.75  
1.687
238196 1193.49  
1.688
240097 1198.25  
1.689
242013 1203.03  
1.69
243944 1207.83  
1.691
245891 1212.64  
1.692
247853 1217.48  
1.693
249831 1222.34  
1.694
251825 1227.21  
1.695
253834 1232.11  
1.696
255860 1237.02  
1.697
257902 1241.96  
1.698
259960 1246.91  
1.699
262035 1251.89  
1.7
264126 1256.88  
1.701
266234 1261.89  
1.702
268359 1266.93  
1.703
270501 1271.98  
1.704
272660 1277.05  
1.705
274836 1282.15  
1.706
277030 1287.26  
1.707
279241 1292.4  
1.708
281469 1297.55  
1.709
283716 1302.73  
1.71
285981 1307.92  
1.711
288263 1313.14  
1.712
290564 1318.38  
1.713
292883 1323.64  
1.714
295221 1328.92  
1.715
297578 1334.22  
1.716
299953 1339.54  
1.717
302347 1344.89  
1.718
304761 1350.25  
1.719
307193 1355.64  
1.72
309645 1361.04  
1.721
312117 1366.48  
1.722
314609 1371.92  
1.723
317120 1377.41  
1.724
319651 1382.88  
1.725
322203 1388.43  
1.726
324775 1393.91  
1.727
327368 1399.59  
1.728
329981 1404.95  
1.729
332615 1410.95  
1.73
335271 1415.86  
1.731
337946 1422.82  
1.732
340647 1426.08  
1.733
343362 1436.26  
1.734
346111 1433.6  
1.735
348859 1455.06  
1.736
351674 1431  
1.737
354425 1493.27  
1.738
357364 1389.96  
1.739
360010 1602.16  
1.74
363297 1195.32  
1.741
365453 1946.32  
1.742
369972 350.876  
1.743
370835 2447.59  
1.744
377567 -1318.11  
1.745
380060 -790.115  
1.746
381444 865.962  
1.747
382957 2404.74  
1.748
389505 -1080.28  
1.749
391451 89.7495  
1.75
392242 2430.4  
1.751
398934 -1123  
1.752
400993 9.45966  
1.753
401795 2415.33  
1.754
408432 -1007.71  
1.755
410265 427.405  
1.756
411268 2706.32  
1.757
419414 -2150.23  
1.758
424877 -4257.25  
1.759
443851 -19832.1  
1.76
838052 -410482  
1.761
1.69335e+08 -1.68901e+08  
1.762
2.85278e+13 -2.85278e+13  
1.763
8.13835e+23 -8.13835e+23  
1.764
6.62327e+44 -6.62327e+44  
1.765
4.38677e+86 -4.38677e+86  
1.766
1.92437e+170 -1.92437e+170  
1.767
inf -inf  
1.768
inf -nan(ind)  
1.769
-nan(ind) -nan(ind)  
1.77
-nan(ind) -nan(ind)  
1.771
-nan(ind) -nan(ind)  
1.772
-nan(ind) -nan(ind)  
1.773
-nan(ind) -nan(ind)  
1.774
-nan(ind) -nan(ind)  
1.775
-nan(ind) -nan(ind)  
1.776
-nan(ind) -nan(ind)  
1.777
-nan(ind) -nan(ind)  
1.778
-nan(ind) -nan(ind)  
1.779
-nan(ind) -nan(ind)  
1.78
-nan(ind) -nan(ind)  
1.781
-nan(ind) -nan(ind)  
1.782
-nan(ind) -nan(ind)  
1.783
-nan(ind) -nan(ind)  
1.784
-nan(ind) -nan(ind)  
1.785
-nan(ind) -nan(ind)  
1.786
-nan(ind) -nan(ind)  
1.787
-nan(ind) -nan(ind)  
1.788
-nan(ind) -nan(ind)  
1.789
-nan(ind) -nan(ind)  
1.79
-nan(ind) -nan(ind)  
1.791
-nan(ind) -nan(ind)  
1.792
-nan(ind) -nan(ind)  
1.793
-nan(ind) -nan(ind)  
1.794
-nan(ind) -nan(ind)  
1.795
-nan(ind) -nan(ind)  
1.796
-nan(ind) -nan(ind)  
1.797
-nan(ind) -nan(ind)  
1.798
-nan(ind) -nan(ind)  
1.799
-nan(ind) -nan(ind)  
1.8
-nan(ind) -nan(ind)  
1.801
-nan(ind) -nan(ind)  
1.802
-nan(ind) -nan(ind)  
1.803
-nan(ind) -nan(ind)  
1.804
-nan(ind) -nan(ind)  
1.805
-nan(ind) -nan(ind)  
1.806
-nan(ind) -nan(ind)  
1.807
-nan(ind) -nan(ind)  
1.808
-nan(ind) -nan(ind)  
1.809
-nan(ind) -nan(ind)  
1.81
-nan(ind) -nan(ind)  
1.811
-nan(ind) -nan(ind)  
1.812
-nan(ind) -nan(ind)  
1.813
-nan(ind) -nan(ind)  
1.814
-nan(ind) -nan(ind)  
1.815
-nan(ind) -nan(ind)  
1.816
-nan(ind) -nan(ind)  
1.817
-nan(ind) -nan(ind)  
1.818
-nan(ind) -nan(ind)  
1.819
-nan(ind) -nan(ind)  
1.82
-nan(ind) -nan(ind)  
1.821
-nan(ind) -nan(ind)  
1.822
-nan(ind) -nan(ind)  
1.823
-nan(ind) -nan(ind)  
1.824
-nan(ind) -nan(ind)  
1.825
-nan(ind) -nan(ind)  
1.826
-nan(ind) -nan(ind)  
1.827
-nan(ind) -nan(ind)  
1.828
-nan(ind) -nan(ind)  
1.829
-nan(ind) -nan(ind)  
1.83
-nan(ind) -nan(ind)  
1.831
-nan(ind) -nan(ind)  
1.832
-nan(ind) -nan(ind)  
1.833
-nan(ind) -nan(ind)  
1.834
-nan(ind) -nan(ind)  
1.835
-nan(ind) -nan(ind)  
1.836
-nan(ind) -nan(ind)  
1.837
-nan(ind) -nan(ind)  
1.838
-nan(ind) -nan(ind)  
1.839
-nan(ind) -nan(ind)  
1.84
-nan(ind) -nan(ind)  
1.841
-nan(ind) -nan(ind)  
1.842
-nan(ind) -nan(ind)  
1.843
-nan(ind) -nan(ind)  
1.844
-nan(ind) -nan(ind)  
1.845
-nan(ind) -nan(ind)  
1.846
-nan(ind) -nan(ind)  
1.847
-nan(ind) -nan(ind)  
1.848
-nan(ind) -nan(ind)  
1.849
-nan(ind) -nan(ind)  
1.85
-nan(ind) -nan(ind)  
1.851
-nan(ind) -nan(ind)  
1.852
-nan(ind) -nan(ind)  
1.853
-nan(ind) -nan(ind)  
1.854
-nan(ind) -nan(ind)  
1.855
-nan(ind) -nan(ind)  
1.856
-nan(ind) -nan(ind)  
1.857
-nan(ind) -nan(ind)  
1.858
-nan(ind) -nan(ind)  
1.859
-nan(ind) -nan(ind)  
1.86
-nan(ind) -nan(ind)  
1.861
-nan(ind) -nan(ind)  
1.862
-nan(ind) -nan(ind)  
1.863
-nan(ind) -nan(ind)  
1.864
-nan(ind) -nan(ind)  
1.865
-nan(ind) -nan(ind)  
1.866
-nan(ind) -nan(ind)  
1.867
-nan(ind) -nan(ind)  
1.868
-nan(ind) -nan(ind)  
1.869
-nan(ind) -nan(ind)  
1.87
-nan(ind) -nan(ind)  
1.871
-nan(ind) -nan(ind)  
1.872
-nan(ind) -nan(ind)  
1.873
-nan(ind) -nan(ind)  
1.874
-nan(ind) -nan(ind)  
1.875
-nan(ind) -nan(ind)  
1.876
-nan(ind) -nan(ind)  
1.877
-nan(ind) -nan(ind)  
1.878
-nan(ind) -nan(ind)  
1.879
-nan(ind) -nan(ind)  
1.88
-nan(ind) -nan(ind)  
1.881
-nan(ind) -nan(ind)  
1.882
-nan(ind) -nan(ind)  
1.883
-nan(ind) -nan(ind)  
1.884
-nan(ind) -nan(ind)  
1.885
-nan(ind) -nan(ind)  
1.886
-nan(ind) -nan(ind)  
1.887
-nan(ind) -nan(ind)  
1.888
-nan(ind) -nan(ind)  
1.889
-nan(ind) -nan(ind)  
1.89
-nan(ind) -nan(ind)  
1.891
-nan(ind) -nan(ind)  
1.892
-nan(ind) -nan(ind)  
1.893
-nan(ind) -nan(ind)  
1.894
-nan(ind) -nan(ind)  
1.895
-nan(ind) -nan(ind)  
1.896
-nan(ind) -nan(ind)  
1.897
-nan(ind) -nan(ind)  
1.898
-nan(ind) -nan(ind)  
1.899
-nan(ind) -nan(ind)  
1.9
-nan(ind) -nan(ind)  
1.901
-nan(ind) -nan(ind)  
1.902
-nan(ind) -nan(ind)  
1.903
-nan(ind) -nan(ind)  
1.904
-nan(ind) -nan(ind)  
1.905
-nan(ind) -nan(ind)  
1.906
-nan(ind) -nan(ind)  
1.907
-nan(ind) -nan(ind)  
1.908
-nan(ind) -nan(ind)  
1.909
-nan(ind) -nan(ind)  
1.91
-nan(ind) -nan(ind)  
1.911
-nan(ind) -nan(ind)  
1.912
-nan(ind) -nan(ind)  
1.913
-nan(ind) -nan(ind)  
1.914
-nan(ind) -nan(ind)  
1.915
-nan(ind) -nan(ind)  
1.916
-nan(ind) -nan(ind)  
1.917
-nan(ind) -nan(ind)  
1.918
-nan(ind) -nan(ind)  
1.919
-nan(ind) -nan(ind)  
1.92
-nan(ind) -nan(ind)  
1.921
-nan(ind) -nan(ind)  
1.922
-nan(ind) -nan(ind)  
1.923
-nan(ind) -nan(ind)  
1.924
-nan(ind) -nan(ind)  
1.925
-nan(ind) -nan(ind)  
1.926
-nan(ind) -nan(ind)  
1.927
-nan(ind) -nan(ind)  
1.928
-nan(ind) -nan(ind)  
1.929
-nan(ind) -nan(ind)  
1.93
-nan(ind) -nan(ind)  
1.931
-nan(ind) -nan(ind)  
1.932
-nan(ind) -nan(ind)  
1.933
-nan(ind) -nan(ind)  
1.934
-nan(ind) -nan(ind)  
1.935
-nan(ind) -nan(ind)  
1.936
-nan(ind) -nan(ind)  
1.937
-nan(ind) -nan(ind)  
1.938
-nan(ind) -nan(ind)  
1.939
-nan(ind) -nan(ind)  
1.94
-nan(ind) -nan(ind)  
1.941
-nan(ind) -nan(ind)  
1.942
-nan(ind) -nan(ind)  
1.943
-nan(ind) -nan(ind)  
1.944
-nan(ind) -nan(ind)  
1.945
-nan(ind) -nan(ind)  
1.946
-nan(ind) -nan(ind)  
1.947
-nan(ind) -nan(ind)  
1.948
-nan(ind) -nan(ind)  
1.949
-nan(ind) -nan(ind)  
1.95
-nan(ind) -nan(ind)  
1.951
-nan(ind) -nan(ind)  
1.952
-nan(ind) -nan(ind)  
1.953
-nan(ind) -nan(ind)  
1.954
-nan(ind) -nan(ind)  
1.955
-nan(ind) -nan(ind)  
1.956
-nan(ind) -nan(ind)  
1.957
-nan(ind) -nan(ind)  
1.958
-nan(ind) -nan(ind)  
1.959
-nan(ind) -nan(ind)  
1.96
-nan(ind) -nan(ind)  
1.961
-nan(ind) -nan(ind)  
1.962
-nan(ind) -nan(ind)  
1.963
-nan(ind) -nan(ind)  
1.964
-nan(ind) -nan(ind)  
1.965
-nan(ind) -nan(ind)  
1.966
-nan(ind) -nan(ind)  
1.967
-nan(ind) -nan(ind)  
1.968
-nan(ind) -nan(ind)  
1.969
-nan(ind) -nan(ind)  
1.97
-nan(ind) -nan(ind)  
1.971
-nan(ind) -nan(ind)  
1.972
-nan(ind) -nan(ind)  
1.973
-nan(ind) -nan(ind)  
1.974
-nan(ind) -nan(ind)  
1.975
-nan(ind) -nan(ind)  
1.976
-nan(ind) -nan(ind)  
1.977
-nan(ind) -nan(ind)  
1.978
-nan(ind) -nan(ind)  
1.979
-nan(ind) -nan(ind)  
1.98
-nan(ind) -nan(ind)  
1.981
-nan(ind) -nan(ind)  
1.982
-nan(ind) -nan(ind)  
1.983
-nan(ind) -nan(ind)  
1.984
-nan(ind) -nan(ind)  
1.985
-nan(ind) -nan(ind)  
1.986
-nan(ind) -nan(ind)  
1.987
-nan(ind) -nan(ind)  
1.988
-nan(ind) -nan(ind)  
1.989
-nan(ind) -nan(ind)  
1.99
-nan(ind) -nan(ind)  
1.991
-nan(ind) -nan(ind)  
1.992
-nan(ind) -nan(ind)  
1.993
-nan(ind) -nan(ind)  
1.994
-nan(ind) -nan(ind)  
1.995
-nan(ind) -nan(ind)  
1.996
-nan(ind) -nan(ind)  
1.997
-nan(ind) -nan(ind)  
1.998
-nan(ind) -nan(ind)  
1.999
-nan(ind) -nan(ind)  
2
-nan(ind) -nan(ind)  
