0
0 0  
0
0 0  
0.001
-0.001002 0.000993987  
0.002
-0.00200601 0.00198195  
0.003
-0.00301203 0.00296387  
0.004
-0.00402005 0.00393973  
0.005
-0.00503009 0.00490953  
0.006
-0.00604214 0.00587324  
0.007
-0.0070562 0.00683085  
0.008
-0.00807229 0.00778236  
0.009
-0.00909039 0.00872774  
0.01
-0.0101105 0.00966699  
0.011
-0.0111327 0.0106001  
0.012
-0.0121569 0.011527  
0.013
-0.0131831 0.0124477  
0.014
-0.0142113 0.0133623  
0.015
-0.0152416 0.0142706  
0.016
-0.0162739 0.0151728  
0.017
-0.0173083 0.0160687  
0.018
-0.0183447 0.0169583  
0.019
-0.0193831 0.0178417  
0.02
-0.0204236 0.0187188  
0.021
-0.0214662 0.0195896  
0.022
-0.0225108 0.0204541  
0.023
-0.0235574 0.0213123  
0.024
-0.0246061 0.0221642  
0.025
-0.0256569 0.0230097  
0.026
-0.0267098 0.0238489  
0.027
-0.0277647 0.0246817  
0.028
-0.0288217 0.0255081  
0.029
-0.0298808 0.0263282  
0.03
-0.0309419 0.0271418  
0.031
-0.0320051 0.027949  
0.032
-0.0330705 0.0287497  
0.033
-0.0341379 0.029544  
0.034
-0.0352073 0.0303318  
0.035
-0.0362789 0.0311132  
0.036
-0.0373526 0.0318881  
0.037
-0.0384284 0.0326564  
0.038
-0.0395063 0.0334183  
0.039
-0.0405863 0.0341736  
0.04
-0.0416684 0.0349224  
0.041
-0.0427527 0.0356646  
0.042
-0.043839 0.0364002  
0.043
-0.0449275 0.0371293  
0.044
-0.0460181 0.0378517  
0.045
-0.0471108 0.0385676  
0.046
-0.0482057 0.0392768  
0.047
-0.0493027 0.0399794  
0.048
-0.0504019 0.0406753  
0.049
-0.0515032 0.0413646  
0.05
-0.0526066 0.0420472  
0.051
-0.0537122 0.0427231  
0.052
-0.05482 0.0433923  
0.053
-0.0559299 0.0440548  
0.054
-0.057042 0.0447105  
0.055
-0.0581562 0.0453595  
0.056
-0.0592726 0.0460018  
0.057
-0.0603913 0.0466372  
0.058
-0.061512 0.0472659  
0.059
-0.062635 0.0478878  
0.06
-0.0637602 0.0485029  
0.061
-0.0648875 0.0491112  
0.062
-0.0660171 0.0497126  
0.063
-0.0671489 0.0503072  
0.064
-0.0682829 0.0508949  
0.065
-0.069419 0.0514757  
0.066
-0.0705574 0.0520497  
0.067
-0.0716981 0.0526167  
0.068
-0.0728409 0.0531768  
0.069
-0.073986 0.05373  
0.07
-0.0751333 0.0542763  
0.071
-0.0762829 0.0548156  
0.072
-0.0774347 0.0553479  
0.073
-0.0785888 0.0558733  
0.074
-0.0797451 0.0563916  
0.075
-0.0809036 0.056903  
0.076
-0.0820645 0.0574073  
0.077
-0.0832276 0.0579046  
0.078
-0.084393 0.0583948  
0.079
-0.0855606 0.058878  
0.08
-0.0867305 0.0593541  
0.081
-0.0879028 0.0598231  
0.082
-0.0890773 0.060285  
0.083
-0.0902541 0.0607397  
0.084
-0.0914332 0.0611874  
0.085
-0.0926147 0.0616279  
0.086
-0.0937984 0.0620613  
0.087
-0.0949845 0.0624875  
0.088
-0.0961729 0.0629065  
0.089
-0.0973636 0.0633183  
0.09
-0.0985566 0.0637229  
0.091
-0.099752 0.0641203  
0.092
-0.10095 0.0645104  
0.093
-0.10215 0.0648933  
0.094
-0.103352 0.0652689  
0.095
-0.104557 0.0656373  
0.096
-0.105764 0.0659983  
0.097
-0.106974 0.0663521  
0.098
-0.108186 0.0666985  
0.099
-0.1094 0.0670376  
0.1
-0.110617 0.0673694  
0.101
-0.111836 0.0676938  
0.102
-0.113057 0.0680108  
0.103
-0.114281 0.0683205  
0.104
-0.115508 0.0686227  
0.105
-0.116736 0.0689175  
0.106
-0.117967 0.0692049  
0.107
-0.119201 0.0694849  
0.108
-0.120437 0.0697574  
0.109
-0.121675 0.0700225  
0.11
-0.122916 0.07028  
0.111
-0.12416 0.0705301  
0.112
-0.125405 0.0707727  
0.113
-0.126654 0.0710077  
0.114
-0.127904 0.0712352  
0.115
-0.129158 0.0714551  
0.116
-0.130413 0.0716675  
0.117
-0.131672 0.0718723  
0.118
-0.132932 0.0720695  
0.119
-0.134195 0.0722591  
0.12
-0.135461 0.0724411  
0.121
-0.136729 0.0726155  
0.122
-0.138 0.0727822  
0.123
-0.139273 0.0729412  
0.124
-0.140549 0.0730926  
0.125
-0.141827 0.0732363  
0.126
-0.143108 0.0733722  
0.127
-0.144391 0.0735005  
0.128
-0.145677 0.073621  
0.129
-0.146966 0.0737338  
0.13
-0.148257 0.0738388  
0.131
-0.149551 0.073936  
0.132
-0.150847 0.0740254  
0.133
-0.152146 0.0741071  
0.134
-0.153447 0.0741809  
0.135
-0.154751 0.0742469  
0.136
-0.156058 0.074305  
0.137
-0.157367 0.0743553  
0.138
-0.158679 0.0743977  
0.139
-0.159993 0.0744322  
0.14
-0.16131 0.0744588  
0.141
-0.16263 0.0744774  
0.142
-0.163952 0.0744882  
0.143
-0.165277 0.074491  
0.144
-0.166605 0.0744858  
0.145
-0.167935 0.0744726  
0.146
-0.169268 0.0744515  
0.147
-0.170604 0.0744223  
0.148
-0.171942 0.0743851  
0.149
-0.173283 0.0743399  
0.15
-0.174627 0.0742866  
0.151
-0.175973 0.0742253  
0.152
-0.177323 0.0741558  
0.153
-0.178674 0.0740783  
0.154
-0.180029 0.0739927  
0.155
-0.181386 0.0738989  
0.156
-0.182746 0.073797  
0.157
-0.184109 0.0736869  
0.158
-0.185475 0.0735686  
0.159
-0.186843 0.0734422  
0.16
-0.188214 0.0733075  
0.161
-0.189588 0.0731646  
0.162
-0.190964 0.0730135  
0.163
-0.192344 0.0728541  
0.164
-0.193726 0.0726865  
0.165
-0.195111 0.0725106  
0.166
-0.196499 0.0723264  
0.167
-0.197889 0.0721338  
0.168
-0.199283 0.0719329  
0.169
-0.200679 0.0717237  
0.17
-0.202078 0.0715061  
0.171
-0.20348 0.0712802  
0.172
-0.204885 0.0710458  
0.173
-0.206292 0.0708031  
0.174
-0.207703 0.0705519  
0.175
-0.209116 0.0702922  
0.176
-0.210532 0.0700241  
0.177
-0.211951 0.0697476  
0.178
-0.213373 0.0694625  
0.179
-0.214798 0.0691689  
0.18
-0.216225 0.0688668  
0.181
-0.217656 0.0685562  
0.182
-0.21909 0.068237  
0.183
-0.220526 0.0679092  
0.184
-0.221965 0.0675729  
0.185
-0.223408 0.0672279  
0.186
-0.224853 0.0668743  
0.187
-0.226301 0.0665121  
0.188
-0.227752 0.0661412  
0.189
-0.229206 0.0657616  
0.19
-0.230663 0.0653734  
0.191
-0.232123 0.0649764  
0.192
-0.233586 0.0645707  
0.193
-0.235052 0.0641563  
0.194
-0.236521 0.0637331  
0.195
-0.237993 0.0633012  
0.196
-0.239468 0.0628604  
0.197
-0.240946 0.0624108  
0.198
-0.242427 0.0619524  
0.199
-0.243911 0.0614852  
0.2
-0.245398 0.0610091  
0.201
-0.246889 0.0605241  
0.202
-0.248382 0.0600302  
0.203
-0.249878 0.0595274  
0.204
-0.251377 0.0590156  
0.205
-0.25288 0.0584949  
0.206
-0.254385 0.0579652  
0.207
-0.255893 0.0574266  
0.208
-0.257405 0.0568789  
0.209
-0.25892 0.0563222  
0.21
-0.260437 0.0557565  
0.211
-0.261958 0.0551817  
0.212
-0.263482 0.0545978  
0.213
-0.265009 0.0540049  
0.214
-0.26654 0.0534028  
0.215
-0.268073 0.0527915  
0.216
-0.269609 0.0521712  
0.217
-0.271149 0.0515416  
0.218
-0.272692 0.0509029  
0.219
-0.274238 0.0502549  
0.22
-0.275787 0.0495977  
0.221
-0.277339 0.0489313  
0.222
-0.278895 0.0482556  
0.223
-0.280453 0.0475706  
0.224
-0.282015 0.0468763  
0.225
-0.28358 0.0461727  
0.226
-0.285148 0.0454598  
0.227
-0.28672 0.0447374  
0.228
-0.288295 0.0440057  
0.229
-0.289872 0.0432646  
0.23
-0.291454 0.0425141  
0.231
-0.293038 0.0417541  
0.232
-0.294625 0.0409847  
0.233
-0.296216 0.0402058  
0.234
-0.29781 0.0394174  
0.235
-0.299408 0.0386194  
0.236
-0.301008 0.037812  
0.237
-0.302612 0.0369949  
0.238
-0.304219 0.0361683  
0.239
-0.30583 0.0353321  
0.24
-0.307443 0.0344862  
0.241
-0.30906 0.0336307  
0.242
-0.310681 0.0327656  
0.243
-0.312304 0.0318907  
0.244
-0.313931 0.0310062  
0.245
-0.315561 0.0301119  
0.246
-0.317195 0.0292079  
0.247
-0.318832 0.0282941  
0.248
-0.320472 0.0273705  
0.249
-0.322115 0.0264371  
0.25
-0.323762 0.0254939  
0.251
-0.325413 0.0245408  
0.252
-0.327066 0.0235779  
0.253
-0.328723 0.022605  
0.254
-0.330383 0.0216222  
0.255
-0.332047 0.0206295  
0.256
-0.333714 0.0196269  
0.257
-0.335384 0.0186142  
0.258
-0.337058 0.0175916  
0.259
-0.338735 0.0165589  
0.26
-0.340416 0.0155161  
0.261
-0.3421 0.0144633  
0.262
-0.343787 0.0134004  
0.263
-0.345478 0.0123274  
0.264
-0.347172 0.0112442  
0.265
-0.34887 0.0101509  
0.266
-0.350571 0.0090474  
0.267
-0.352276 0.00793368  
0.268
-0.353984 0.00680973  
0.269
-0.355695 0.00567553  
0.27
-0.35741 0.00453105  
0.271
-0.359128 0.00337627  
0.272
-0.36085 0.00221117  
0.273
-0.362575 0.00103572  
0.274
-0.364303 -0.0001501  
0.275
-0.366036 -0.00134632  
0.276
-0.367771 -0.00255295  
0.277
-0.36951 -0.00377002  
0.278
-0.371253 -0.00499756  
0.279
-0.372998 -0.00623559  
0.28
-0.374748 -0.00748414  
0.281
-0.376501 -0.00874322  
0.282
-0.378257 -0.0100129  
0.283
-0.380017 -0.0112931  
0.284
-0.381781 -0.0125839  
0.285
-0.383547 -0.0138854  
0.286
-0.385318 -0.0151976  
0.287
-0.387092 -0.0165204  
0.288
-0.388869 -0.0178539  
0.289
-0.39065 -0.0191982  
0.29
-0.392435 -0.0205532  
0.291
-0.394223 -0.021919  
0.292
-0.396014 -0.0232957  
0.293
-0.397809 -0.0246831  
0.294
-0.399608 -0.0260814  
0.295
-0.40141 -0.0274907  
0.296
-0.403215 -0.0289108  
0.297
-0.405024 -0.0303418  
0.298
-0.406837 -0.0317839  
0.299
-0.408653 -0.0332369  
0.3
-0.410473 -0.0347009  
0.301
-0.412296 -0.036176  
0.302
-0.414123 -0.0376622  
0.303
-0.415953 -0.0391594  
0.304
-0.417787 -0.0406678  
0.305
-0.419625 -0.0421874  
0.306
-0.421466 -0.0437181  
0.307
-0.42331 -0.04526  
0.308
-0.425159 -0.0468131  
0.309
-0.42701 -0.0483775  
0.31
-0.428866 -0.0499532  
0.311
-0.430724 -0.0515402  
0.312
-0.432587 -0.0531385  
0.313
-0.434453 -0.0547483  
0.314
-0.436322 -0.0563694  
0.315
-0.438195 -0.0580019  
0.316
-0.440072 -0.0596459  
0.317
-0.441952 -0.0613014  
0.318
-0.443835 -0.0629683  
0.319
-0.445723 -0.0646469  
0.32
-0.447614 -0.0663369  
0.321
-0.449508 -0.0680386  
0.322
-0.451406 -0.0697519  
0.323
-0.453307 -0.0714769  
0.324
-0.455212 -0.0732135  
0.325
-0.457121 -0.0749618  
0.326
-0.459033 -0.0767219  
0.327
-0.460949 -0.0784938  
0.328
-0.462868 -0.0802774  
0.329
-0.464791 -0.0820729  
0.33
-0.466718 -0.0838803  
0.331
-0.468648 -0.0856995  
0.332
-0.470581 -0.0875306  
0.333
-0.472518 -0.0893737  
0.334
-0.474459 -0.0912288  
0.335
-0.476403 -0.0930959  
0.336
-0.47835 -0.094975  
0.337
-0.480302 -0.0968662  
0.338
-0.482256 -0.0987695  
0.339
-0.484215 -0.100685  
0.34
-0.486177 -0.102613  
0.341
-0.488142 -0.104552  
0.342
-0.490111 -0.106504  
0.343
-0.492083 -0.108469  
0.344
-0.494059 -0.110445  
0.345
-0.496039 -0.112434  
0.346
-0.498021 -0.114435  
0.347
-0.500008 -0.116449  
0.348
-0.501998 -0.118475  
0.349
-0.503991 -0.120513  
0.35
-0.505988 -0.122564  
0.351
-0.507989 -0.124628  
0.352
-0.509993 -0.126704  
0.353
-0.512 -0.128792  
0.354
-0.514011 -0.130894  
0.355
-0.516025 -0.133007  
0.356
-0.518043 -0.135134  
0.357
-0.520064 -0.137273  
0.358
-0.522089 -0.139425  
0.359
-0.524117 -0.14159  
0.36
-0.526149 -0.143767  
0.361
-0.528184 -0.145958  
0.362
-0.530223 -0.148161  
0.363
-0.532265 -0.150377  
0.364
-0.53431 -0.152606  
0.365
-0.536359 -0.154849  
0.366
-0.538411 -0.157104  
0.367
-0.540466 -0.159372  
0.368
-0.542525 -0.161653  
0.369
-0.544587 -0.163948  
0.37
-0.546653 -0.166255  
0.371
-0.548722 -0.168576  
0.372
-0.550795 -0.17091  
0.373
-0.55287 -0.173257  
0.374
-0.554949 -0.175618  
0.375
-0.557032 -0.177992  
0.376
-0.559117 -0.180379  
0.377
-0.561206 -0.182779  
0.378
-0.563299 -0.185194  
0.379
-0.565394 -0.187621  
0.38
-0.567493 -0.190062  
0.381
-0.569595 -0.192517  
0.382
-0.571701 -0.194985  
0.383
-0.573809 -0.197467  
0.384
-0.575921 -0.199962  
0.385
-0.578036 -0.202472  
0.386
-0.580155 -0.204995  
0.387
-0.582276 -0.207531  
0.388
-0.584401 -0.210082  
0.389
-0.586528 -0.212646  
0.39
-0.588659 -0.215225  
0.391
-0.590794 -0.217817  
0.392
-0.592931 -0.220423  
0.393
-0.595071 -0.223043  
0.394
-0.597215 -0.225677  
0.395
-0.599361 -0.228326  
0.396
-0.601511 -0.230988  
0.397
-0.603664 -0.233665  
0.398
-0.60582 -0.236355  
0.399
-0.607978 -0.23906  
0.4
-0.61014 -0.24178  
0.401
-0.612305 -0.244513  
0.402
-0.614473 -0.247261  
0.403
-0.616644 -0.250024  
0.404
-0.618817 -0.2528  
0.405
-0.620994 -0.255592  
0.406
-0.623174 -0.258398  
0.407
-0.625356 -0.261218  
0.408
-0.627541 -0.264053  
0.409
-0.62973 -0.266903  
0.41
-0.631921 -0.269767  
0.411
-0.634115 -0.272646  
0.412
-0.636311 -0.27554  
0.413
-0.638511 -0.278448  
0.414
-0.640713 -0.281372  
0.415
-0.642918 -0.28431  
0.416
-0.645126 -0.287263  
0.417
-0.647336 -0.290232  
0.418
-0.649549 -0.293215  
0.419
-0.651765 -0.296213  
0.42
-0.653984 -0.299227  
0.421
-0.656205 -0.302255  
0.422
-0.658428 -0.305299  
0.423
-0.660654 -0.308358  
0.424
-0.662883 -0.311432  
0.425
-0.665115 -0.314522  
0.426
-0.667348 -0.317627  
0.427
-0.669585 -0.320747  
0.428
-0.671823 -0.323883  
0.429
-0.674065 -0.327034  
0.43
-0.676308 -0.330201  
0.431
-0.678554 -0.333384  
0.432
-0.680802 -0.336582  
0.433
-0.683053 -0.339796  
0.434
-0.685306 -0.343025  
0.435
-0.687561 -0.34627  
0.436
-0.689819 -0.349531  
0.437
-0.692078 -0.352808  
0.438
-0.69434 -0.356101  
0.439
-0.696604 -0.35941  
0.44
-0.69887 -0.362735  
0.441
-0.701139 -0.366076  
0.442
-0.703409 -0.369433  
0.443
-0.705681 -0.372806  
0.444
-0.707956 -0.376195  
0.445
-0.710232 -0.3796  
0.446
-0.712511 -0.383022  
0.447
-0.714791 -0.38646  
0.448
-0.717073 -0.389915  
0.449
-0.719357 -0.393386  
0.45
-0.721643 -0.396873  
0.451
-0.72393 -0.400377  
0.452
-0.726219 -0.403897  
0.453
-0.72851 -0.407434  
0.454
-0.730803 -0.410988  
0.455
-0.733098 -0.414559  
0.456
-0.735393 -0.418146  
0.457
-0.737691 -0.42175  
0.458
-0.73999 -0.425371  
0.459
-0.742291 -0.429009  
0.46
-0.744593 -0.432663  
0.461
-0.746896 -0.436335  
0.462
-0.749201 -0.440024  
0.463
-0.751507 -0.44373  
0.464
-0.753814 -0.447453  
0.465
-0.756123 -0.451193  
0.466
-0.758433 -0.454951  
0.467
-0.760744 -0.458726  
0.468
-0.763056 -0.462518  
0.469
-0.765369 -0.466328  
0.47
-0.767684 -0.470155  
0.471
-0.769999 -0.473999  
0.472
-0.772315 -0.477862  
0.473
-0.774632 -0.481742  
0.474
-0.77695 -0.485639  
0.475
-0.779269 -0.489554  
0.476
-0.781589 -0.493487  
0.477
-0.783909 -0.497438  
0.478
-0.78623 -0.501407  
0.479
-0.788552 -0.505394  
0.48
-0.790874 -0.509399  
0.481
-0.793197 -0.513421  
0.482
-0.79552 -0.517462  
0.483
-0.797844 -0.521521  
0.484
-0.800168 -0.525599  
0.485
-0.802493 -0.529694  
0.486
-0.804817 -0.533808  
0.487
-0.807142 -0.53794  
0.488
-0.809467 -0.542091  
0.489
-0.811792 -0.54626  
0.49
-0.814118 -0.550448  
0.491
-0.816443 -0.554654  
0.492
-0.818768 -0.558879  
0.493
-0.821093 -0.563123  
0.494
-0.823418 -0.567385  
0.495
-0.825743 -0.571666  
0.496
-0.828067 -0.575967  
0.497
-0.830391 -0.580286  
0.498
-0.832715 -0.584624  
0.499
-0.835038 -0.588981  
0.5
-0.837361 -0.593357  
0.501
-0.839683 -0.597752  
0.502
-0.842004 -0.602167  
0.503
-0.844325 -0.606601  
0.504
-0.846645 -0.611054  
0.505
-0.848964 -0.615527  
0.506
-0.851282 -0.620019  
0.507
-0.853599 -0.624531  
0.508
-0.855915 -0.629062  
0.509
-0.85823 -0.633613  
0.51
-0.860544 -0.638183  
0.511
-0.862857 -0.642774  
0.512
-0.865168 -0.647384  
0.513
-0.867478 -0.652014  
0.514
-0.869786 -0.656664  
0.515
-0.872093 -0.661333  
0.516
-0.874398 -0.666023  
0.517
-0.876702 -0.670734  
0.518
-0.879003 -0.675464  
0.519
-0.881303 -0.680214  
0.52
-0.883601 -0.684985  
0.521
-0.885897 -0.689776  
0.522
-0.888191 -0.694588  
0.523
-0.890483 -0.69942  
0.524
-0.892773 -0.704273  
0.525
-0.89506 -0.709146  
0.526
-0.897345 -0.71404  
0.527
-0.899627 -0.718954  
0.528
-0.901907 -0.72389  
0.529
-0.904184 -0.728846  
0.53
-0.906458 -0.733823  
0.531
-0.90873 -0.738822  
0.532
-0.910999 -0.743841  
0.533
-0.913264 -0.748881  
0.534
-0.915527 -0.753943  
0.535
-0.917786 -0.759026  
0.536
-0.920043 -0.76413  
0.537
-0.922295 -0.769256  
0.538
-0.924545 -0.774403  
0.539
-0.926791 -0.779571  
0.54
-0.929033 -0.784761  
0.541
-0.931271 -0.789973  
0.542
-0.933506 -0.795206  
0.543
-0.935737 -0.800461  
0.544
-0.937963 -0.805738  
0.545
-0.940186 -0.811037  
0.546
-0.942404 -0.816358  
0.547
-0.944618 -0.821701  
0.548
-0.946828 -0.827066  
0.549
-0.949033 -0.832453  
0.55
-0.951234 -0.837863  
0.551
-0.953429 -0.843294  
0.552
-0.95562 -0.848748  
0.553
-0.957806 -0.854225  
0.554
-0.959987 -0.859724  
0.555
-0.962163 -0.865246  
0.556
-0.964333 -0.87079  
0.557
-0.966498 -0.876357  
0.558
-0.968658 -0.881947  
0.559
-0.970811 -0.887559  
0.56
-0.97296 -0.893195  
0.561
-0.975102 -0.898853  
0.562
-0.977238 -0.904535  
0.563
-0.979368 -0.91024  
0.564
-0.981492 -0.915968  
0.565
-0.98361 -0.921719  
0.566
-0.985721 -0.927493  
0.567
-0.987826 -0.933291  
0.568
-0.989924 -0.939113  
0.569
-0.992015 -0.944958  
0.57
-0.994099 -0.950827  
0.571
-0.996176 -0.956719  
0.572
-0.998246 -0.962635  
0.573
-1.00031 -0.968575  
0.574
-1.00236 -0.974539  
0.575
-1.00441 -0.980527  
0.576
-1.00645 -0.986539  
0.577
-1.00848 -0.992575  
0.578
-1.01051 -0.998635  
0.579
-1.01252 -1.00472  
0.58
-1.01453 -1.01083  
0.581
-1.01653 -1.01696  
0.582
-1.01852 -1.02312  
0.583
-1.0205 -1.0293  
0.584
-1.02247 -1.03551  
0.585
-1.02444 -1.04174  
0.586
-1.02639 -1.048  
0.587
-1.02834 -1.05428  
0.588
-1.03027 -1.06059  
0.589
-1.0322 -1.06692  
0.59
-1.03411 -1.07327  
0.591
-1.03602 -1.07966  
0.592
-1.03792 -1.08606  
0.593
-1.0398 -1.0925  
0.594
-1.04168 -1.09895  
0.595
-1.04354 -1.10544  
0.596
-1.0454 -1.11195  
0.597
-1.04724 -1.11848  
0.598
-1.04907 -1.12504  
0.599
-1.05089 -1.13163  
0.6
-1.0527 -1.13824  
0.601
-1.0545 -1.14488  
0.602
-1.05629 -1.15154  
0.603
-1.05806 -1.15823  
0.604
-1.05983 -1.16494  
0.605
-1.06158 -1.17169  
0.606
-1.06331 -1.17846  
0.607
-1.06504 -1.18525  
0.608
-1.06675 -1.19207  
0.609
-1.06845 -1.19892  
0.61
-1.07014 -1.2058  
0.611
-1.07181 -1.2127  
0.612
-1.07347 -1.21963  
0.613
-1.07512 -1.22658  
0.614
-1.07675 -1.23356  
0.615
-1.07837 -1.24057  
0.616
-1.07997 -1.24761  
0.617
-1.08156 -1.25467  
0.618
-1.08313 -1.26176  
0.619
-1.08469 -1.26888  
0.62
-1.08624 -1.27603  
0.621
-1.08776 -1.2832  
0.622
-1.08928 -1.2904  
0.623
-1.09078 -1.29763  
0.624
-1.09226 -1.30489  
0.625
-1.09372 -1.31217  
0.626
-1.09517 -1.31948  
0.627
-1.09661 -1.32682  
0.628
-1.09802 -1.33419  
0.629
-1.09942 -1.34159  
0.63
-1.1008 -1.34901  
0.631
-1.10217 -1.35646  
0.632
-1.10351 -1.36395  
0.633
-1.10484 -1.37145  
0.634
-1.10615 -1.37899  
0.635
-1.10744 -1.38656  
0.636
-1.10872 -1.39416  
0.637
-1.10997 -1.40178  
0.638
-1.11121 -1.40944  
0.639
-1.11243 -1.41712  
0.64
-1.11362 -1.42483  
0.641
-1.1148 -1.43257  
0.642
-1.11596 -1.44034  
0.643
-1.11709 -1.44814  
0.644
-1.11821 -1.45597  
0.645
-1.11931 -1.46383  
0.646
-1.12038 -1.47172  
0.647
-1.12144 -1.47963  
0.648
-1.12247 -1.48758  
0.649
-1.12348 -1.49556  
0.65
-1.12447 -1.50357  
0.651
-1.12543 -1.51161  
0.652
-1.12638 -1.51967  
0.653
-1.1273 -1.52777  
0.654
-1.12819 -1.5359  
0.655
-1.12907 -1.54406  
0.656
-1.12992 -1.55225  
0.657
-1.13074 -1.56047  
0.658
-1.13155 -1.56872  
0.659
-1.13232 -1.577  
0.66
-1.13308 -1.58531  
0.661
-1.1338 -1.59365  
0.662
-1.13451 -1.60202  
0.663
-1.13518 -1.61043  
0.664
-1.13584 -1.61887  
0.665
-1.13646 -1.62733  
0.666
-1.13706 -1.63583  
0.667
-1.13763 -1.64436  
0.668
-1.13817 -1.65292  
0.669
-1.13869 -1.66151  
0.67
-1.13918 -1.67014  
0.671
-1.13964 -1.67879  
0.672
-1.14007 -1.68748  
0.673
-1.14048 -1.6962  
0.674
-1.14085 -1.70495  
0.675
-1.1412 -1.71374  
0.676
-1.14151 -1.72255  
0.677
-1.1418 -1.7314  
0.678
-1.14205 -1.74028  
0.679
-1.14228 -1.7492  
0.68
-1.14247 -1.75814  
0.681
-1.14264 -1.76712  
0.682
-1.14277 -1.77613  
0.683
-1.14287 -1.78518  
0.684
-1.14293 -1.79425  
0.685
-1.14297 -1.80336  
0.686
-1.14297 -1.81251  
0.687
-1.14293 -1.82168  
0.688
-1.14287 -1.83089  
0.689
-1.14277 -1.84014  
0.69
-1.14263 -1.84941  
0.691
-1.14246 -1.85872  
0.692
-1.14226 -1.86806  
0.693
-1.14202 -1.87744  
0.694
-1.14174 -1.88685  
0.695
-1.14143 -1.8963  
0.696
-1.14108 -1.90577  
0.697
-1.14069 -1.91529  
0.698
-1.14026 -1.92483  
0.699
-1.1398 -1.93441  
0.7
-1.1393 -1.94403  
0.701
-1.13876 -1.95368  
0.702
-1.13818 -1.96336  
0.703
-1.13757 -1.97308  
0.704
-1.13691 -1.98283  
0.705
-1.13621 -1.99262  
0.706
-1.13547 -2.00245  
0.707
-1.13469 -2.0123  
0.708
-1.13387 -2.0222  
0.709
-1.13301 -2.03212  
0.71
-1.1321 -2.04209  
0.711
-1.13115 -2.05208  
0.712
-1.13016 -2.06212  
0.713
-1.12912 -2.07219  
0.714
-1.12804 -2.08229  
0.715
-1.12692 -2.09243  
0.716
-1.12575 -2.1026  
0.717
-1.12454 -2.11282  
0.718
-1.12327 -2.12306  
0.719
-1.12197 -2.13335  
0.72
-1.12061 -2.14366  
0.721
-1.11921 -2.15402  
0.722
-1.11776 -2.16441  
0.723
-1.11627 -2.17484  
0.724
-1.11472 -2.1853  
0.725
-1.11312 -2.1958  
0.726
-1.11148 -2.20634  
0.727
-1.10978 -2.21691  
0.728
-1.10804 -2.22752  
0.729
-1.10624 -2.23817  
0.73
-1.10439 -2.24885  
0.731
-1.10249 -2.25957  
0.732
-1.10054 -2.27033  
0.733
-1.09853 -2.28113  
0.734
-1.09647 -2.29196  
0.735
-1.09436 -2.30283  
0.736
-1.09219 -2.31373  
0.737
-1.08996 -2.32468  
0.738
-1.08768 -2.33566  
0.739
-1.08535 -2.34668  
0.74
-1.08296 -2.35774  
0.741
-1.0805 -2.36883  
0.742
-1.078 -2.37996  
0.743
-1.07543 -2.39113  
0.744
-1.0728 -2.40234  
0.745
-1.07012 -2.41359  
0.746
-1.06737 -2.42487  
0.747
-1.06457 -2.43619  
0.748
-1.0617 -2.44755  
0.749
-1.05877 -2.45895  
0.75
-1.05578 -2.47039  
0.751
-1.05273 -2.48187  
0.752
-1.04961 -2.49338  
0.753
-1.04643 -2.50493  
0.754
-1.04318 -2.51653  
0.755
-1.03987 -2.52816  
0.756
-1.03649 -2.53983  
0.757
-1.03305 -2.55154  
0.758
-1.02954 -2.56328  
0.759
-1.02596 -2.57507  
0.76
-1.02231 -2.5869  
0.761
-1.01859 -2.59876  
0.762
-1.01481 -2.61066  
0.763
-1.01095 -2.62261  
0.764
-1.00702 -2.63459  
0.765
-1.00302 -2.64661  
0.766
-0.998954 -2.65868  
0.767
-0.994811 -2.67078  
0.768
-0.990594 -2.68292  
0.769
-0.986303 -2.6951  
0.77
-0.981937 -2.70732  
0.771
-0.977496 -2.71958  
0.772
-0.972979 -2.73189  
0.773
-0.968385 -2.74423  
0.774
-0.963713 -2.75661  
0.775
-0.958964 -2.76903  
0.776
-0.954135 -2.78149  
0.777
-0.949227 -2.79399  
0.778
-0.944239 -2.80653  
0.779
-0.93917 -2.81912  
0.78
-0.934019 -2.83174  
0.781
-0.928786 -2.8444  
0.782
-0.92347 -2.85711  
0.783
-0.91807 -2.86985  
0.784
-0.912586 -2.88264  
0.785
-0.907016 -2.89546  
0.786
-0.901361 -2.90833  
0.787
-0.895618 -2.92124  
0.788
-0.889788 -2.93418  
0.789
-0.88387 -2.94717  
0.79
-0.877863 -2.9602  
0.791
-0.871766 -2.97327  
0.792
-0.865579 -2.98639  
0.793
-0.8593 -2.99954  
0.794
-0.85293 -3.01273  
0.795
-0.846466 -3.02597  
0.796
-0.839909 -3.03924  
0.797
-0.833257 -3.05256  
0.798
-0.82651 -3.06592  
0.799
-0.819668 -3.07932  
0.8
-0.812728 -3.09276  
0.801
-0.80569 -3.10625  
0.802
-0.798555 -3.11977  
0.803
-0.791319 -3.13334  
0.804
-0.783984 -3.14694  
0.805
-0.776548 -3.16059  
0.806
-0.76901 -3.17428  
0.807
-0.761369 -3.18801  
0.808
-0.753625 -3.20179  
0.809
-0.745776 -3.2156  
0.81
-0.737823 -3.22946  
0.811
-0.729763 -3.24336  
0.812
-0.721596 -3.2573  
0.813
-0.713321 -3.27128  
0.814
-0.704938 -3.2853  
0.815
-0.696445 -3.29936  
0.816
-0.687842 -3.31347  
0.817
-0.679127 -3.32762  
0.818
-0.6703 -3.34181  
0.819
-0.66136 -3.35604  
0.82
-0.652305 -3.37031  
0.821
-0.643136 -3.38463  
0.822
-0.63385 -3.39898  
0.823
-0.624448 -3.41338  
0.824
-0.614928 -3.42782  
0.825
-0.605289 -3.4423  
0.826
-0.595531 -3.45682  
0.827
-0.585651 -3.47139  
0.828
-0.575651 -3.48599  
0.829
-0.565527 -3.50064  
0.83
-0.55528 -3.51533  
0.831
-0.544909 -3.53006  
0.832
-0.534412 -3.54483  
0.833
-0.523788 -3.55965  
0.834
-0.513037 -3.5745  
0.835
-0.502158 -3.5894  
0.836
-0.491149 -3.60434  
0.837
-0.480009 -3.61932  
0.838
-0.468738 -3.63434  
0.839
-0.457335 -3.6494  
0.84
-0.445798 -3.6645  
0.841
-0.434126 -3.67965  
0.842
-0.422319 -3.69483  
0.843
-0.410375 -3.71006  
0.844
-0.398294 -3.72533  
0.845
-0.386074 -3.74064  
0.846
-0.373714 -3.75599  
0.847
-0.361213 -3.77138  
0.848
-0.34857 -3.78681  
0.849
-0.335784 -3.80228  
0.85
-0.322854 -3.81779  
0.851
-0.309779 -3.83335  
0.852
-0.296558 -3.84894  
0.853
-0.28319 -3.86457  
0.854
-0.269673 -3.88025  
0.855
-0.256006 -3.89596  
0.856
-0.242189 -3.91172  
0.857
-0.22822 -3.92751  
0.858
-0.214098 -3.94335  
0.859
-0.199822 -3.95922  
0.86
-0.185391 -3.97514  
0.861
-0.170804 -3.99109  
0.862
-0.15606 -4.00708  
0.863
-0.141157 -4.02312  
0.864
-0.126094 -4.03919  
0.865
-0.11087 -4.0553  
0.866
-0.0954843 -4.07145  
0.867
-0.0799354 -4.08764  
0.868
-0.0642222 -4.10386  
0.869
-0.0483434 -4.12013  
0.87
-0.0322979 -4.13643  
0.871
-0.0160846 -4.15277  
0.872
0.000297886 -4.16915  
0.873
0.0168506 -4.18557  
0.874
0.0335748 -4.20203  
0.875
0.0504716 -4.21852  
0.876
0.0675424 -4.23505  
0.877
0.0847882 -4.25162  
0.878
0.10221 -4.26822  
0.879
0.11981 -4.28486  
0.88
0.137588 -4.30154  
0.881
0.155547 -4.31826  
0.882
0.173687 -4.33501  
0.883
0.192009 -4.35179  
0.884
0.210514 -4.36861  
0.885
0.229205 -4.38547  
0.886
0.248082 -4.40236  
0.887
0.267147 -4.41929  
0.888
0.2864 -4.43625  
0.889
0.305843 -4.45325  
0.89
0.325477 -4.47028  
0.891
0.345304 -4.48734  
0.892
0.365325 -4.50444  
0.893
0.38554 -4.52157  
0.894
0.405953 -4.53874  
0.895
0.426562 -4.55593  
0.896
0.447371 -4.57316  
0.897
0.46838 -4.59043  
0.898
0.48959 -4.60772  
0.899
0.511003 -4.62504  
0.9
0.53262 -4.6424  
0.901
0.554442 -4.65979  
0.902
0.576472 -4.67721  
0.903
0.598709 -4.69465  
0.904
0.621155 -4.71213  
0.905
0.643812 -4.72964  
0.906
0.666681 -4.74717  
0.907
0.689764 -4.76474  
0.908
0.71306 -4.78233  
0.909
0.736573 -4.79995  
0.91
0.760303 -4.8176  
0.911
0.784251 -4.83527  
0.912
0.808419 -4.85297  
0.913
0.832809 -4.8707  
0.914
0.857421 -4.88845  
0.915
0.882256 -4.90623  
0.916
0.907317 -4.92403  
0.917
0.932604 -4.94186  
0.918
0.958119 -4.95971  
0.919
0.983863 -4.97758  
0.92
1.00984 -4.99548  
0.921
1.03604 -5.01339  
0.922
1.06248 -5.03133  
0.923
1.08916 -5.04929  
0.924
1.11607 -5.06727  
0.925
1.14321 -5.08527  
0.926
1.1706 -5.10329  
0.927
1.19822 -5.12133  
0.928
1.22609 -5.13939  
0.929
1.2542 -5.15746  
0.93
1.28255 -5.17556  
0.931
1.31114 -5.19366  
0.932
1.33999 -5.21179  
0.933
1.36908 -5.22992  
0.934
1.39841 -5.24808  
0.935
1.428 -5.26624  
0.936
1.45785 -5.28442  
0.937
1.48794 -5.30261  
0.938
1.51829 -5.32081  
0.939
1.54889 -5.33902  
0.94
1.57975 -5.35724  
0.941
1.61087 -5.37547  
0.942
1.64224 -5.39371  
0.943
1.67388 -5.41196  
0.944
1.70578 -5.43021  
0.945
1.73794 -5.44847  
0.946
1.77037 -5.46673  
0.947
1.80306 -5.485  
0.948
1.83602 -5.50327  
0.949
1.86924 -5.52154  
0.95
1.90274 -5.53981  
0.951
1.9365 -5.55809  
0.952
1.97054 -5.57636  
0.953
2.00485 -5.59463  
0.954
2.03943 -5.6129  
0.955
2.07429 -5.63116  
0.956
2.10942 -5.64942  
0.957
2.14484 -5.66768  
0.958
2.18053 -5.68592  
0.959
2.2165 -5.70416  
0.96
2.25275 -5.72239  
0.961
2.28928 -5.74061  
0.962
2.3261 -5.75882  
0.963
2.3632 -5.77701  
0.964
2.40058 -5.79519  
0.965
2.43826 -5.81336  
0.966
2.47622 -5.83151  
0.967
2.51446 -5.84964  
0.968
2.553 -5.86775  
0.969
2.59183 -5.88584  
0.97
2.63094 -5.90391  
0.971
2.67035 -5.92196  
0.972
2.71006 -5.93998  
0.973
2.75006 -5.95798  
0.974
2.79035 -5.97595  
0.975
2.83094 -5.99389  
0.976
2.87182 -6.0118  
0.977
2.913 -6.02968  
0.978
2.95449 -6.04753  
0.979
2.99627 -6.06534  
0.98
3.03835 -6.08311  
0.981
3.08073 -6.10085  
0.982
3.12341 -6.11854  
0.983
3.1664 -6.1362  
0.984
3.20969 -6.15381  
0.985
3.25328 -6.17138  
0.986
3.29718 -6.1889  
0.987
3.34138 -6.20637  
0.988
3.38589 -6.22379  
0.989
3.4307 -6.24115  
0.99
3.47582 -6.25847  
0.991
3.52125 -6.27573  
0.992
3.56698 -6.29292  
0.993
3.61302 -6.31006  
0.994
3.65938 -6.32714  
0.995
3.70604 -6.34415  
0.996
3.75301 -6.3611  
0.997
3.80029 -6.37797  
0.998
3.84787 -6.39478  
0.999
3.89577 -6.41151  
1
3.94398 -6.42817  
1.001
3.9925 -6.44475  
1.002
4.04133 -6.46125  
1.003
4.09047 -6.47767  
1.004
4.13993 -6.494  
1.005
4.18969 -6.51024  
1.006
4.23976 -6.5264  
1.007
4.29015 -6.54246  
1.008
4.34084 -6.55843  
1.009
4.39185 -6.5743  
1.01
4.44316 -6.59007  
1.011
4.49479 -6.60574  
1.012
4.54672 -6.6213  
1.013
4.59897 -6.63675  
1.014
4.65152 -6.65209  
1.015
4.70438 -6.66732  
1.016
4.75755 -6.68243  
1.017
4.81103 -6.69742  
1.018
4.86481 -6.71228  
1.019
4.9189 -6.72702  
1.02
4.9733 -6.74163  
1.021
5.028 -6.75611  
1.022
5.08301 -6.77045  
1.023
5.13831 -6.78465  
1.024
5.19392 -6.79871  
1.025
5.24984 -6.81263  
1.026
5.30605 -6.82639  
1.027
5.36256 -6.84  
1.028
5.41937 -6.85345  
1.029
5.47647 -6.86675  
1.03
5.53387 -6.87988  
1.031
5.59157 -6.89284  
1.032
5.64955 -6.90563  
1.033
5.70783 -6.91824  
1.034
5.7664 -6.93068  
1.035
5.82525 -6.94293  
1.036
5.88439 -6.955  
1.037
5.94382 -6.96687  
1.038
6.00353 -6.97855  
1.039
6.06351 -6.99003  
1.04
6.12378 -7.00131  
1.041
6.18432 -7.01237  
1.042
6.24514 -7.02323  
1.043
6.30623 -7.03387  
1.044
6.36758 -7.04428  
1.045
6.42921 -7.05447  
1.046
6.4911 -7.06443  
1.047
6.55325 -7.07416  
1.048
6.61565 -7.08364  
1.049
6.67832 -7.09288  
1.05
6.74124 -7.10187  
1.051
6.80441 -7.1106  
1.052
6.86783 -7.11908  
1.053
6.93149 -7.12729  
1.054
6.99539 -7.13523  
1.055
7.05953 -7.14289  
1.056
7.1239 -7.15027  
1.057
7.18851 -7.15737  
1.058
7.25334 -7.16417  
1.059
7.3184 -7.17068  
1.06
7.38367 -7.17689  
1.061
7.44916 -7.18279  
1.062
7.51486 -7.18837  
1.063
7.58077 -7.19363  
1.064
7.64689 -7.19857  
1.065
7.7132 -7.20318  
1.066
7.77971 -7.20745  
1.067
7.8464 -7.21137  
1.068
7.91328 -7.21495  
1.069
7.98035 -7.21817  
1.07
8.04759 -7.22103  
1.071
8.11499 -7.22352  
1.072
8.18257 -7.22563  
1.073
8.2503 -7.22736  
1.074
8.3182 -7.22871  
1.075
8.38624 -7.22966  
1.076
8.45442 -7.23021  
1.077
8.52274 -7.23035  
1.078
8.5912 -7.23008  
1.079
8.65978 -7.22938  
1.08
8.72849 -7.22826  
1.081
8.79731 -7.2267  
1.082
8.86624 -7.2247  
1.083
8.93527 -7.22225  
1.084
9.0044 -7.21934  
1.085
9.07361 -7.21597  
1.086
9.14291 -7.21213  
1.087
9.21229 -7.2078  
1.088
9.28174 -7.203  
1.089
9.35125 -7.1977  
1.09
9.42081 -7.19189  
1.091
9.49043 -7.18558  
1.092
9.56008 -7.17876  
1.093
9.62977 -7.17141  
1.094
9.69948 -7.16353  
1.095
9.76922 -7.15511  
1.096
9.83896 -7.14614  
1.097
9.90871 -7.13662  
1.098
9.97846 -7.12654  
1.099
10.0482 -7.11588  
1.1
10.1179 -7.10465  
1.101
10.1876 -7.09284  
1.102
10.2572 -7.08043  
1.103
10.3268 -7.06741  
1.104
10.3964 -7.05379  
1.105
10.4659 -7.03955  
1.106
10.5353 -7.02468  
1.107
10.6046 -7.00919  
1.108
10.6739 -6.99305  
1.109
10.743 -6.97626  
1.11
10.8121 -6.95881  
1.111
10.881 -6.94069  
1.112
10.9498 -6.92191  
1.113
11.0185 -6.90244  
1.114
11.087 -6.88228  
1.115
11.1554 -6.86143  
1.116
11.2237 -6.83987  
1.117
11.2917 -6.8176  
1.118
11.3596 -6.79461  
1.119
11.4273 -6.77089  
1.12
11.4948 -6.74644  
1.121
11.5621 -6.72124  
1.122
11.6292 -6.69529  
1.123
11.6961 -6.66859  
1.124
11.7627 -6.64111  
1.125
11.8291 -6.61287  
1.126
11.8952 -6.58385  
1.127
11.9611 -6.55403  
1.128
12.0267 -6.52343  
1.129
12.092 -6.49202  
1.13
12.1571 -6.45981  
1.131
12.2218 -6.42678  
1.132
12.2863 -6.39293  
1.133
12.3504 -6.35826  
1.134
12.4142 -6.32275  
1.135
12.4777 -6.2864  
1.136
12.5408 -6.24921  
1.137
12.6036 -6.21117  
1.138
12.666 -6.17227  
1.139
12.7281 -6.13251  
1.14
12.7898 -6.09188  
1.141
12.8511 -6.05038  
1.142
12.912 -6.00801  
1.143
12.9725 -5.96475  
1.144
13.0327 -5.92061  
1.145
13.0924 -5.87557  
1.146
13.1516 -5.82965  
1.147
13.2105 -5.78283  
1.148
13.2689 -5.73511  
1.149
13.3269 -5.68648  
1.15
13.3845 -5.63695  
1.151
13.4416 -5.58651  
1.152
13.4982 -5.53516  
1.153
13.5544 -5.48289  
1.154
13.6101 -5.42971  
1.155
13.6653 -5.37562  
1.156
13.7201 -5.32061  
1.157
13.7743 -5.26468  
1.158
13.8281 -5.20783  
1.159
13.8814 -5.15007  
1.16
13.9342 -5.09138  
1.161
13.9865 -5.03178  
1.162
14.0383 -4.97127  
1.163
14.0895 -4.90984  
1.164
14.1403 -4.84749  
1.165
14.1906 -4.78424  
1.166
14.2403 -4.72008  
1.167
14.2896 -4.65501  
1.168
14.3383 -4.58904  
1.169
14.3866 -4.52217  
1.17
14.4343 -4.4544  
1.171
14.4815 -4.38575  
1.172
14.5281 -4.31621  
1.173
14.5743 -4.24579  
1.174
14.62 -4.1745  
1.175
14.6652 -4.10234  
1.176
14.7098 -4.02931  
1.177
14.754 -3.95543  
1.178
14.7976 -3.88071  
1.179
14.8408 -3.80514  
1.18
14.8834 -3.72875  
1.181
14.9256 -3.65153  
1.182
14.9673 -3.57349  
1.183
15.0086 -3.49465  
1.184
15.0493 -3.41502  
1.185
15.0896 -3.3346  
1.186
15.1295 -3.25341  
1.187
15.1689 -3.17145  
1.188
15.2078 -3.08875  
1.189
15.2463 -3.0053  
1.19
15.2844 -2.92113  
1.191
15.3221 -2.83624  
1.192
15.3594 -2.75065  
1.193
15.3963 -2.66437  
1.194
15.4328 -2.57742  
1.195
15.469 -2.4898  
1.196
15.5047 -2.40154  
1.197
15.5402 -2.31265  
1.198
15.5753 -2.22314  
1.199
15.61 -2.13303  
1.2
15.6445 -2.04233  
1.201
15.6786 -1.95107  
1.202
15.7125 -1.85925  
1.203
15.7461 -1.76689  
1.204
15.7795 -1.67402  
1.205
15.8126 -1.58064  
1.206
15.8455 -1.48678  
1.207
15.8782 -1.39245  
1.208
15.9107 -1.29767  
1.209
15.9431 -1.20246  
1.21
15.9752 -1.10683  
1.211
16.0073 -1.01081  
1.212
16.0392 -0.914408  
1.213
16.071 -0.817651  
1.214
16.1027 -0.720553  
1.215
16.1344 -0.623135  
1.216
16.166 -0.525415  
1.217
16.1976 -0.427413  
1.218
16.2291 -0.329146  
1.219
16.2607 -0.230635  
1.22
16.2923 -0.131899  
1.221
16.324 -0.0329561  
1.222
16.3557 0.0661736  
1.223
16.3875 0.165471  
1.224
16.4194 0.264917  
1.225
16.4514 0.364493  
1.226
16.4836 0.464179  
1.227
16.516 0.563957  
1.228
16.5485 0.663807  
1.229
16.5812 0.763711  
1.23
16.6142 0.863651  
1.231
16.6474 0.963607  
1.232
16.6809 1.06356  
1.233
16.7147 1.1635  
1.234
16.7488 1.26339  
1.235
16.7832 1.36323  
1.236
16.818 1.463  
1.237
16.8532 1.56268  
1.238
16.8887 1.66225  
1.239
16.9246 1.76169  
1.24
16.961 1.86099  
1.241
16.9979 1.96014  
1.242
17.0352 2.05911  
1.243
17.073 2.15789  
1.244
17.1113 2.25647  
1.245
17.1501 2.35482  
1.246
17.1895 2.45294  
1.247
17.2295 2.55081  
1.248
17.2701 2.64842  
1.249
17.3112 2.74575  
1.25
17.353 2.84279  
1.251
17.3954 2.93952  
1.252
17.4385 3.03593  
1.253
17.4823 3.13202  
1.254
17.5268 3.22776  
1.255
17.572 3.32315  
1.256
17.6179 3.41817  
1.257
17.6646 3.51282  
1.258
17.712 3.60708  
1.259
17.7602 3.70094  
1.26
17.8092 3.7944  
1.261
17.8591 3.88744  
1.262
17.9097 3.98006  
1.263
17.9612 4.07224  
1.264
18.0136 4.16399  
1.265
18.0668 4.25528  
1.266
18.121 4.34612  
1.267
18.176 4.43649  
1.268
18.2319 4.5264  
1.269
18.2888 4.61582  
1.27
18.3467 4.70477  
1.271
18.4054 4.79322  
1.272
18.4652 4.88119  
1.273
18.5259 4.96866  
1.274
18.5877 5.05562  
1.275
18.6504 5.14209  
1.276
18.7142 5.22804  
1.277
18.779 5.31348  
1.278
18.8448 5.39841  
1.279
18.9117 5.48281  
1.28
18.9796 5.5667  
1.281
19.0487 5.65007  
1.282
19.1188 5.73292  
1.283
19.19 5.81524  
1.284
19.2623 5.89704  
1.285
19.3357 5.97831  
1.286
19.4102 6.05906  
1.287
19.4859 6.13929  
1.288
19.5627 6.21899  
1.289
19.6406 6.29816  
1.29
19.7197 6.37682  
1.291
19.8 6.45495  
1.292
19.8814 6.53257  
1.293
19.964 6.60966  
1.294
20.0478 6.68624  
1.295
20.1328 6.76231  
1.296
20.219 6.83787  
1.297
20.3064 6.91292  
1.298
20.395 6.98747  
1.299
20.4849 7.06151  
1.3
20.5759 7.13506  
1.301
20.6682 7.20811  
1.302
20.7618 7.28067  
1.303
20.8565 7.35275  
1.304
20.9526 7.42434  
1.305
21.0498 7.49546  
1.306
21.1484 7.5661  
1.307
21.2482 7.63628  
1.308
21.3493 7.70599  
1.309
21.4516 7.77525  
1.31
21.5553 7.84405  
1.311
21.6602 7.91241  
1.312
21.7664 7.98032  
1.313
21.8739 8.0478  
1.314
21.9827 8.11484  
1.315
22.0929 8.18146  
1.316
22.2043 8.24766  
1.317
22.3171 8.31345  
1.318
22.4311 8.37884  
1.319
22.5465 8.44382  
1.32
22.6632 8.5084  
1.321
22.7813 8.5726  
1.322
22.9007 8.63642  
1.323
23.0214 8.69986  
1.324
23.1435 8.76293  
1.325
23.2669 8.82564  
1.326
23.3917 8.88799  
1.327
23.5178 8.95  
1.328
23.6453 9.01166  
1.329
23.7742 9.07299  
1.33
23.9044 9.13398  
1.331
24.036 9.19466  
1.332
24.169 9.25502  
1.333
24.3034 9.31507  
1.334
24.4392 9.37481  
1.335
24.5763 9.43427  
1.336
24.7149 9.49343  
1.337
24.8548 9.55231  
1.338
24.9962 9.61092  
1.339
25.139 9.66926  
1.34
25.2832 9.72734  
1.341
25.4288 9.78516  
1.342
25.5758 9.84274  
1.343
25.7243 9.90007  
1.344
25.8742 9.95717  
1.345
26.0255 10.014  
1.346
26.1783 10.0707  
1.347
26.3325 10.1271  
1.348
26.4882 10.1834  
1.349
26.6453 10.2394  
1.35
26.8039 10.2952  
1.351
26.964 10.3509  
1.352
27.1255 10.4063  
1.353
27.2885 10.4616  
1.354
27.453 10.5167  
1.355
27.619 10.5717  
1.356
27.7865 10.6265  
1.357
27.9555 10.6811  
1.358
28.126 10.7356  
1.359
28.2981 10.79  
1.36
28.4716 10.8442  
1.361
28.6467 10.8983  
1.362
28.8233 10.9523  
1.363
29.0014 11.0062  
1.364
29.1811 11.06  
1.365
29.3623 11.1136  
1.366
29.5451 11.1672  
1.367
29.7295 11.2207  
1.368
29.9154 11.274  
1.369
30.1029 11.3273  
1.37
30.292 11.3806  
1.371
30.4827 11.4337  
1.372
30.675 11.4869  
1.373
30.8689 11.5399  
1.374
31.0645 11.5929  
1.375
31.2616 11.6458  
1.376
31.4604 11.6987  
1.377
31.6608 11.7516  
1.378
31.8629 11.8044  
1.379
32.0666 11.8572  
1.38
32.272 11.91  
1.381
32.4791 11.9628  
1.382
32.6878 12.0155  
1.383
32.8983 12.0683  
1.384
33.1104 12.121  
1.385
33.3242 12.1738  
1.386
33.5398 12.2265  
1.387
33.7571 12.2793  
1.388
33.9761 12.3321  
1.389
34.1969 12.3849  
1.39
34.4195 12.4377  
1.391
34.6438 12.4905  
1.392
34.8698 12.5434  
1.393
35.0977 12.5963  
1.394
35.3274 12.6493  
1.395
35.5588 12.7023  
1.396
35.7921 12.7553  
1.397
36.0272 12.8085  
1.398
36.2642 12.8616  
1.399
36.503 12.9148  
1.4
36.7436 12.9681  
1.401
36.9862 13.0215  
1.402
37.2306 13.0749  
1.403
37.4769 13.1284  
1.404
37.7251 13.182  
1.405
37.9752 13.2357  
1.406
38.2273 13.2894  
1.407
38.4813 13.3433  
1.408
38.7373 13.3972  
1.409
38.9952 13.4513  
1.41
39.2551 13.5054  
1.411
39.517 13.5596  
1.412
39.7809 13.614  
1.413
40.0468 13.6684  
1.414
40.3148 13.723  
1.415
40.5848 13.7777  
1.416
40.8568 13.8325  
1.417
41.1309 13.8874  
1.418
41.4071 13.9425  
1.419
41.6854 13.9976  
1.42
41.9659 14.0529  
1.421
42.2484 14.1084  
1.422
42.5331 14.164  
1.423
42.8199 14.2197  
1.424
43.1089 14.2756  
1.425
43.4001 14.3316  
1.426
43.6935 14.3877  
1.427
43.9891 14.444  
1.428
44.287 14.5005  
1.429
44.587 14.5571  
1.43
44.8894 14.6139  
1.431
45.194 14.6708  
1.432
45.5009 14.7279  
1.433
45.8101 14.7851  
1.434
46.1217 14.8426  
1.435
46.4356 14.9002  
1.436
46.7518 14.9579  
1.437
47.0704 15.0159  
1.438
47.3914 15.074  
1.439
47.7149 15.1323  
1.44
48.0407 15.1908  
1.441
48.369 15.2495  
1.442
48.6997 15.3083  
1.443
49.033 15.3674  
1.444
49.3687 15.4266  
1.445
49.7069 15.486  
1.446
50.0477 15.5456  
1.447
50.391 15.6055  
1.448
50.7369 15.6655  
1.449
51.0853 15.7257  
1.45
51.4364 15.7861  
1.451
51.7901 15.8467  
1.452
52.1464 15.9076  
1.453
52.5055 15.9686  
1.454
52.8671 16.0298  
1.455
53.2315 16.0913  
1.456
53.5986 16.153  
1.457
53.9685 16.2149  
1.458
54.3411 16.277  
1.459
54.7165 16.3393  
1.46
55.0947 16.4018  
1.461
55.4758 16.4646  
1.462
55.8597 16.5276  
1.463
56.2464 16.5908  
1.464
56.636 16.6543  
1.465
57.0286 16.718  
1.466
57.4241 16.7819  
1.467
57.8225 16.846  
1.468
58.2239 16.9104  
1.469
58.6283 16.975  
1.47
59.0358 17.0399  
1.471
59.4462 17.105  
1.472
59.8598 17.1703  
1.473
60.2764 17.2359  
1.474
60.6961 17.3017  
1.475
61.119 17.3678  
1.476
61.5451 17.4341  
1.477
61.9743 17.5007  
1.478
62.4067 17.5675  
1.479
62.8424 17.6346  
1.48
63.2813 17.7019  
1.481
63.7235 17.7695  
1.482
64.169 17.8373  
1.483
64.6178 17.9055  
1.484
65.07 17.9738  
1.485
65.5256 18.0424  
1.486
65.9846 18.1113  
1.487
66.447 18.1805  
1.488
66.9129 18.2499  
1.489
67.3823 18.3196  
1.49
67.8552 18.3895  
1.491
68.3316 18.4598  
1.492
68.8116 18.5303  
1.493
69.2952 18.601  
1.494
69.7824 18.6721  
1.495
70.2733 18.7434  
1.496
70.7678 18.815  
1.497
71.266 18.8869  
1.498
71.768 18.9591  
1.499
72.2738 19.0315  
1.5
72.7833 19.1042  
1.501
73.2967 19.1772  
1.502
73.8139 19.2505  
1.503
74.335 19.3241  
1.504
74.86 19.398  
1.505
75.3889 19.4722  
1.506
75.9218 19.5466  
1.507
76.4588 19.6214  
1.508
76.9997 19.6964  
1.509
77.5447 19.7718  
1.51
78.0938 19.8474  
1.511
78.6471 19.9234  
1.512
79.2044 19.9996  
1.513
79.766 20.0762  
1.514
80.3318 20.153  
1.515
80.9019 20.2302  
1.516
81.4763 20.3076  
1.517
82.0549 20.3854  
1.518
82.638 20.4635  
1.519
83.2254 20.5418  
1.52
83.8172 20.6205  
1.521
84.4135 20.6995  
1.522
85.0143 20.7789  
1.523
85.6196 20.8585  
1.524
86.2295 20.9385  
1.525
86.844 21.0187  
1.526
87.4631 21.0993  
1.527
88.0869 21.1803  
1.528
88.7153 21.2615  
1.529
89.3486 21.3431  
1.53
89.9866 21.425  
1.531
90.6294 21.5072  
1.532
91.2771 21.5897  
1.533
91.9296 21.6726  
1.534
92.5871 21.7558  
1.535
93.2496 21.8393  
1.536
93.917 21.9232  
1.537
94.5895 22.0074  
1.538
95.2671 22.092  
1.539
95.9498 22.1769  
1.54
96.6377 22.2621  
1.541
97.3308 22.3477  
1.542
98.0291 22.4336  
1.543
98.7327 22.5198  
1.544
99.4416 22.6064  
1.545
100.156 22.6934  
1.546
100.876 22.7807  
1.547
101.601 22.8683  
1.548
102.331 22.9563  
1.549
103.068 23.0447  
1.55
103.809 23.1334  
1.551
104.557 23.2224  
1.552
105.31 23.3118  
1.553
106.069 23.4016  
1.554
106.833 23.4917  
1.555
107.604 23.5822  
1.556
108.38 23.6731  
1.557
109.162 23.7643  
1.558
109.95 23.8559  
1.559
110.744 23.9479  
1.56
111.544 24.0402  
1.561
112.35 24.1329  
1.562
113.162 24.226  
1.563
113.98 24.3194  
1.564
114.805 24.4133  
1.565
115.636 24.5075  
1.566
116.473 24.602  
1.567
117.317 24.697  
1.568
118.167 24.7923  
1.569
119.023 24.8881  
1.57
119.886 24.9842  
1.571
120.756 25.0807  
1.572
121.632 25.1776  
1.573
122.515 25.2748  
1.574
123.404 25.3725  
1.575
124.301 25.4705  
1.576
125.204 25.569  
1.577
126.114 25.6678  
1.578
127.031 25.7671  
1.579
127.955 25.8667  
1.58
128.886 25.9668  
1.581
129.824 26.0672  
1.582
130.769 26.1681  
1.583
131.722 26.2693  
1.584
132.682 26.371  
1.585
133.649 26.4731  
1.586
134.623 26.5755  
1.587
135.605 26.6784  
1.588
136.595 26.7817  
1.589
137.592 26.8855  
1.59
138.596 26.9896  
1.591
139.609 27.0942  
1.592
140.629 27.1991  
1.593
141.657 27.3045  
1.594
142.692 27.4104  
1.595
143.736 27.5166  
1.596
144.788 27.6233  
1.597
145.847 27.7304  
1.598
146.915 27.8379  
1.599
147.991 27.9459  
1.6
149.075 28.0543  
1.601
150.168 28.1632  
1.602
151.269 28.2724  
1.603
152.378 28.3822  
1.604
153.496 28.4923  
1.605
154.622 28.6029  
1.606
155.757 28.714  
1.607
156.901 28.8255  
1.608
158.053 28.9374  
1.609
159.215 29.0498  
1.61
160.385 29.1627  
1.611
161.564 29.276  
1.612
162.752 29.3897  
1.613
163.95 29.5039  
1.614
165.156 29.6186  
1.615
166.372 29.7338  
1.616
167.597 29.8494  
1.617
168.832 29.9654  
1.618
170.076 30.0819  
1.619
171.33 30.199  
1.62
172.593 30.3164  
1.621
173.866 30.4344  
1.622
175.149 30.5528  
1.623
176.441 30.6717  
1.624
177.744 30.7911  
1.625
179.056 30.9109  
1.626
180.379 31.0312  
1.627
181.712 31.1521  
1.628
183.055 31.2734  
1.629
184.409 31.3952  
1.63
185.772 31.5175  
1.631
187.147 31.6402  
1.632
188.532 31.7635  
1.633
189.928 31.8873  
1.634
191.334 32.0115  
1.635
192.751 32.1363  
1.636
194.179 32.2616  
1.637
195.619 32.3873  
1.638
197.069 32.5136  
1.639
198.53 32.6404  
1.64
200.003 32.7677  
1.641
201.487 32.8955  
1.642
202.983 33.0238  
1.643
204.49 33.1527  
1.644
206.008 33.282  
1.645
207.539 33.4119  
1.646
209.081 33.5423  
1.647
210.635 33.6732  
1.648
212.201 33.8047  
1.649
213.78 33.9367  
1.65
215.37 34.0692  
1.651
216.973 34.2022  
1.652
218.588 34.3358  
1.653
220.216 34.4699  
1.654
221.856 34.6046  
1.655
223.509 34.7398  
1.656
225.174 34.8755  
1.657
226.853 35.0118  
1.658
228.544 35.1486  
1.659
230.249 35.286  
1.66
231.967 35.424  
1.661
233.698 35.5625  
1.662
235.442 35.7015  
1.663
237.2 35.8411  
1.664
238.972 35.9813  
1.665
240.757 36.1221  
1.666
242.556 36.2634  
1.667
244.369 36.4052  
1.668
246.197 36.5477  
1.669
248.038 36.6907  
1.67
249.893 36.8343  
1.671
251.763 36.9785  
1.672
253.648 37.1232  
1.673
255.547 37.2686  
1.674
257.461 37.4145  
1.675
259.389 37.561  
1.676
261.333 37.7081  
1.677
263.291 37.8558  
1.678
265.265 38.0041  
1.679
267.254 38.1529  
1.68
269.259 38.3024  
1.681
271.279 38.4525  
1.682
273.315 38.6032  
1.683
275.367 38.7545  
1.684
277.434 38.9064  
1.685
279.518 39.0589  
1.686
281.618 39.212  
1.687
283.734 39.3657  
1.688
285.866 39.5201  
1.689
288.015 39.6751  
1.69
290.181 39.8307  
1.691
292.364 39.9869  
1.692
294.564 40.1438  
1.693
296.78 40.3013  
1.694
299.014 40.4594  
1.695
301.266 40.6181  
1.696
303.535 40.7775  
1.697
305.821 40.9376  
1.698
308.125 41.0983  
1.699
310.448 41.2596  
1.7
312.788 41.4216  
1.701
315.147 41.5842  
1.702
317.523 41.7475  
1.703
319.919 41.9114  
1.704
322.333 42.0761  
1.705
324.766 42.2413  
1.706
327.218 42.4072  
1.707
329.688 42.5738  
1.708
332.179 42.7411  
1.709
334.688 42.9091  
1.71
337.217 43.0777  
1.711
339.766 43.247  
1.712
342.335 43.4169  
1.713
344.924 43.5876  
1.714
347.533 43.759  
1.715
350.162 43.931  
1.716
352.812 44.1037  
1.717
355.482 44.2772  
1.718
358.173 44.4513  
1.719
360.885 44.6261  
1.72
363.619 44.8016  
1.721
366.374 44.9779  
1.722
369.15 45.1548  
1.723
371.948 45.3325  
1.724
374.768 45.5108  
1.725
377.609 45.6899  
1.726
380.473 45.8697  
1.727
383.36 46.0503  
1.728
386.269 46.2315  
1.729
389.2 46.4135  
1.73
392.155 46.5962  
1.731
395.132 46.7797  
1.732
398.133 46.9639  
1.733
401.158 47.1488  
1.734
404.206 47.3345  
1.735
407.277 47.5209  
1.736
410.373 47.7081  
1.737
413.493 47.896  
1.738
416.638 48.0847  
1.739
419.807 48.2742  
1.74
423 48.4644  
1.741
426.219 48.6553  
1.742
429.463 48.8471  
1.743
432.732 49.0396  
1.744
436.027 49.2329  
1.745
439.348 49.4269  
1.746
442.695 49.6218  
1.747
446.068 49.8174  
1.748
449.467 50.0138  
1.749
452.893 50.211  
1.75
456.346 50.409  
1.751
459.826 50.6078  
1.752
463.333 50.8074  
1.753
466.867 51.0078  
1.754
470.429 51.2091  
1.755
474.019 51.4111  
1.756
477.638 51.6139  
1.757
481.284 51.8176  
1.758
484.96 52.022  
1.759
488.664 52.2273  
1.76
492.397 52.4334  
1.761
496.159 52.6404  
1.762
499.951 52.8482  
1.763
503.772 53.0568  
1.764
507.624 53.2662  
1.765
511.506 53.4765  
1.766
515.418 53.6877  
1.767
519.361 53.8996  
1.768
523.335 54.1125  
1.769
527.34 54.3262  
1.77
531.376 54.5408  
1.771
535.444 54.7562  
1.772
539.544 54.9725  
1.773
543.677 55.1896  
1.774
547.841 55.4077  
1.775
552.039 55.6266  
1.776
556.269 55.8464  
1.777
560.533 56.0671  
1.778
564.83 56.2886  
1.779
569.16 56.5111  
1.78
573.525 56.7344  
1.781
577.924 56.9587  
1.782
582.358 57.1839  
1.783
586.827 57.4099  
1.784
591.33 57.6369  
1.785
595.869 57.8648  
1.786
600.444 58.0936  
1.787
605.055 58.3233  
1.788
609.702 58.5539  
1.789
614.385 58.7855  
1.79
619.106 59.018  
1.791
623.863 59.2515  
1.792
628.658 59.4858  
1.793
633.491 59.7212  
1.794
638.361 59.9574  
1.795
643.27 60.1947  
1.796
648.218 60.4328  
1.797
653.204 60.672  
1.798
658.23 60.9121  
1.799
663.295 61.1531  
1.8
668.4 61.3952  
1.801
673.546 61.6382  
1.802
678.732 61.8822  
1.803
683.958 62.1271  
1.804
689.226 62.3731  
1.805
694.536 62.62  
1.806
699.887 62.868  
1.807
705.28 63.1169  
1.808
710.716 63.3669  
1.809
716.194 63.6178  
1.81
721.716 63.8697  
1.811
727.282 64.1227  
1.812
732.891 64.3767  
1.813
738.544 64.6317  
1.814
744.242 64.8877  
1.815
749.985 65.1448  
1.816
755.773 65.4029  
1.817
761.607 65.662  
1.818
767.486 65.9222  
1.819
773.412 66.1834  
1.82
779.385 66.4457  
1.821
785.405 66.7091  
1.822
791.472 66.9734  
1.823
797.588 67.2389  
1.824
803.751 67.5054  
1.825
809.963 67.773  
1.826
816.224 68.0417  
1.827
822.535 68.3115  
1.828
828.895 68.5823  
1.829
835.306 68.8542  
1.83
841.767 69.1272  
1.831
848.279 69.4014  
1.832
854.842 69.6766  
1.833
861.458 69.9529  
1.834
868.125 70.2304  
1.835
874.846 70.5089  
1.836
881.619 70.7886  
1.837
888.446 71.0694  
1.838
895.326 71.3514  
1.839
902.261 71.6344  
1.84
909.251 71.9187  
1.841
916.296 72.204  
1.842
923.397 72.4905  
1.843
930.554 72.7782  
1.844
937.767 73.067  
1.845
945.037 73.357  
1.846
952.365 73.6481  
1.847
959.751 73.9404  
1.848
967.195 74.2339  
1.849
974.698 74.5286  
1.85
982.26 74.8245  
1.851
989.882 75.1215  
1.852
997.564 75.4198  
1.853
1005.31 75.7192  
1.854
1013.11 76.0198  
1.855
1020.98 76.3217  
1.856
1028.91 76.6248  
1.857
1036.9 76.9291  
1.858
1044.95 77.2346  
1.859
1053.07 77.5413  
1.86
1061.25 77.8493  
1.861
1069.5 78.1586  
1.862
1077.81 78.469  
1.863
1086.19 78.7807  
1.864
1094.63 79.0937  
1.865
1103.14 79.4079  
1.866
1111.72 79.7234  
1.867
1120.37 80.0402  
1.868
1129.08 80.3582  
1.869
1137.86 80.6776  
1.87
1146.72 80.9982  
1.871
1155.64 81.3201  
1.872
1164.63 81.6432  
1.873
1173.7 81.9677  
1.874
1182.84 82.2935  
1.875
1192.05 82.6206  
1.876
1201.33 82.9491  
1.877
1210.68 83.2788  
1.878
1220.11 83.6099  
1.879
1229.62 83.9423  
1.88
1239.2 84.276  
1.881
1248.85 84.6111  
1.882
1258.59 84.9475  
1.883
1268.4 85.2853  
1.884
1278.28 85.6245  
1.885
1288.25 85.965  
1.886
1298.29 86.3069  
1.887
1308.42 86.6501  
1.888
1318.62 86.9948  
1.889
1328.91 87.3408  
1.89
1339.27 87.6882  
1.891
1349.72 88.037  
1.892
1360.25 88.3872  
1.893
1370.87 88.7389  
1.894
1381.57 89.0919  
1.895
1392.35 89.4464  
1.896
1403.22 89.8023  
1.897
1414.18 90.1596  
1.898
1425.22 90.5183  
1.899
1436.35 90.8785  
1.9
1447.57 91.2402  
1.901
1458.88 91.6033  
1.902
1470.28 91.9679  
1.903
1481.77 92.3339  
1.904
1493.34 92.7014  
1.905
1505.02 93.0704  
1.906
1516.78 93.4409  
1.907
1528.64 93.8129  
1.908
1540.59 94.1863  
1.909
1552.63 94.5613  
1.91
1564.78 94.9378  
1.911
1577.01 95.3157  
1.912
1589.35 95.6953  
1.913
1601.78 96.0763  
1.914
1614.31 96.4589  
1.915
1626.95 96.843  
1.916
1639.68 97.2286  
1.917
1652.51 97.6158  
1.918
1665.44 98.0046  
1.919
1678.48 98.3949  
1.92
1691.62 98.7868  
1.921
1704.87 99.1803  
1.922
1718.22 99.5754  
1.923
1731.68 99.972  
1.924
1745.24 100.37  
1.925
1758.91 100.77  
1.926
1772.69 101.172  
1.927
1786.58 101.575  
1.928
1800.58 101.979  
1.929
1814.69 102.386  
1.93
1828.92 102.794  
1.931
1843.25 103.203  
1.932
1857.7 103.614  
1.933
1872.27 104.027  
1.934
1886.95 104.442  
1.935
1901.75 104.858  
1.936
1916.66 105.276  
1.937
1931.7 105.696  
1.938
1946.85 106.117  
1.939
1962.12 106.54  
1.94
1977.52 106.965  
1.941
1993.04 107.391  
1.942
2008.68 107.819  
1.943
2024.44 108.249  
1.944
2040.33 108.681  
1.945
2056.35 109.114  
1.946
2072.5 109.549  
1.947
2088.77 109.986  
1.948
2105.17 110.424  
1.949
2121.71 110.864  
1.95
2138.37 111.307  
1.951
2155.17 111.75  
1.952
2172.1 112.196  
1.953
2189.17 112.644  
1.954
2206.37 113.093  
1.955
2223.71 113.544  
1.956
2241.18 113.997  
1.957
2258.8 114.451  
1.958
2276.55 114.908  
1.959
2294.45 115.366  
1.96
2312.49 115.826  
1.961
2330.68 116.288  
1.962
2349 116.752  
1.963
2367.48 117.218  
1.964
2386.1 117.686  
1.965
2404.87 118.155  
1.966
2423.79 118.627  
1.967
2442.86 119.1  
1.968
2462.08 119.575  
1.969
2481.45 120.052  
1.97
2500.98 120.531  
1.971
2520.67 121.012  
1.972
2540.51 121.495  
1.973
2560.51 121.98  
1.974
2580.66 122.467  
1.975
2600.98 122.956  
1.976
2621.46 123.447  
1.977
2642.11 123.939  
1.978
2662.92 124.434  
1.979
2683.89 124.931  
1.98
2705.03 125.429  
1.981
2726.34 125.93  
1.982
2747.82 126.433  
1.983
2769.47 126.937  
1.984
2791.3 127.444  
1.985
2813.3 127.953  
1.986
2835.47 128.464  
1.987
2857.82 128.977  
1.988
2880.35 129.492  
1.989
2903.05 130.009  
1.99
2925.94 130.528  
1.991
2949.01 131.049  
1.992
2972.27 131.572  
1.993
2995.71 132.098  
1.994
3019.33 132.625  
1.995
3043.15 133.155  
1.996
3067.16 133.687  
1.997
3091.35 134.221  
1.998
3115.74 134.757  
1.999
3140.33 135.295  
2
3165.11 135.835  
