0 0 1  
0.03125 0.03124491373697916 0.9995117584864298  
0.0625 0.06245931734600971 0.998047510718204  
0.09375 0.0936127304921692 0.9956086865084093  
0.125 0.1246747222754848 0.9921976679381971  
0.15625 0.1556149713676728 0.9878177862399117  
0.1875 0.1864032651686999 0.982473317511963  
0.21875 0.217009539400654 0.976169481023227  
0.25 0.2474039076330819 0.9689124322443113  
0.28125 0.2775566902696056 0.9607092575514549  
0.3125 0.3074384436591464 0.9515679672053841  
0.34375 0.3370199887953323 0.9414974875137636  
0.375 0.3662724398205203 0.9305076521242697  
0.40625 0.3951672322321855 0.9186091924183244  
0.4375 0.4236761507749416 0.9058137270330973  
0.46875 0.4517713569925371 0.8921337505160086  
0.5 0.479425416411531 0.877582621123985  
0.53125 0.5066113253305862 0.8621745477793786  
0.5625 0.5333025371891085 0.8459245761951972  
0.59375 0.5594729884894937 0.8288485741832309  
0.625 0.5850971242476737 0.8109632161594124  
0.65625 0.6101499229471072 0.792285966861543  
0.6875 0.6346069209718498 0.7728350642952833  
0.71875 0.658444236494843 0.7526295019250607  
0.75 0.6816385927980969 0.7316890101272858  
0.78125 0.704167341001995 0.7100340369239863  
0.8125 0.726008482181525 0.6876857280156731  
0.84375 0.7471406888478412 0.6646659061329359  
0.875 0.7675433257741806 0.6409970497269304  
0.90625 0.7871964701457977 0.6167022710195661  
0.9375 0.8060809310142415 0.5918052934348284  
0.96875 0.8241782680369774 0.566330428433272  
1 0.8414708094840563 0.5403025517723079  
1.03125 0.857941669494247 0.5137470792154639  
1.0625 0.8735747645637808 0.4866899417143386  
1.09375 0.8883548292516091 0.4591575600874836  
1.125 0.9022674310858371 0.4311768192209393  
1.15625 0.9152989846567765 0.4027750418156166  
1.1875 0.927436764882859 0.3739799617071611  
1.21875 0.9386689194364526 0.34481969678435  
1.25 0.9489844803174501 0.3153227215324693  
1.28125 0.9583733745633272 0.28551783922848  
1.3125 0.9668264340852115 0.2554341538151252  
1.34375 0.9743354046203597 0.225101041481443  
1.375 0.9808929537922979 0.1945481219774347  
1.40625 0.9864926782707577 0.1638052296909008  
1.4375 0.9911291100244142 0.1329023845146866  
1.46875 0.9947977216603213 0.1018697625327858  
1.5 0.9974949308448307 0.07073766655392563  
1.53125 0.9992181038016755 0.03953649652140841  
1.5625 0.9999655578838067 0.008296719828102025  
1.59375 0.9997365632164664 -0.02295115843443228  
1.625 0.9985313434098974 -0.05417662526362444  
1.65625 0.9963510753409901 -0.08534918954130491  
1.6875 0.9931978880040827 -0.1164384118077444  
1.71875 0.9890748604320343 -0.1474139339852497  
1.75 0.9839860186896027 -0.1782455090222921  
1.78125 0.9779363319420621 -0.2089030304292196  
1.8125 0.9709317076029002 -0.2393565616767135  
1.84375 0.9629789855653313 -0.2695763654282823  
1.875 0.9540859315232612 -0.2995329325782459  
1.90625 0.9442612293882218 -0.3291970110668573  
1.9375 0.9335144728096845 -0.3585396344444236  
1.96875 0.9218561558070292 -0.3875321501565333  
2 0.9092976625223185 -0.4161462475227704  
