0 0 1  
0.00125 0.001249999674479167 0.9999992187501017  
0.0025 0.002499997395834097 0.9999968750016276  
0.00375 0.003749991210943604 0.9999929687582397  
0.005 0.004999979166691568 0.9999875000260416  
0.00625 0.006249959309973102 0.9999804688135782  
0.007500000000000001 0.007499929687694485 0.9999718751318356  
0.008750000000000001 0.008749888346777257 0.9999617189942417  
0.01 0.009999833334161268 0.9999500004166653  
0.01125 0.01124976269680773 0.9999367194174166  
0.0125 0.01249967448170226 0.9999218760172472  
0.01375 0.01374956673585796 0.9999054702393502  
0.015 0.01499943750631844 0.9998875021093592  
0.01625 0.01624928484016086 0.9998679716553496  
0.0175 0.01749910678449903 0.9998468789078377  
0.01875 0.0187489013864864 0.999824223899781  
0.02 0.01999866669331917 0.9998000066665779  
0.02125 0.0212484007522393 0.9997742272460677  
0.0225 0.02249810161053758 0.9997468856785309  
0.02375 0.02374776731555667 0.9997179820066886  
0.025 0.02499739591469417 0.9996875162757028  
0.02625000000000001 0.02624698545540563 0.9996554885331763  
0.02750000000000001 0.02749653398520766 0.9996218988291523  
0.02875000000000001 0.02874603955168092 0.9995867472161147  
0.03000000000000001 0.02999550020247324 0.999550033748988  
0.03125000000000001 0.0312449139853026 0.9995117584851368  
0.03250000000000001 0.03249427894796021 0.9994719214843665  
0.03375000000000001 0.03374359313831358 0.9994305228089221  
0.03500000000000001 0.03499285460430953 0.9993875625234891  
0.03625000000000001 0.03624206139397728 0.9993430406951932  
0.03750000000000001 0.03749121155543148 0.9992969573935995  
0.03875000000000001 0.03874030313687524 0.999249312690713  
0.04000000000000001 0.03998933418660324 0.9992001066609789  
0.04125000000000002 0.04123830275300471 0.9991493393812814  
0.04250000000000002 0.04248720688456652 0.9990970109309443  
0.04375000000000002 0.04373604462987621 0.9990431213917309  
0.04500000000000002 0.04498481403762507 0.9989876708478437  
0.04625000000000002 0.04623351315661114 0.998930659385924  
0.04750000000000002 0.04748214003574232 0.9988720870950522  
0.04875000000000002 0.04873069272403935 0.9988119540667475  
0.05000000000000002 0.04997916927063891 0.9987502603949678  
0.05125000000000002 0.05122756772479665 0.9986870061761095  
0.05250000000000003 0.05247588613589026 0.9986221915090072  
0.05375000000000003 0.05372412255342245 0.9985558164949339  
0.05500000000000003 0.05497227502702408 0.9984878812376003  
0.05625000000000003 0.05622034160645716 0.9984183858431556  
0.05750000000000003 0.05746832034161792 0.9983473304201861  
0.05875000000000003 0.05871620928253984 0.9982747150797159  
0.06000000000000003 0.0599640064793967 0.9982005399352065  
0.06125000000000003 0.06121170998250564 0.9981248051025566  
0.06250000000000003 0.06245931784233019 0.9980475107001018  
0.06375000000000003 0.0637068281094833 0.9979686568486146  
0.06500000000000003 0.06495423883473046 0.997888243671304  
0.06625000000000003 0.06620154806899266 0.9978062712938158  
0.06750000000000003 0.06744875386334946 0.9977227398442317  
0.06875000000000003 0.06869585426904208 0.9976376494530695  
0.07000000000000003 0.06994284733747638 0.9975510002532831  
0.07125000000000004 0.07118973112022595 0.9974627923802617  
0.07250000000000004 0.07243650366903512 0.9973730259718302  
0.07375000000000004 0.07368316303582205 0.9972817011682484  
0.07500000000000004 0.07492970727268172 0.9971888181122115  
0.07625000000000004 0.07617613443188903 0.9970943769488492  
0.07750000000000004 0.07742244256590179 0.9969983778257258  
0.07875000000000004 0.0786686297273638 0.9969008208928398  
0.08000000000000004 0.07991469396910786 0.9968017063026241  
0.08125000000000004 0.08116063334415885 0.996701034209945  
0.08250000000000005 0.08240644590573674 0.9965988047721028  
0.08375000000000005 0.08365212970725969 0.9964950181488309  
0.08500000000000005 0.08489768280234698 0.9963896745022959  
0.08625000000000005 0.08614310324482216 0.9962827739970972  
0.08750000000000005 0.08738838908871606 0.9961743168002668  
0.08875000000000005 0.08863353838826978 0.996064303081269  
0.09000000000000005 0.08987854919793779 0.9959527330120004  
0.09125000000000005 0.09112341957239098 0.9958396067667891  
0.09250000000000005 0.09236814756651962 0.9957249245223948  
0.09375000000000006 0.09361273123543648 0.9956086864580085  
0.09500000000000006 0.09485716863447984 0.9954908927552522  
0.09625000000000006 0.0961014578192165 0.9953715435981785  
0.09750000000000006 0.09734559684544487 0.9952506391732704  
0.09875000000000006 0.09858958376919798 0.9951281796694411  
0.1000000000000001 0.0998334166467465 0.9950041652780336  
0.1012500000000001 0.1010770935346018 0.9948785961928203  
0.1025000000000001 0.1023206124895191 0.9947514726100027  
0.1037500000000001 0.1035639715685001 0.9946227947282117  
0.1050000000000001 0.1048071688287966 0.9944925627485062  
0.1062500000000001 0.1060502023279132 0.9943607768743737  
0.1075000000000001 0.1072930701236102 0.9942274373117297  
0.1087500000000001 0.108535770273907 0.9940925442689171  
0.1100000000000001 0.1097783008370848 0.9939560979567065  
0.1112500000000001 0.1110206598716899 0.993818098588295  
0.1125000000000001 0.1122628454365365 0.9936785463793065  
0.1137500000000001 0.1135048555907099 0.9935374415477916  
0.1150000000000001 0.1147466883935696 0.9933947843142263  
0.1162500000000001 0.115988341904752 0.9932505749015127  
0.1175000000000001 0.1172298141841738 0.9931048135349779  
0.1187500000000001 0.1184711032920348 0.9929575004423741  
0.1200000000000001 0.119712207288821 0.9928086358538778  
0.1212500000000001 0.1209531242353076 0.9926582200020899  
0.1225000000000001 0.1221938521925623 0.9925062531220352  
0.1237500000000001 0.1234343892219477 0.992352735451162  
0.1250000000000001 0.1246747333851251 0.9921976672293416  
0.1262500000000001 0.125914882744057 0.9920410486988679  
0.1275000000000001 0.1271548353610102 0.9918828801044575  
0.1287500000000001 0.128394589298559 0.9917231616932487  
0.1300000000000001 0.1296341426195882 0.9915618937148015  
0.1312500000000001 0.1308734933872958 0.9913990764210971  
0.1325000000000001 0.1321126396651967 0.9912347100665376  
0.1337500000000001 0.133351579517125 0.9910687949079453  
0.1350000000000001 0.1345903110072375 0.9909013312045626  
0.1362500000000001 0.1358288322000163 0.9907323192180514  
0.1375000000000001 0.1370671411602725 0.990561759212493  
0.1387500000000001 0.1383052359531485 0.9903896514543874  
0.1400000000000001 0.1395431146441215 0.9902159962126529  
0.1412500000000001 0.1407807752990062 0.9900407937586257  
0.1425000000000001 0.1420182159839582 0.9898640443660598  
0.1437500000000001 0.1432554347654766 0.9896857483111259  
0.1450000000000001 0.1444924297104073 0.9895059058724116  
0.1462500000000001 0.145729198885946 0.9893245173309207  
0.1475000000000001 0.1469657403596411 0.9891415829700728  
0.1487500000000001 0.1482020521993967 0.9889571030757027  
0.1500000000000001 0.149438132473476 0.9887710779360603  
0.1512500000000001 0.1506739792505037 0.9885835078418098  
0.1525000000000001 0.1519095905994694 0.9883943930860294  
0.1537500000000001 0.1531449645897307 0.9882037339642109  
0.1550000000000001 0.1543800992910161 0.9880115307742592  
0.1562500000000001 0.1556149927734277 0.9878177838164915  
0.1575000000000001 0.1568496431074447 0.9876224933936377  
0.1587500000000001 0.1580840483639263 0.987425659810839  
0.1600000000000001 0.1593182066141145 0.9872272833756476  
0.1612500000000001 0.1605521159296373 0.9870273643980267  
0.1625000000000001 0.1617857743825116 0.9868259031903499  
0.1637500000000001 0.1630191800451463 0.9866229000674001  
0.1650000000000001 0.1642523309903454 0.9864183553463696  
0.1662500000000001 0.1654852252913108 0.9862122693468596  
0.1675000000000001 0.1667178610216453 0.9860046423908794  
0.1687500000000001 0.1679502362553558 0.985795474802846  
0.1700000000000001 0.1691823490668564 0.9855847669095839  
0.1712500000000001 0.170414197530971 0.985372519040324  
0.1725000000000001 0.1716457797229366 0.9851587315267035  
0.1737500000000001 0.1728770937184063 0.9849434047027655  
0.1750000000000001 0.1741081375934523 0.9847265389049581  
0.1762500000000001 0.1753389094245687 0.9845081344721339  
0.1775000000000001 0.1765694072886748 0.9842881917455499  
0.1787500000000001 0.1777996292631179 0.9840667110688667  
0.1800000000000001 0.1790295734256764 0.9838436927881475  
0.1812500000000001 0.180259237854563 0.9836191372518586  
0.1825000000000001 0.181488620628427 0.9833930448108678  
0.1837500000000001 0.1827177198263583 0.9831654158184445  
0.1850000000000001 0.1839465335278894 0.9829362506302591  
0.1862500000000001 0.1851750598129994 0.9827055496043821  
0.1875000000000001 0.1864032967621161 0.9824733131012837  
0.1887500000000001 0.1876312424561195 0.9822395414838335  
0.1900000000000001 0.1888588949763448 0.9820042351172996  
0.1912500000000001 0.1900862524045851 0.9817673943693481  
0.1925000000000001 0.1913133128230946 0.9815290196100427  
0.1937500000000001 0.1925400743145918 0.9812891112118438  
0.1950000000000001 0.1937665349622621 0.9810476695496083  
0.1962500000000001 0.1949926928497609 0.9808046950005886  
0.1975000000000001 0.1962185460612168 0.9805601879444327  
0.1987500000000001 0.1974440926812344 0.9803141487631825  
0.2000000000000001 0.1986693307948974 0.9800665778412743  
0.2012500000000002 0.1998942584877714 0.9798174755655377  
0.2025000000000002 0.2011188738459072 0.9795668423251948  
0.2037500000000002 0.2023431749558435 0.97931467851186  
0.2050000000000002 0.2035671599046101 0.9790609845195394  
0.2062500000000002 0.2047908267797308 0.9788057607446297  
0.2075000000000002 0.2060141736692263 0.9785490075859179  
0.2087500000000002 0.2072371986616174 0.9782907254445808  
0.2100000000000002 0.2084598998459277 0.9780309147241844  
0.2112500000000002 0.209682275311687 0.9777695758306826  
0.2125000000000002 0.2109043231489337 0.9775067091724174  
0.2137500000000002 0.2121260414482184 0.9772423151601182  
0.2150000000000002 0.2133474283006065 0.9769763942069003  
0.2162500000000002 0.2145684817976813 0.9767089467282652  
0.2175000000000002 0.2157892000315469 0.9764399731420996  
0.2187500000000002 0.2170095810948314 0.9761694738686746  
0.2200000000000002 0.2182296230806896 0.9758974493306453  
0.2212500000000002 0.2194493240828061 0.9756238999530499  
0.2225000000000002 0.2206686821953984 0.9753488261633093  
0.2237500000000002 0.2218876955132196 0.9750722283912263  
0.2250000000000002 0.2231063621315617 0.9747941070689848  
0.2262500000000002 0.2243246801462584 0.9745144626311494  
0.2275000000000002 0.2255426476536881 0.9742332955146643  
0.2287500000000002 0.2267602627507766 0.9739506061588532  
0.2300000000000002 0.2279775235350007 0.9736663950054182  
0.2312500000000002 0.2291944281043907 0.973380662498439  
0.2325000000000002 0.2304109745575334 0.9730934090843728  
0.2337500000000002 0.2316271609935753 0.9728046352120528  
0.2350000000000002 0.2328429855122252 0.9725143413326883  
0.2362500000000002 0.2340584462137576 0.9722225278998633  
0.2375000000000002 0.2352735411990154 0.9719291953695363  
0.2387500000000002 0.236488268569413 0.9716343442000391  
0.2400000000000002 0.2377026264269391 0.971337974852077  
0.2412500000000002 0.2389166128741597 0.9710400877887266  
0.2425000000000002 0.2401302260142213 0.9707406834754367  
0.2437500000000002 0.2413434639508536 0.9704397623800264  
0.2450000000000002 0.2425563247883726 0.9701373249726848  
0.2462500000000002 0.2437688066316835 0.9698333717259703  
0.2475000000000002 0.2449809075862836 0.9695279031148097  
0.2487500000000002 0.2461926257582655 0.9692209196164978  
0.2500000000000002 0.2474039592543197 0.9689124217106962  
0.2512500000000001 0.2486149061817378 0.9686024098794328  
0.2525000000000001 0.2498254646484157 0.968290884607101  
0.2537500000000001 0.2510356327628559 0.967977846380459  
0.2550000000000001 0.2522454086341709 0.9676632956886291  
0.25625 0.2534547903720863 0.9673472330230964  
0.2575 0.2546637760869433 0.967029658877709  
0.25875 0.255872363889702 0.9667105737486763  
0.26 0.2570805518919442 0.9663899781345688  
0.2612499999999999 0.2582883382058763 0.9660678725363171  
0.2624999999999999 0.2594957209443325 0.9657442574572112  
0.2637499999999999 0.2607026982207776 0.9654191334028994  
0.2649999999999998 0.2619092681493097 0.9650925008813881  
0.2662499999999998 0.2631154288446636 0.9647643604030405  
0.2674999999999998 0.2643211784222135 0.964434712480576  
0.2687499999999998 0.2655265149979759 0.9641035576290695  
0.2699999999999997 0.2667314366886125 0.9637708963659504  
0.2712499999999997 0.2679359416114337 0.9634367292110018  
0.2724999999999997 0.2691400278844006 0.9631010566863598  
0.2737499999999997 0.2703436936261287 0.9627638793165127  
0.2749999999999996 0.2715469369558905 0.9624251976283001  
0.2762499999999996 0.2727497559936186 0.962085012150912  
0.2774999999999996 0.2739521488599084 0.9617433234158881  
0.2787499999999996 0.2751541136760213 0.961400131957117  
0.2799999999999995 0.2763556485638876 0.9610554383108354  
0.2812499999999995 0.2775567516461093 0.9607092430156269  
0.2824999999999995 0.278757421045963 0.9603615466124217  
0.2837499999999994 0.279957654887403 0.9600123496444952  
0.2849999999999994 0.2811574512950642 0.9596616526574678  
0.2862499999999994 0.282356808394265 0.9593094561993034  
0.2874999999999994 0.2835557243110101 0.9589557608203089  
0.2887499999999993 0.2847541971719936 0.9586005670731331  
0.2899999999999993 0.2859522251046019 0.9582438755127664  
0.2912499999999993 0.2871498062369168 0.9578856866965391  
0.2924999999999993 0.2883469386977178 0.9575260011841211  
0.2937499999999992 0.2895436206164858 0.9571648195375212  
0.2949999999999992 0.2907398501234054 0.9568021423210855  
0.2962499999999992 0.2919356253493684 0.9564379701014971  
0.2974999999999992 0.2931309444259762 0.9560723034477749  
0.2987499999999991 0.2943258054855429 0.9557051429312732  
0.2999999999999991 0.2955202066610985 0.95533648912568  
0.3012499999999991 0.2967141460863913 0.954966342607017  
0.302499999999999 0.2979076218958912 0.9545947039536379  
0.303749999999999 0.2991006322247925 0.9542215737462281  
0.304999999999999 0.3002931752090168 0.9538469525678035  
0.306249999999999 0.3014852489852159 0.9534708410037096  
0.3074999999999989 0.3026768516907748 0.9530932396416206  
0.3087499999999989 0.3038679814638146 0.9527141490715386  
0.3099999999999989 0.3050586364431951 0.9523335698857924  
0.3112499999999989 0.3062488147685182 0.9519515026790371  
0.3124999999999988 0.3074385145801306 0.9515679480482525  
0.3137499999999988 0.3086277340191265 0.9511829065927427  
0.3149999999999988 0.3098164712273508 0.9507963789141349  
0.3162499999999988 0.3110047243474018 0.9504083656163784  
0.3174999999999987 0.3121924915226343 0.950018867305744  
0.3187499999999987 0.3133797708971623 0.9496278845908228  
0.3199999999999987 0.314566560615862 0.9492354180825251  
0.3212499999999986 0.3157528588243748 0.9488414683940798  
0.3224999999999986 0.3169386636691099 0.9484460361410331  
0.3237499999999986 0.3181239732972476 0.9480491219412479  
0.3249999999999986 0.3193087858567416 0.9476507264149026  
0.3262499999999985 0.3204930994963227 0.94725085018449  
0.3274999999999985 0.3216769123655011 0.9468494938748168  
0.3287499999999985 0.3228602226145693 0.946446658113002  
0.3299999999999985 0.3240430283946054 0.9460423435284765  
0.3312499999999984 0.3252253278574755 0.9456365507529817  
0.3324999999999984 0.3264071191558371 0.9452292804205688  
0.3337499999999984 0.3275884004431414 0.9448205331675974  
0.3349999999999984 0.3287691698736366 0.9444103096327352  
0.3362499999999983 0.3299494256023708 0.9439986104569564  
0.3374999999999983 0.3311291657851946 0.9435854362835409  
0.3387499999999983 0.3323083885787642 0.9431707877580731  
0.3399999999999982 0.3334870921405443 0.9427546655284412  
0.3412499999999982 0.3346652746288108 0.9423370702448364  
0.3424999999999982 0.3358429342026538 0.941918002559751  
0.3437499999999982 0.3370200690219803 0.9414974631279782  
0.3449999999999981 0.3381966772475177 0.9410754526066109  
0.3462499999999981 0.3393727570408156 0.9406519716550402  
0.3474999999999981 0.3405483065642497 0.9402270209349552  
0.3487499999999981 0.3417233239810241 0.9398006011103414  
0.349999999999998 0.3428978074551742 0.9393727128474795  
0.351249999999998 0.34407175515157 0.9389433568149449  
0.352499999999998 0.3452451652359184 0.9385125336836063  
0.353749999999998 0.3464180358747663 0.9380802441266248  
0.3549999999999979 0.3475903652355036 0.9376464888194527  
0.3562499999999979 0.348762151486366 0.9372112684398326  
0.3574999999999979 0.3499333927964377 0.9367745836677962  
0.3587499999999978 0.3511040873356543 0.9363364351856635  
0.3599999999999978 0.3522742332748059 0.9358968236780412  
0.3612499999999978 0.3534438287855396 0.9354557498318223  
0.3624999999999978 0.3546128720403628 0.9350132143361847  
0.3637499999999977 0.3557813612126456 0.9345692178825898  
0.3649999999999977 0.3569492944766239 0.9341237611647822  
0.3662499999999977 0.3581166700074022 0.9336768448787879  
0.3674999999999977 0.3592834859809564 0.9332284697229134  
0.3687499999999976 0.3604497405741369 0.9327786363977448  
0.3699999999999976 0.3616154319646711 0.9323273456061466  
0.3712499999999976 0.3627805583311663 0.9318745980532606  
0.3724999999999976 0.3639451178531131 0.9314203944465047  
0.3737499999999975 0.3651091087108872 0.930964735495572  
0.3749999999999975 0.3662725290857533 0.9305076219124295  
0.3762499999999975 0.3674353771598671 0.9300490544113171  
0.3774999999999974 0.368597651116279 0.9295890337087463  
0.3787499999999974 0.3697593491389359 0.9291275605234995  
0.3799999999999974 0.370920469412685 0.9286646355766285  
0.3812499999999974 0.3720810101232762 0.9282002595914532  
0.3824999999999973 0.3732409694573647 0.9277344332935613  
0.3837499999999973 0.3744003456025143 0.9272671574108061  
0.3849999999999973 0.3755591367472002 0.9267984326733061  
0.3862499999999973 0.3767173410808113 0.9263282598134436  
0.3874999999999972 0.3778749567936536 0.9258566395658635  
0.3887499999999972 0.3790319820769528 0.9253835726674725  
0.3899999999999972 0.3801884151228571 0.9249090598574375  
0.3912499999999972 0.3813442541244401 0.9244331018771846  
0.3924999999999971 0.3824994972757036 0.9239556994703981  
0.3937499999999971 0.3836541427715804 0.9234768533830192  
0.3949999999999971 0.3848081888079373 0.9229965643632448  
0.396249999999997 0.3859616335815774 0.9225148331615264  
0.397499999999997 0.3871144752902436 0.9220316605305688  
0.398749999999997 0.3882667121326209 0.9215470472253293  
0.399999999999997 0.3894183423083394 0.921060994003016  
0.4012499999999969 0.3905693640179774 0.9205735016230869  
0.4024999999999969 0.3917197754630635 0.9200845708472488  
0.4037499999999969 0.3928695748460802 0.919594202439456  
0.4049999999999969 0.3940187603704661 0.9191023971659089  
0.4062499999999968 0.3951673302406191 0.9186091557950533  
0.4074999999999968 0.396315282661899 0.9181144790975786  
0.4087499999999968 0.3974626158406304 0.9176183678464171  
0.4099999999999968 0.3986093279841054 0.9171208228167426  
0.4112499999999967 0.3997554173005865 0.916621844785969  
0.4124999999999967 0.4009008819993094 0.9161214345337494  
0.4137499999999967 0.4020457202904857 0.9156195928419747  
0.4149999999999966 0.4031899303853059 0.9151163204947725  
0.4162499999999966 0.4043335104959419 0.9146116182785058  
0.4174999999999966 0.40547645883555 0.9141054869817715  
0.4187499999999966 0.4066187736182736 0.9135979273953998  
0.4199999999999965 0.4077604530592462 0.9130889403124525  
0.4212499999999965 0.4089014953745939 0.9125785265282216  
0.4224999999999965 0.4100418987814383 0.9120666868402287  
0.4237499999999965 0.4111816614978992 0.9115534220482232  
0.4249999999999964 0.4123207817430977 0.9110387329541813  
0.4262499999999964 0.4134592577371586 0.9105226203623044  
0.4274999999999964 0.4145970877012134 0.9100050850790184  
0.4287499999999964 0.415734269857403 0.9094861279129722  
0.4299999999999963 0.4168708024288806 0.9089657496750362  
0.4312499999999963 0.4180066836398141 0.9084439511783011  
0.4324999999999963 0.4191419117153896 0.9079207332380772  
0.4337499999999962 0.4202764848818132 0.9073960966718924  
0.4349999999999962 0.4214104013663147 0.9068700422994911  
0.4362499999999962 0.4225436593971498 0.9063425709428332  
0.4374999999999962 0.4236762572036031 0.9058136834260926  
0.4387499999999961 0.4248081930159908 0.9052833805756559  
0.4399999999999961 0.4259394650656632 0.9047516632201213  
0.4412499999999961 0.4270700715850081 0.904218532190297  
0.4424999999999961 0.4282000108074531 0.9036839883192002  
0.443749999999996 0.4293292809674684 0.9031480324420553  
0.444999999999996 0.4304578803005694 0.9026106653962936  
0.446249999999996 0.4315858070433201 0.9020718880215509  
0.447499999999996 0.432713059433335 0.9015317011596666  
0.4487499999999959 0.4338396357092826 0.9009901056546827  
0.4499999999999959 0.4349655341108877 0.9004471023528421  
0.4512499999999959 0.4360907528789343 0.8999026921025871  
0.4524999999999958 0.4372152902552682 0.8993568757545588  
0.4537499999999958 0.4383391444828 0.8988096541615952  
0.4549999999999958 0.4394623138055077 0.8982610281787298  
0.4562499999999958 0.4405847964684396 0.8977109986631906  
0.4574999999999957 0.4417065907177166 0.8971595664743987  
0.4587499999999957 0.4428276948005354 0.8966067324739666  
0.4599999999999957 0.4439481069651712 0.8960524975256975  
0.4612499999999957 0.4450678254609803 0.8954968624955834  
0.4624999999999956 0.4461868485384026 0.8949398282518037  
0.4637499999999956 0.4473051744489648 0.8943813956647245  
0.4649999999999956 0.448422801445283 0.8938215656068965  
0.4662499999999956 0.4495397277810651 0.8932603389530541  
0.4674999999999955 0.4506559517111141 0.8926977165801139  
0.4687499999999955 0.4517714714913301 0.8921336993671731  
0.4699999999999955 0.4528862853787139 0.8915682881955086  
0.4712499999999955 0.4540003916313689 0.8910014839485751  
0.4724999999999954 0.4551137885085044 0.8904332875120043  
0.4737499999999954 0.4562264742704379 0.8898636997736029  
0.4749999999999954 0.4573384471785982 0.8892927216233516  
0.4762499999999953 0.4584497054955278 0.8887203539534038  
0.4774999999999953 0.4595602474848858 0.8881465976580837  
0.4787499999999953 0.4606700714114507 0.8875714536338855  
0.4799999999999953 0.4617791755411227 0.8869949227794715  
0.4812499999999952 0.4628875581409269 0.8864170059956711  
0.4824999999999952 0.4639952174790156 0.8858377041854791  
0.4837499999999952 0.4651021518246715 0.8852570182540547  
0.4849999999999952 0.4662083594483097 0.8846749491087192  
0.4862499999999951 0.4673138386214811 0.8840914976589559  
0.4874999999999951 0.4684185876168748 0.8835066648164073  
0.4887499999999951 0.4695226047083207 0.8829204514948746  
0.4899999999999951 0.4706258881707922 0.8823328586103162  
0.491249999999995 0.4717284362804092 0.8817438870808457  
0.492499999999995 0.4728302473144405 0.881153537826731  
0.493749999999995 0.4739313195513066 0.8805618117703927  
0.4949999999999949 0.4750316512705822 0.8799687098364027  
0.4962499999999949 0.4761312407529995 0.8793742329514826  
0.4974999999999949 0.4772300862804498 0.8787783820445025  
0.4987499999999949 0.4783281861359875 0.8781811580464792  
0.4999999999999948 0.4794255386038316 0.8775825618905752  
0.5012499999999949 0.4805221419693693 0.8769825945120967  
0.5024999999999948 0.4816179945191578 0.8763812568484927  
0.5037499999999948 0.4827130945409279 0.8757785498393531  
0.5049999999999948 0.483807440323586 0.8751744744264076  
0.5062499999999948 0.4849010301572171 0.8745690315535239  
0.5074999999999947 0.4859938623330872 0.8739622221667064  
0.5087499999999947 0.4870859351436462 0.8733540472140945  
0.5099999999999947 0.4881772468825307 0.8727445076459616  
0.5112499999999947 0.4892677958445663 0.872133604414713  
0.5124999999999946 0.4903575803257704 0.8715213384748849  
0.5137499999999946 0.491446598623355 0.8709077107831428  
0.5149999999999946 0.4925348490357292 0.8702927222982797  
0.5162499999999945 0.4936223298625021 0.8696763739812151  
0.5174999999999945 0.494709039404485 0.8690586667949931  
0.5187499999999945 0.4957949759636944 0.8684396017047811  
0.5199999999999945 0.4968801378433547 0.867819179677868  
0.5212499999999944 0.4979645233479008 0.8671974016836633  
0.5224999999999944 0.4990481307829804 0.8665742686936949  
0.5237499999999944 0.5001309584554573 0.865949781681608  
0.5249999999999944 0.5012130046734133 0.8653239416231634  
0.5262499999999943 0.5022942677461515 0.8646967494962361  
0.5274999999999943 0.5033747459841985 0.8640682062808136  
0.5287499999999943 0.5044544376993073 0.8634383129589945  
0.5299999999999943 0.5055333412044598 0.8628070705149872  
0.5312499999999942 0.5066114548138696 0.8621744799351077  
0.5324999999999942 0.5076887768429843 0.8615405422077786  
0.5337499999999942 0.5087653056084884 0.8609052583235277  
0.5349999999999941 0.5098410394283061 0.8602686292749858  
0.5362499999999941 0.5109159766216034 0.8596306560568857  
0.5374999999999941 0.5119901155087911 0.8589913396660604  
0.5387499999999941 0.5130634544115276 0.8583506811014417  
0.539999999999994 0.5141359916527208 0.8577086813640584  
0.541249999999994 0.5152077255565318 0.8570653414570349  
0.542499999999994 0.5162786544483764 0.8564206623855898  
0.543749999999994 0.5173487766549285 0.8557746451570339  
0.5449999999999939 0.5184180905041224 0.8551272907807691  
0.5462499999999939 0.5194865943251552 0.8544786002682865  
0.5474999999999939 0.5205542864484901 0.8538285746331647  
0.5487499999999939 0.5216211652058583 0.8531772148910689  
0.5499999999999938 0.5226872289302621 0.8525245220597484  
0.5512499999999938 0.523752475955977 0.8518704971590355  
0.5524999999999938 0.5248169046185547 0.8512151412108442  
0.5537499999999937 0.5258805132548258 0.8505584552391678  
0.5549999999999937 0.5269433002029018 0.8499004402700783  
0.5562499999999937 0.5280052638021785 0.8492410973317237  
0.5574999999999937 0.5290664023933379 0.8485804274543274  
0.5587499999999936 0.5301267143183512 0.8479184316701858  
0.5599999999999936 0.5311861979204814 0.8472551110136671  
0.5612499999999936 0.5322448515442854 0.84659046652121  
0.5624999999999936 0.533302673535617 0.8459244992313211  
0.5637499999999935 0.5343596622416298 0.8452572101845742  
0.5649999999999935 0.535415816010779 0.8445886004236085  
0.5662499999999935 0.5364711331928247 0.8439186709931265  
0.5674999999999935 0.5375256121388339 0.8432474229398926  
0.5687499999999934 0.5385792512011834 0.8425748573127321  
0.5699999999999934 0.5396320487335626 0.8419009751625284  
0.5712499999999934 0.5406840030909754 0.8412257775422223  
0.5724999999999933 0.5417351126297434 0.8405492655068099  
0.5737499999999933 0.5427853757075081 0.8398714401133411  
0.5749999999999933 0.5438347906832337 0.8391923024209181  
0.5762499999999933 0.5448833559172095 0.8385118534906933  
0.5774999999999932 0.5459310697710525 0.8378300943858681  
0.5787499999999932 0.5469779306077102 0.8371470261716908  
0.5799999999999932 0.5480239367914624 0.8364626499154554  
0.5812499999999932 0.549069086687925 0.8357769666864997  
0.5824999999999931 0.5501133786640513 0.8350899775562036  
0.5837499999999931 0.5511568110881354 0.8344016835979875  
0.5849999999999931 0.5521993823298142 0.8337120858873105  
0.5862499999999931 0.5532410907600706 0.8330211855016689  
0.587499999999993 0.5542819347512351 0.8323289835205945  
0.588749999999993 0.5553219126769894 0.8316354810256527  
0.589999999999993 0.5563610229123681 0.8309406791004409  
0.5912499999999929 0.5573992638337617 0.8302445788305871  
0.5924999999999929 0.5584366338189189 0.8295471813037478  
0.5937499999999929 0.5594731312469495 0.8288484876096065  
0.5949999999999929 0.5605087544983264 0.828148498839872  
0.5962499999999928 0.5615435019548883 0.8274472160882764  
0.5974999999999928 0.5625773719998427 0.8267446404505742  
0.5987499999999928 0.5636103630177678 0.8260407730245394  
0.5999999999999928 0.5646424733946154 0.8253356149099648  
0.6012499999999927 0.5656737015177131 0.8246291672086598  
0.6024999999999927 0.5667040457757674 0.8239214310244488  
0.6037499999999927 0.5677335045588654 0.8232124074631695  
0.6049999999999927 0.5687620762584781 0.822502097632671  
0.6062499999999926 0.5697897592674622 0.8217905026428123  
0.6074999999999926 0.5708165519800635 0.8210776236054604  
0.6087499999999926 0.5718424527919185 0.8203634616344887  
0.6099999999999925 0.5728674601000573 0.8196480178457751  
0.6112499999999925 0.5738915723029062 0.8189312933572004  
0.6124999999999925 0.5749147878002902 0.8182132892886463  
0.6137499999999925 0.5759371049934352 0.8174940067619942  
0.6149999999999924 0.5769585222849708 0.816773446901123  
0.6162499999999924 0.5779790380789327 0.816051610831907  
0.6174999999999924 0.5789986507807652 0.8153284996822152  
0.6187499999999924 0.5800173587973236 0.8146041145819085  
0.6199999999999923 0.581035160536877 0.8138784566628385  
0.6212499999999923 0.5820520544091102 0.8131515270588456  
0.6224999999999923 0.5830680388251269 0.8124233269057571  
0.6237499999999923 0.5840831121974516 0.8116938573413857  
0.6249999999999922 0.5850972729400322 0.8109631195055272  
0.6262499999999922 0.5861105194682429 0.8102311145399596  
0.6274999999999922 0.5871228501988862 0.8094978435884402  
0.6287499999999921 0.5881342635501955 0.808763307796705  
0.6299999999999921 0.5891447579418376 0.8080275083124659  
0.6312499999999921 0.5901543317949154 0.8072904462854095  
0.6324999999999921 0.5911629835319697 0.8065521228671949  
0.633749999999992 0.5921707115769826 0.8058125392114525  
0.634999999999992 0.5931775143553791 0.8050716964737815  
0.636249999999992 0.5941833902940301 0.8043295958117486  
0.637499999999992 0.5951883378212547 0.8035862383848859  
0.6387499999999919 0.5961923553668225 0.8028416253546891  
0.6399999999999919 0.5971954413619563 0.8020957578846161  
0.6412499999999919 0.5981975942393346 0.8013486371400845  
0.6424999999999919 0.5991988124330936 0.8006002642884705  
0.6437499999999918 0.60019909437883 0.7998506404991065  
0.6449999999999918 0.6011984385136036 0.7990997669432793  
0.6462499999999918 0.6021968432759393 0.7983476447942289  
0.6474999999999917 0.6031943071058299 0.797594275227146  
0.6487499999999917 0.6041908284447384 0.7968396594191702  
0.6499999999999917 0.6051864057356003 0.7960837985493888  
0.6512499999999917 0.6061810374228265 0.7953266937988341  
0.6524999999999916 0.6071747219523049 0.7945683463504821  
0.6537499999999916 0.6081674577714039 0.7938087573892506  
0.6549999999999916 0.6091592433289739 0.7930479281019972  
0.6562499999999916 0.6101500770753501 0.7922858596775175  
0.6574999999999915 0.6111399574623549 0.7915225533065432  
0.6587499999999915 0.6121288829433006 0.7907580101817404  
0.6599999999999915 0.6131168519729913 0.7899922314977076  
0.6612499999999915 0.6141038630077255 0.7892252184509738  
0.6624999999999914 0.6150899145052986 0.7884569722399968  
0.6637499999999914 0.6160750049250054 0.787687494065161  
0.6649999999999914 0.6170591327276425 0.7869167851287761  
0.6662499999999913 0.6180422963755101 0.7861448466350744  
0.6674999999999913 0.6190244943324155 0.7853716797902098  
0.6687499999999913 0.6200057250636744 0.7845972858022554  
0.6699999999999913 0.620985987036114 0.7838216658812015  
0.6712499999999912 0.6219652787180752 0.7830448212389541  
0.6724999999999912 0.6229435985794149 0.7822667530893329  
0.6737499999999912 0.6239209450915086 0.7814874626480691  
0.6749999999999912 0.6248973167272526 0.780706951132804  
0.6762499999999911 0.6258727119610663 0.7799252197630865  
0.6774999999999911 0.6268471292688949 0.7791422697603718  
0.6787499999999911 0.6278205671282115 0.7783581023480192  
0.6799999999999911 0.6287930240180197 0.77757271875129  
0.681249999999991 0.6297644984188558 0.7767861201973459  
0.682499999999991 0.6307349888127913 0.7759983079152472  
0.683749999999991 0.6317044936834351 0.7752092831359501  
0.6849999999999909 0.632673011515936 0.7744190470923058  
0.6862499999999909 0.6336405407969852 0.773627601019058  
0.6874999999999909 0.6346070800148182 0.7728349461528411  
0.6887499999999909 0.635572627659218 0.7720410837321779  
0.6899999999999908 0.6365371822215162 0.7712460149974786  
0.6912499999999908 0.6375007421945967 0.7704497411910377  
0.6924999999999908 0.6384633060728973 0.769652263557033  
0.6937499999999908 0.639424872352412 0.768853583341523  
0.6949999999999907 0.6403854395306937 0.7680537017924455  
0.6962499999999907 0.6413450061068565 0.7672526201596152  
0.6974999999999907 0.6423035705815777 0.766450339694722  
0.6987499999999907 0.6432611314571006 0.765646861651329  
0.6999999999999906 0.6442176872372365 0.7648421872848704  
0.7012499999999906 0.6451732364273671 0.7640363178526498  
0.7024999999999906 0.6461277775344471 0.7632292546138379  
0.7037499999999905 0.6470813090670061 0.7624209988294711  
0.7049999999999905 0.6480338295351513 0.7616115517624487  
0.7062499999999905 0.6489853374505697 0.7608009146775315  
0.7074999999999905 0.6499358313265304 0.7599890888413401  
0.7087499999999904 0.6508853096778869 0.7591760755223519  
0.7099999999999904 0.6518337710210795 0.7583618759909002  
0.7112499999999904 0.6527812138741375 0.7575464915191715  
0.7124999999999904 0.6537276367566816 0.7567299233812039  
0.7137499999999903 0.6546730381899262 0.755912172852885  
0.7149999999999903 0.6556174166966818 0.7550932412119499  
0.7162499999999903 0.6565607708013573 0.754273129737979  
0.7174999999999903 0.657503099029962 0.7534518397123963  
0.7187499999999902 0.6584443999101082 0.7526293724184673  
0.7199999999999902 0.6593846719710135 0.7518057291412971  
0.7212499999999902 0.660323913743503 0.7509809111678281  
0.7224999999999902 0.6612621237600116 0.7501549197868381  
0.7237499999999901 0.6621993005545864 0.7493277562889387  
0.7249999999999901 0.6631354426628888 0.7484994219665724  
0.7262499999999901 0.6640705486221969 0.7476699181140116  
0.72749999999999 0.665004616971408 0.7468392460273559  
0.72874999999999 0.6659376462510403 0.7460074070045302  
0.72999999999999 0.6668696350032359 0.7451744023452828  
0.73124999999999 0.6678005817717625 0.7443402333511834  
0.7324999999999899 0.6687304851020158 0.7435049013256207  
0.7337499999999899 0.6696593435410223 0.7426684075738011  
0.7349999999999899 0.6705871556374408 0.7418307534027457  
0.7362499999999899 0.671513919941565 0.7409919401212891  
0.7374999999999898 0.6724396350053259 0.7401519690400767  
0.7387499999999898 0.6733642993822939 0.7393108414715633  
0.7399999999999898 0.6742879116276811 0.7384685587300106  
0.7412499999999898 0.6752104702983436 0.7376251221314851  
0.7424999999999897 0.6761319739527836 0.7367805329938564  
0.7437499999999897 0.6770524211511518 0.7359347926367947  
0.7449999999999897 0.6779718104552498 0.7350879023817692  
0.7462499999999896 0.6788901404285319 0.7342398635520458  
0.7474999999999896 0.6798074096361076 0.733390677472685  
0.7487499999999896 0.6807236166447441 0.7325403454705399  
0.7499999999999896 0.6816387600228682 0.731688868874254  
0.7512499999999895 0.6825528383405683 0.7308362490142594  
0.7524999999999895 0.6834658501695975 0.7299824872227744  
0.7537499999999895 0.6843777940833747 0.7291275848338016  
0.7549999999999895 0.685288668656988 0.7282715431831258  
0.7562499999999894 0.6861984724671959 0.727414363608312  
0.7574999999999894 0.6871072040924302 0.7265560474487031  
0.7587499999999894 0.6880148621127979 0.7256965960454178  
0.7599999999999894 0.6889214451100836 0.7248360107413488  
0.7612499999999893 0.6898269516677513 0.7239742928811606  
0.7624999999999893 0.6907313803709475 0.723111443811287  
0.7637499999999893 0.6916347298065024 0.7222474648799295  
0.7649999999999892 0.6925369985629327 0.7213823574370551  
0.7662499999999892 0.6934381852304436 0.720516122834394  
0.7674999999999892 0.6943382884009313 0.7196487624254376  
0.7687499999999892 0.6952373066679844 0.7187802775654363  
0.7699999999999891 0.6961352386268874 0.7179106696113975  
0.7712499999999891 0.6970320828746217 0.7170399399220835  
0.7724999999999891 0.6979278380098682 0.7161680898580093  
0.7737499999999891 0.6988225026330099 0.7152951207814404  
0.774999999999989 0.6997160753461334 0.7144210340563908  
0.776249999999989 0.7006085547530316 0.7135458310486208  
0.777499999999989 0.7014999394592055 0.712669513125635  
0.778749999999989 0.7023902280718667 0.71179208165668  
0.7799999999999889 0.7032794191999394 0.7109135380127422  
0.7812499999999889 0.7041675114540628 0.7100338835665458  
0.7824999999999889 0.7050545034465927 0.7091531196925509  
0.7837499999999888 0.7059403937916044 0.7082712477669507  
0.7849999999999888 0.7068251811048946 0.7073882691676699  
0.7862499999999888 0.7077088640039829 0.7065041852743625  
0.7874999999999888 0.7085914411081153 0.7056189974684094  
0.7887499999999887 0.7094729110382652 0.7047327071329162  
0.7899999999999887 0.7103532724171359 0.7038453156527116  
0.7912499999999887 0.7112325238691629 0.7029568244143445  
0.7924999999999887 0.7121106640205161 0.7020672348060822  
0.7937499999999886 0.7129876914991017 0.7011765482179084  
0.7949999999999886 0.7138636049345644 0.7002847660415207  
0.7962499999999886 0.7147384029582895 0.6993918896703285  
0.7974999999999886 0.7156120842034055 0.6984979204994509  
0.7987499999999885 0.7164846473047854 0.6976028599257147  
0.7999999999999885 0.7173560908990498 0.6967067093476518  
0.8012499999999885 0.7182264136245681 0.6958094701654972  
0.8024999999999884 0.7190956141214612 0.6949111437811871  
0.8037499999999884 0.7199636910316035 0.6940117315983563  
0.8049999999999884 0.7208306429986251 0.693111235022336  
0.8062499999999884 0.7216964686679136 0.692209655460152  
0.8074999999999883 0.7225611666866166 0.6913069943205222  
0.8087499999999883 0.7234247357036437 0.6904032530138544  
0.8099999999999883 0.7242871743696685 0.6894984329522442  
0.8112499999999883 0.7251484813371307 0.6885925355494729  
0.8124999999999882 0.7260086552602384 0.6876855622210047  
0.8137499999999882 0.7268676947949699 0.6867775143839856  
0.8149999999999882 0.7277255985990762 0.6858683934572399  
0.8162499999999882 0.7285823653320826 0.684958200861269  
0.8174999999999881 0.7294379936552916 0.6840469380182487  
0.8187499999999881 0.7302924822317839 0.6831346063520268  
0.8199999999999881 0.7311458297264212 0.6822212072881215  
0.821249999999988 0.7319980348058484 0.6813067422537187  
0.822499999999988 0.732849096138495 0.6803912126776697  
0.823749999999988 0.7336990123945781 0.6794746199904893  
0.824999999999988 0.7345477822461036 0.6785569656243534  
0.8262499999999879 0.7353954043668688 0.6776382510130968  
0.8274999999999879 0.7362418774324643 0.6767184775922108  
0.8287499999999879 0.7370872001202761 0.6757976467988412  
0.8299999999999879 0.7379313711094876 0.6748757600717861  
0.8312499999999878 0.7387743890810818 0.6739528188514931  
0.8324999999999878 0.7396162527178435 0.6730288245800577  
0.8337499999999878 0.7404569607043607 0.672103778701221  
0.8349999999999878 0.7412965117270276 0.6711776826603667  
0.8362499999999877 0.7421349044740456 0.6702505379045198  
0.8374999999999877 0.7429721376354265 0.6693223458823438  
0.8387499999999877 0.7438082099029933 0.6683931080441387  
0.8399999999999876 0.7446431199703836 0.6674628258418381  
0.8412499999999876 0.7454768665330503 0.666531500729008  
0.8424999999999876 0.7463094482882648 0.6655991341608436  
0.8437499999999876 0.7471408639351182 0.6646657275941674  
0.8449999999999875 0.7479711121745238 0.6637312824874272  
0.8462499999999875 0.7488001917092187 0.6627958003006931  
0.8474999999999875 0.7496281012437664 0.6618592824956558  
0.8487499999999875 0.7504548394845585 0.6609217305356243  
0.8499999999999874 0.7512804051398165 0.6599831458855233  
0.8512499999999874 0.7521047969195944 0.6590435300118912  
0.8524999999999874 0.7529280135357801 0.6581028843828775  
0.8537499999999874 0.7537500537020978 0.6571612104682408  
0.8549999999999873 0.75457091613411 0.6562185097393465  
0.8562499999999873 0.7553905995492192 0.6552747836691643  
0.8574999999999873 0.7562091026666703 0.6543300337322658  
0.8587499999999872 0.7570264242075524 0.6533842614048229  
0.8599999999999872 0.7578425628948007 0.6524374681646044  
0.8612499999999872 0.7586575174531986 0.6514896554909746  
0.8624999999999872 0.7594712866093799 0.6505408248648906  
0.8637499999999871 0.7602838690918303 0.6495909777689002  
0.8649999999999871 0.76109526363089 0.6486401156871391  
0.8662499999999871 0.7619054689587551 0.6476882401053292  
0.8674999999999871 0.7627144838094799 0.646735352510776  
0.868749999999987 0.763522306918979 0.645781454392366  
0.869999999999987 0.7643289370250289 0.644826547240565  
0.871249999999987 0.7651343728672702 0.6438706325474151  
0.872499999999987 0.7659386131872095 0.6429137118065328  
0.8737499999999869 0.7667416567282215 0.6419557865131066  
0.8749999999999869 0.7675435022355509 0.6409968581638946  
0.8762499999999869 0.7683441484563143 0.6400369282572221  
0.8774999999999868 0.769143594139502 0.6390759982929795  
0.8787499999999868 0.7699418380359803 0.6381140697726195  
0.8799999999999868 0.7707388788984934 0.6371511441991554  
0.8812499999999868 0.771534715481665 0.636187223077158  
0.8824999999999867 0.7723293465420006 0.635222307912754  
0.8837499999999867 0.7731227708378894 0.6342564002136232  
0.8849999999999867 0.773914987129606 0.633289501488996  
0.8862499999999867 0.7747059941793127 0.6323216132496516  
0.8874999999999866 0.7754957907510611 0.6313527370079152  
0.8887499999999866 0.7762843756107942 0.6303828742776556  
0.8899999999999866 0.7770717475263484 0.6294120265742833  
0.8912499999999866 0.7778579052674552 0.6284401954147475  
0.8924999999999865 0.7786428476057433 0.6274673823175342  
0.8937499999999865 0.7794265733147404 0.6264935888026637  
0.8949999999999865 0.7802090811698753 0.6255188163916882  
0.8962499999999864 0.7809903699484796 0.6245430666076892  
0.8974999999999864 0.7817704384297897 0.6235663409752759  
0.8987499999999864 0.7825492853949487 0.6225886410205815  
0.8999999999999864 0.7833269096270086 0.6216099682712622  
0.9012499999999863 0.7841033099109316 0.620630324256494  
0.9024999999999863 0.7848784850335924 0.6196497105069704  
0.9037499999999863 0.7856524337837799 0.6186681285549002  
0.9049999999999863 0.7864251549521996 0.617685579934005  
0.9062499999999862 0.7871966473314745 0.6167020661795168  
0.9074999999999862 0.7879669097161482 0.6157175888281757  
0.9087499999999862 0.7887359409026858 0.6147321494182274  
0.9099999999999862 0.7895037396894763 0.6137457494894206  
0.9112499999999861 0.790270304876834 0.6127583905830052  
0.9124999999999861 0.7910356352670013 0.6117700742417291  
0.9137499999999861 0.7917997296641494 0.6107808020098365  
0.914999999999986 0.7925625868743809 0.609790575433065  
0.916249999999986 0.7933242057057317 0.6087993960586435  
0.917499999999986 0.7940845849681725 0.6078072654352895  
0.918749999999986 0.7948437234736108 0.6068141851132069  
0.9199999999999859 0.7956016200358929 0.6058201566440835  
0.9212499999999859 0.7963582734708056 0.6048251815810887  
0.9224999999999859 0.797113682596078 0.6038292614788706  
0.9237499999999859 0.7978678462313835 0.6028323978935544  
0.9249999999999858 0.7986207631983416 0.6018345923827391  
0.9262499999999858 0.7993724323205197 0.6008358465054956  
0.9274999999999858 0.8001228524234349 0.5998361618223642  
0.9287499999999858 0.800872022334556 0.598835539895352  
0.9299999999999857 0.8016199408833051 0.5978339822879305  
0.9312499999999857 0.8023666069010598 0.5968314905650334  
0.9324999999999857 0.8031120192211544 0.5958280662930536  
0.9337499999999856 0.8038561766788823 0.5948237110398416  
0.9349999999999856 0.8045990781114978 0.5938184263747019  
0.9362499999999856 0.8053407223582173 0.592812213868392  
0.9374999999999856 0.8060811082602221 0.5918050750931184  
0.9387499999999855 0.8068202346606591 0.5907970116225355  
0.9399999999999855 0.8075581004046437 0.5897880250317421  
0.9412499999999855 0.8082947043392607 0.5887781168972795  
0.9424999999999855 0.8090300453135666 0.5877672887971291  
0.9437499999999854 0.8097641221785913 0.5867555423107096  
0.9449999999999854 0.8104969337873398 0.5857428790188746  
0.9462499999999854 0.8112284789947942 0.5847293005039103  
0.9474999999999854 0.8119587566579153 0.5837148083495328  
0.9487499999999853 0.8126877656356443 0.5826994041408862  
0.9499999999999853 0.8134155047889048 0.5816830894645391  
0.9512499999999853 0.8141419729806045 0.580665865908483  
0.9524999999999852 0.8148671690756372 0.5796477350621296  
0.9537499999999852 0.8155910919408839 0.5786286985163082  
0.9549999999999852 0.8163137404452153 0.5776087578632629  
0.9562499999999852 0.8170351134594934 0.576587914696651  
0.9574999999999851 0.817755209856573 0.5755661706115398  
0.9587499999999851 0.8184740285113036 0.574543527204404  
0.9599999999999851 0.8191915683005311 0.5735199860731239  
0.9612499999999851 0.8199078281030998 0.5724955488169823  
0.962499999999985 0.8206228067998539 0.571470217036662  
0.963749999999985 0.8213365032736393 0.5704439923342439  
0.964999999999985 0.8220489164093054 0.5694168763132039  
0.966249999999985 0.8227600450937069 0.5683888705784105  
0.9674999999999849 0.8234698882157054 0.5673599767361224  
0.9687499999999849 0.8241784446661711 0.5663301963939861  
0.9699999999999849 0.8248857133379847 0.5652995311610332  
0.9712499999999848 0.825591693126039 0.5642679826476777  
0.9724999999999848 0.8262963829272407 0.5632355524657143  
0.9737499999999848 0.8269997816405122 0.5622022422283147  
0.9749999999999848 0.8277018881667932 0.5611680535500261  
0.9762499999999847 0.8284027014090424 0.5601329880467679  
0.9774999999999847 0.8291022202722391 0.5590970473358299  
0.9787499999999847 0.8298004436633853 0.5580602330358692  
0.9799999999999847 0.8304973704915072 0.5570225467669079  
0.9812499999999846 0.8311929996676566 0.5559839901503305  
0.9824999999999846 0.8318873301049131 0.5549445648088817  
0.9837499999999846 0.8325803607183856 0.5539042723666633  
0.9849999999999846 0.8332720904252139 0.5528631144491319  
0.9862499999999845 0.8339625181445703 0.5518210926830968  
0.9874999999999845 0.8346516427976619 0.5507782086967166  
0.9887499999999845 0.8353394633077315 0.5497344641194973  
0.9899999999999844 0.8360259786000594 0.5486898605822897  
0.9912499999999844 0.8367111876019661 0.5476443997172866  
0.9924999999999844 0.8373950892428123 0.5465980831580204  
0.9937499999999844 0.8380776824540018 0.5455509125393604  
0.9949999999999843 0.8387589661689832 0.5445028894975106  
0.9962499999999843 0.8394389393232504 0.5434540156700067  
0.9974999999999843 0.8401176008543458 0.542404292695714  
0.9987499999999843 0.8407949497018609 0.5413537222148243  
0.9999999999999842 0.841470984807438 0.5403023058688536  
