0 0 1  
0.125 0.1246744791666667 0.9921976725260416  
0.25 0.2474034561051263 0.9689124956106145  
0.375 0.3662717940707336 0.9305078259923104  
0.5 0.479414539237475 0.8775854275920262  
0.625 0.5850771437628578 0.8109728162832891  
0.75 0.6816112154757292 0.7317060956186164  
0.875 0.7675098065449169 0.6410240270024369  
1 0.8414336982000685 0.5403412087056094  
1.125 0.9022291100594642 0.4312282113431619  
1.25 0.9489476228134515 0.315387717789272  
1.375 0.9808604795230819 0.194626986874013  
1.5 0.9974697600952181 0.07083016178976601  
1.625 0.9985164180586815 -0.05407123699636784  
1.75 0.9839841861515909 -0.1781285093122146  
1.875 0.9540998532087217 -0.2994061050449782  
2 0.9093297440783745 -0.4160118580181557  
