0 0 1  
0.01 0.009999833333333335 0.9999500004166667  
0.02 0.01999866669166653 0.9998000066665973  
0.03 0.02999550019999626 0.9995500337490417  
0.04 0.03998933414928156 0.9992001066617398  
0.05 0.0499791691984967 0.9987502603975721  
0.06 0.05996400637247127 0.9982005399399535  
0.07000000000000001 0.06994284719579781 0.997551000260996  
0.08 0.07991469379273616 0.9968017063139984  
0.09 0.08987854898693254 0.9959527330277304  
0.09999999999999999 0.0998334164011811 0.9950041652988127  
0.11 0.1097783005570426 0.9939560979832274  
0.12 0.1197122069743957 0.9928086358868318  
0.13 0.129634142270884 0.9915618937548786  
0.14 0.1395431142612529 0.9902159962605414  
0.15 0.1494381320565678 0.9887710779924472  
0.16 0.1593182061633018 0.9872272834412179  
0.17 0.1691823485822846 0.9855847669850211  
0.18 0.1790295729075012 0.9838436928741325  
0.19 0.1888588944247321 0.9820042352145113  
0.2 0.1986693302100234 0.9800665779503894  
0.21 0.2084598992279788 0.9780309148458773  
0.2200000000000001 0.2182296224298622 0.9758974494655878  
0.2300000000000001 0.2279775228515015 0.9736663951542794  
0.2400000000000001 0.2377026257109847 0.9713379750155229  
0.2500000000000001 0.2474039585061368 0.9689124218893901  
0.2600000000000001 0.2570805511117696 0.9663899783291708  
0.2700000000000001 0.266731435876693 0.9637708965771175  
0.2800000000000001 0.2763556477204797 0.9610554385392208  
0.2900000000000001 0.2859522242299722 0.9582438757590201  
0.3000000000000001 0.2955202057555235 0.9553364893904486  
0.3100000000000001 0.3050586355069608 0.9523335701697182  
0.3200000000000001 0.3145665596492644 0.9492354183862467  
0.3300000000000001 0.3240430273979501 0.9460423438526285  
0.3400000000000001 0.3334870911141466 0.9427546658736542  
0.3500000000000001 0.3428978063993589 0.9393727132143795  
0.3600000000000002 0.3522742321899074 0.9358968240672501  
0.3700000000000002 0.3616154308510332 0.9323273460182815  
0.3800000000000002 0.3709204682706611 0.9286646360123018  
0.3900000000000002 0.3801884139528097 0.9249090603172568  
0.4000000000000002 0.3894183411106408 0.9210609944875841  
0.4100000000000002 0.3986093267591365 0.9171208233266571  
0.4200000000000002 0.4077604518073975 0.9130889408483059  
0.4300000000000002 0.4168708011505514 0.9089657502374159  
0.4400000000000002 0.4259394637612622 0.9047516638096091  
0.4500000000000002 0.4349655327808323 0.900447102970014  
0.4600000000000002 0.443948105609888 0.8960524981711243  
0.4700000000000003 0.4528862839986379 0.8915682888697549  
0.4800000000000003 0.461779174136698 0.8869949234830962  
0.4900000000000003 0.4706258867424714 0.8823328593438724  
0.5000000000000002 0.479425537152076 0.8775825626546093  
0.5100000000000002 0.4881772454078101 0.8727445084410141  
0.5200000000000002 0.4968801363461473 0.8678191805044733  
0.5300000000000002 0.5055333396852523 0.8628070713736725  
0.5400000000000003 0.5141359901120082 0.8577086822553448  
0.5500000000000003 0.5226872273685472 0.8525245229841499  
0.5600000000000003 0.5311861963382758 0.8472551119716913  
0.5700000000000003 0.5396320471313854 0.8419009761546755  
0.5800000000000003 0.5480239351698407 0.8364626509422188  
0.5900000000000003 0.5563610212718372 0.8309406801623068  
0.6000000000000003 0.5646424717357179 0.8253356160074121  
0.6100000000000003 0.5728674584233435 0.8196480189792755  
0.6200000000000003 0.5810351588429052 0.8138784578328564  
0.6300000000000003 0.5891447562311733 0.8080275095194575  
0.6400000000000003 0.5971954396351725 0.8020957591290302  
0.6500000000000004 0.6051864039932771 0.7960837998316665  
0.6600000000000004 0.6131168502157158 0.7899922328182822  
0.6700000000000004 0.6209859852644809 0.7838216672404982  
0.6800000000000004 0.6287930222326306 0.7775727201497257  
0.6900000000000004 0.6365371804229792 0.7712460164354622  
0.7000000000000004 0.644217685426167 0.7648421887628026  
0.7100000000000004 0.6518337691980992 0.7583618775091733  
0.7200000000000004 0.6593846701367507 0.7518057307002949  
0.7300000000000004 0.6668696331583255 0.7451744039453804  
0.7400000000000004 0.6742879097727641 0.7384685603715746  
0.7500000000000004 0.6816387581585922 0.7316888705576422  
0.7600000000000005 0.6889214432371021 0.7248360124669102  
0.7700000000000005 0.6961352367458601 0.7179106713794723  
0.7800000000000005 0.7032794173115317 0.7109135398236613  
0.7900000000000005 0.7103532705220189 0.7038453175067972  
0.8000000000000005 0.7173560889979006 0.6967067112452165  
0.8100000000000005 0.7242871724631698 0.6894984348935919  
0.8200000000000005 0.7311458278152607 0.6822212092735463  
0.8300000000000005 0.7379313691943586 0.6748757621015729  
0.8400000000000005 0.744643118051985 0.6674628279162622  
0.8500000000000005 0.7512804032188519 0.6599831480048505  
0.8600000000000005 0.7578425609719784 0.6524374703290906  
0.8700000000000006 0.7643289351010624 0.6448265494504569  
0.8800000000000006 0.7707388769741007 0.6371511464546897  
0.8900000000000006 0.7770717456022522 0.629412028875687  
0.9000000000000006 0.7833269077039361 0.6216099706187522  
0.9100000000000006 0.7895037377681591 0.613745751883204  
0.9200000000000006 0.7956016181170666 0.6058201590843569  
0.9300000000000006 0.8016199389677097 0.5978339847748808  
0.9400000000000006 0.8075580984930226 0.589788027565546  
0.9500000000000006 0.8134155028820057 0.5816830920453629  
0.9600000000000006 0.8191915663991053 0.573519988701124  
0.9700000000000006 0.8248857114427872 0.5652995338363552  
0.9800000000000006 0.8304973686032963 0.5570225494896873  
0.9900000000000007 0.8360259767195968 0.5486898633526516  
1.000000000000001 0.8414709829354882 0.5403023086869122  
1.010000000000001 0.8468318427548902 0.5318607242409403  
1.020000000000001 0.8521080200962922 0.5233659541661401  
1.030000000000001 0.8572989873463606 0.5148188479324342  
1.040000000000001 0.8624042254126998 0.5062202602433175  
1.050000000000001 0.8674232237757613 0.4975710509503875  
1.060000000000001 0.8723554805398948 0.4888720849673598  
1.070000000000001 0.8772005024835375 0.4801242321835778  
1.080000000000001 0.8819578051085363 0.4713283673770238  
1.090000000000001 0.8866269126885963 0.4624853701268425  
1.100000000000001 0.8912073583168538 0.4535961247253837  
1.110000000000001 0.8956986839525664 0.4446615200897738  
1.120000000000001 0.9001004404669163 0.4356824496730247  
1.130000000000001 0.9044121876879235 0.4266598113746892  
1.140000000000001 0.9086334944444622 0.4175945074510721  
1.150000000000001 0.9127639386093773 0.4084874444250051  
1.160000000000001 0.9168031071416974 0.3993395329951954  
1.170000000000001 0.9207505961279382 0.3901516879451563  
1.180000000000001 0.9246060108224935 0.3809248280517299  
1.190000000000001 0.9283689656871094 0.3716598759932102  
1.200000000000001 0.9320390844294379 0.3623577582570759  
1.210000000000001 0.935616000040666 0.3530194050473424  
1.220000000000001 0.9390993548322158 0.3436457501915422  
1.230000000000001 0.9424888004715136 0.3342377310473431  
1.240000000000001 0.9457839980168223 0.324796288408813  
1.250000000000001 0.9489846179511359 0.3153223664123414  
1.260000000000001 0.9520903402151303 0.3058169124422264  
1.270000000000001 0.9551008542391696 0.2962808770359373  
1.280000000000001 0.9580158589743623 0.2867152137890613  
1.290000000000001 0.9608350629226662 0.2771208792599452  
1.300000000000001 0.9635581841660379 0.2674988328740401  
1.310000000000001 0.9661849503946243 0.2578500368279594  
1.320000000000001 0.9687150989339933 0.2481754559932604  
1.330000000000001 0.9711483767714015 0.2384760578199578  
1.340000000000001 0.9734845405810947 0.2287528122397794  
1.350000000000001 0.9757233567486403 0.2190066915691737  
1.360000000000001 0.9778646013942889 0.2092386704120793  
1.370000000000001 0.9799080603953619 0.1994497255624652  
1.380000000000001 0.9818535294076637 0.189640835906652  
1.390000000000001 0.9837008138859157 0.1798129823254244  
1.400000000000001 0.9854497291032108 0.169967147595944  
1.410000000000001 0.9871001001694861 0.160104316293472  
1.420000000000001 0.9886517620490116 0.1502254746929127  
1.430000000000001 0.9901045595768935 0.1403316106701871  
1.440000000000001 0.9914583474745907 0.1304237136034456  
1.450000000000001 0.9927129903644428 0.1205027742741315  
1.460000000000001 0.9938683627832072 0.1105697847679034  
1.470000000000001 0.9949243491946058 0.1006257383754275  
1.480000000000001 0.9958808440008784 0.09067162949304955  
1.490000000000001 0.996737751553342 0.08070845352335569  
1.500000000000001 0.9974949861619563 0.07073720677563339  
1.510000000000001 0.9981524721038921 0.06075888636624111  
1.520000000000001 0.9987101436311037 0.05077449011889761  
1.530000000000001 0.9991679449769034 0.04078501646490038  
1.540000000000001 0.9995258303615387 0.0307914643432833  
1.550000000000001 0.9997837639967698 0.02079483310092366  
1.560000000000001 0.9999417200894483 0.01079612239260823  
1.570000000000001 0.9999996828440967 0.0007963320810686243  
1.580000000000001 0.9999576464644881 -0.009203537863004084  
1.590000000000001 0.9998156151542256 -0.01920248746095567  
1.600000000000001 0.9995736031163217 -0.02919951682616573  
1.610000000000001 0.9992316345517785 -0.03919362626403556  
1.620000000000001 0.9987897436571676 -0.04918381637195672  
1.630000000000001 0.9982479746212096 -0.05916908813925054  
1.640000000000001 0.9976063816203566 -0.06914844304706827  
1.650000000000001 0.9968650288133737 -0.0791208831682422  
1.660000000000001 0.9960239903349233 -0.08908541126707752  
1.670000000000001 0.995083350288152 -0.09904103089907504  
1.680000000000001 0.9940432027362799 -0.1089867465105748  
1.690000000000001 0.9929036516931949 -0.1189215635383108  
1.700000000000001 0.991664811113051 -0.128844488508866  
1.710000000000001 0.9903268048788731 -0.1387545291380194  
1.720000000000001 0.9888897667901688 -0.1486506944299735  
1.730000000000001 0.9873538405495486 -0.1585319947764526  
1.740000000000001 0.9857191797483554 -0.1683974420556635  
1.750000000000001 0.9839859478513064 -0.1782460497311062  
1.760000000000001 0.9821543181801458 -0.1880768329502273  
1.770000000000001 0.980224473896313 -0.197888808642904  
1.780000000000001 0.978196607982627 -0.2076809956197506  
1.790000000000001 0.976070923223988 -0.2174524146702363  
1.800000000000001 0.9738476321870992 -0.2272020886606057  
1.810000000000001 0.9715269571992101 -0.2369290426315914  
1.820000000000001 0.969109130325884 -0.2466323038959087  
1.830000000000001 0.9665943933477917 -0.2563109021355241  
1.840000000000001 0.963982997736534 -0.2659638694986859  
1.850000000000001 0.9612752046294939 -0.2755902406967086  
1.860000000000001 0.958471284803724 -0.2851890531005011  
1.870000000000001 0.9555715186488685 -0.2947593468368287  
1.880000000000001 0.9525761961391243 -0.3043001648842997  
1.890000000000001 0.9494856168042444 -0.3138105531690668  
1.900000000000001 0.9463000896995847 -0.3232895606602333  
1.910000000000001 0.9430199333751991 -0.3327362394649561  
1.920000000000001 0.9396454758439843 -0.3421496449232333  
1.930000000000001 0.9361770545488791 -0.3515288357023703  
1.940000000000002 0.9326150163291205 -0.3608728738911117  
1.950000000000002 0.9289597173855595 -0.3701808250934319  
1.960000000000002 0.9252115232450421 -0.3794517585219737  
1.970000000000002 0.9213708087238563 -0.3886847470911265  
1.980000000000002 0.9174379578902512 -0.3978788675097341  
1.990000000000002 0.9134133640260299 -0.4070332003734228  
2.000000000000001 0.9092974295872225 -0.4161468302565411  
2.010000000000001 0.9050905661638401 -0.425218845803702  
2.020000000000001 0.9007931944387164 -0.434248339820917  
2.030000000000001 0.8964057441454401 -0.4432344093663153  
2.04 0.8919286540253811 -0.4521761558404369  
2.05 0.8873623717838178 -0.4610726850760923  
2.06 0.8827073540451659 -0.4699231074277778  
2.07 0.8779640663073168 -0.4787265378606399  
2.08 0.8731329828950886 -0.4874820960389776  
2.089999999999999 0.8682145869127932 -0.4961889064142755  
2.099999999999999 0.8632093701959269 -0.5048460983127578  
2.109999999999999 0.858117833261987 -0.5134528060224551  
2.119999999999999 0.8529404852604204 -0.5220081688797747  
2.129999999999999 0.8476778439217094 -0.5305113313555664  
2.139999999999998 0.8423304355055988 -0.5389614431406745  
2.149999999999998 0.8368987947484704 -0.5473576592309681  
2.159999999999998 0.8313834648098698 -0.5556991400118411  
2.169999999999998 0.8257849972181911 -0.5639850513421722  
2.179999999999997 0.8201039518155242 -0.5722145646377395  
2.189999999999997 0.8143408967016713 -0.5803868569540768  
2.199999999999997 0.8084964081773374 -0.5885011110687686  
2.209999999999997 0.8025710706865005 -0.5965565155631709  
2.219999999999997 0.7965654767579678 -0.6045522649035528  
2.229999999999996 0.7904802269461236 -0.6124875595216491  
2.239999999999996 0.7843159297708738 -0.6203616058946163  
2.249999999999996 0.7780732016567948 -0.6281736166243843  
2.259999999999996 0.7717526668714916 -0.6359228105163955  
2.269999999999996 0.7653549574631712 -0.6436084126577241  
2.279999999999995 0.7588807131974386 -0.6512296544945657  
2.289999999999995 0.7523305814933208 -0.6587857739090932  
2.299999999999995 0.7457052173585254 -0.6662760152956673  
2.309999999999995 0.7390052833239401 -0.6736996296363963  
2.319999999999995 0.7322314493773806 -0.6810558745760378  
2.329999999999994 0.7253843928965921 -0.6883440144962332  
2.339999999999994 0.7184647985815119 -0.6955633205890691  
2.349999999999994 0.7114733583858007 -0.7027130709299574  
2.359999999999994 0.7044107714476471 -0.7097925505498272  
2.369999999999993 0.6972777440198544 -0.7168010515066209  
2.379999999999993 0.6900749893992164 -0.7237378729560883  
2.389999999999993 0.682803227855188 -0.7306023212218701  
2.399999999999993 0.6754631865578588 -0.7373937098648649  
2.409999999999993 0.6680555995052367 -0.7441113597518726  
2.419999999999992 0.6605812074498491 -0.7507545991235073  
2.429999999999992 0.6530407578246675 -0.7573227636613726  
2.439999999999992 0.6454350046683658 -0.7638151965544929  
2.449999999999992 0.6377647085499162 -0.7702312485649938  
2.459999999999992 0.6300306364925333 -0.7765702780930254  
2.469999999999991 0.6222335618969727 -0.7828316512409219  
2.479999999999991 0.6143742644641907 -0.7890147418765909  
2.489999999999991 0.6064535301173761 -0.7951189316961258  
2.499999999999991 0.5984721509233574 -0.8011436102856356  
2.50999999999999 0.5904309250133973 -0.8070881751822864  
2.51999999999999 0.5823306565033805 -0.8129520319345463  
2.52999999999999 0.5741721554134019 -0.8187345941616311  
2.53999999999999 0.5659562375867664 -0.8244352836121407  
2.54999999999999 0.5576837246084042 -0.8300535302218849  
2.559999999999989 0.5493554437227138 -0.8355887721708884  
2.569999999999989 0.540972227750838 -0.8410404559395731  
2.579999999999989 0.5325349150073819 -0.846408036364109  
2.589999999999989 0.5240443492165832 -0.8516909766909304  
2.599999999999989 0.5155013794279394 -0.8568887486304109  
2.609999999999988 0.5069068599313046 -0.8620008324096916  
2.619999999999988 0.4982616501714603 -0.8670267168246585  
2.629999999999988 0.4895666146621723 -0.8719658992910617  
2.639999999999988 0.4808226228997396 -0.8768178858947743  
2.649999999999987 0.4720305492760458 -0.8815821914411825  
2.659999999999987 0.4631912729911205 -0.8862583395037055  
2.669999999999987 0.45430567796522 -0.890845862471437  
2.679999999999987 0.4453746527504362 -0.8953443015959066  
2.689999999999987 0.4363990904418418 -0.8997532070369537  
2.699999999999986 0.4273798885881819 -0.9040721379077115  
2.709999999999986 0.4183179491021197 -0.908300662318695  
2.719999999999986 0.4092141781700457 -0.91243835742099  
2.729999999999986 0.4000694861614607 -0.9164848094485374  
2.739999999999986 0.3908847875379384 -0.9204396137595092  
2.749999999999985 0.381661000761681 -0.924302374876773  
2.759999999999985 0.3723990482036733 -0.9280727065274388  
2.769999999999985 0.3630998560514464 -0.9317502316814861  
2.779999999999985 0.3537643542164598 -0.9353345825894668  
2.789999999999984 0.3443934762411109 -0.9388254008192796  
2.799999999999984 0.3349881592053818 -0.9422223372920131  
2.809999999999984 0.3255493436331318 -0.9455250523168532  
2.819999999999984 0.3160779733980458 -0.9487332156250523  
2.829999999999984 0.3065749956292481 -0.9518465064029552  
2.839999999999983 0.2970413606165898 -0.9548646133240808  
2.849999999999983 0.2874780217156209 -0.9577872345802543  
2.859999999999983 0.2778859352522554 -0.9606140779117877  
2.869999999999983 0.2682660604271397 -0.9633448606367055  
2.879999999999983 0.258619359219733 -0.9659793096790131  
2.889999999999982 0.2489467962921105 -0.9685171615960035  
2.899999999999982 0.2392493388924978 -0.9709581626046018  
2.909999999999982 0.229527956758547 -0.973302068606743  
2.919999999999982 0.2197836220203635 -0.9755486452137818  
2.929999999999982 0.2100173091032942 -0.9776976677699315  
2.939999999999981 0.2002299946304854 -0.9797489213747288  
2.949999999999981 0.1904226573252215 -0.9817022009045242  
2.959999999999981 0.1805962779130534 -0.9835573110329938  
2.969999999999981 0.1707518390237271 -0.9853140662506722  
2.97999999999998 0.1608903250929208 -0.9869722908835029  
2.98999999999998 0.1510127222638028 -0.9885318191104057  
2.99999999999998 0.141120018288418 -0.9899924949798586  
3.00999999999998 0.1312132024289131 -0.9913541724254933  
3.01999999999998 0.1212932653586114 -0.9926167152807007  
3.029999999999979 0.1113611990629466 -0.9937799972922486  
3.039999999999979 0.1014179967402646 -0.9948439021329062  
3.049999999999979 0.09146465270250474 -0.9958083234130767  
3.059999999999979 0.08150216227576948 -0.9966731646914365  
3.069999999999979 0.07153152170079249 -0.9974383394845794  
3.079999999999978 0.0615537280333155 -0.9981037712756642  
3.089999999999978 0.05156977904438349 -0.9986693935220669  
3.099999999999978 0.04158067312056849 -0.9991351496620348  
3.109999999999978 0.03158740916413168 -0.9995009931203424  
3.119999999999977 0.02159098649313407 -0.999766887312949  
3.129999999999977 0.01159240474150545 -0.9999328056506575  
3.139999999999977 0.001592663759081904 -0.9999987315417723  
3.149999999999977 -0.008407236488378394 -0.9999646583937596  
3.159999999999977 -0.01840629601919089 -0.9998305896139058  
3.169999999999976 -0.028403514935742 -0.9995965386089772  
3.179999999999976 -0.03839789352447803 -0.9992625287838792  
3.189999999999976 -0.04838843235587569 -0.9988285935393159  
3.199999999999976 -0.05837413238438423 -0.9982947762684498  
3.209999999999976 -0.06835399504832916 -0.9976611303525629  
3.219999999999975 -0.07832702236976757 -0.9969277191557185  
3.229999999999975 -0.08829221705428512 -0.9960946160184247  
3.239999999999975 -0.0982485825907246 -0.9951619042503005  
3.249999999999975 -0.1081951233508363 -0.9941296771217448  
3.259999999999974 -0.1181308446888398 -0.9929980378546098  
3.269999999999974 -0.1280547530408881 -0.9917670996118786  
3.279999999999974 -0.1379658560244228 -0.9904369854863487  
3.289999999999974 -0.1478631625374116 -0.9890078284883236  
3.299999999999974 -0.157745682857458 -0.987479771532311  
3.309999999999973 -0.1676124287407721 -0.9858529674227324  
3.319999999999973 -0.177462413520995 -0.9841275788386421  
3.329999999999973 -0.1872946522078636 -0.9823037783174594  
3.339999999999973 -0.1971081615857097 -0.9803817482377155  
3.349999999999973 -0.2069019603117803 -0.9783616808008155  
3.359999999999972 -0.216675069014371 -0.9762437780118184  
3.369999999999972 -0.2264265103907628 -0.9740282516592368  
3.379999999999972 -0.2361553093049509 -0.9717153232938582  
3.389999999999972 -0.2458604928851581 -0.9693052242065903  
3.399999999999971 -0.2555410906211207 -0.9667981954053317  
3.409999999999971 -0.265196134461139 -0.9641944875908719  
3.419999999999971 -0.2748246589088817 -0.9614943611318207  
3.429999999999971 -0.2844257011199345 -0.9586980860385723  
3.439999999999971 -0.2939983009980838 -0.9558059419363037  
3.44999999999997 -0.3035415012913257 -0.9528182180370134  
3.45999999999997 -0.3130543476875901 -0.9497352131105994  
3.46999999999997 -0.3225358889101715 -0.9465572354549832  
3.47999999999997 -0.3319851768128554 -0.9432846028652798  
3.48999999999997 -0.3414012664747327 -0.939917642602019  
3.499999999999969 -0.3507832162946904 -0.9364566913584191  
3.509999999999969 -0.3601300880855715 -0.932902095226718  
3.519999999999969 -0.3694409471679923 -0.9292542096635642  
3.529999999999969 -0.3787148624638101 -0.9255133994544718  
3.539999999999969 -0.3879509065892303 -0.9216800386773418  
3.549999999999968 -0.3971481559475434 -0.917754510665055  
3.559999999999968 -0.4063056908214843 -0.9137372079671386  
3.569999999999968 -0.4154225954652034 -0.9096285323105121  
3.579999999999968 -0.42449795819584 -0.9054288945593143  
3.589999999999967 -0.4335308714846903 -0.901138714673818  
3.599999999999967 -0.4425204320479592 -0.8967584216684336  
3.609999999999967 -0.4514657409370877 -0.8922884535688085  
3.619999999999967 -0.4603659036286479 -0.8877292573680247  
3.629999999999967 -0.4692200301137934 -0.8830812889818997  
3.639999999999966 -0.4780272349872605 -0.878345013203396  
3.649999999999966 -0.4867866375359073 -0.8735209036561411  
3.659999999999966 -0.4954973618267846 -0.8686094427470665  
3.669999999999966 -0.5041585367947283 -0.8636111216181669  
3.679999999999966 -0.5127692963294653 -0.8585264400973864  
3.689999999999965 -0.5213287793622239 -0.8533559066486367  
3.699999999999965 -0.5298361299518396 -0.8481000383209502  
3.709999999999965 -0.538290497370349 -0.8427593606967761  
3.719999999999965 -0.5466910361880614 -0.8373344078394229  
3.729999999999964 -0.5550369063581013 -0.8318257222396518  
3.739999999999964 -0.5633272733004125 -0.8262338547614283  
3.749999999999964 -0.5715613079852153 -0.8205593645868366  
3.759999999999964 -0.5797381870159086 -0.8148028191601617  
3.769999999999964 -0.5878570927114093 -0.8089647941311452  
3.779999999999963 -0.5959172131879191 -0.8030458732974209  
3.789999999999963 -0.6039177424401129 -0.7970466485461359  
3.799999999999963 -0.6118578804217381 -0.7909677197947618  
3.809999999999963 -0.619736833125619 -0.7848096949311038  
3.819999999999963 -0.6275538126630565 -0.7785731897525123  
3.829999999999962 -0.6353080373426165 -0.772258827904304  
3.839999999999962 -0.6429987317482984 -0.7658672408173974  
3.849999999999962 -0.6506251268170758 -0.7593990676451705  
3.859999999999962 -0.6581864599158027 -0.7528549551995459  
3.869999999999961 -0.6656819749174756 -0.7462355578863105  
3.879999999999961 -0.6731109222768459 -0.7395415376396747  
3.889999999999961 -0.6804725591053735 -0.7327735638560803  
3.899999999999961 -0.6877661492455157 -0.7259323133272612  
3.909999999999961 -0.6949909633443414 -0.7190184701725644  
3.91999999999996 -0.7021462789264666 -0.7120327257705391  
3.92999999999996 -0.709231380466301 -0.7049757786897994  
3.93999999999996 -0.7162455594595996 -0.6978483346191677  
3.94999999999996 -0.7231881144943133 -0.6906511062971067  
3.95999999999996 -0.730058351320729 -0.683384813440446  
3.969999999999959 -0.7368555829208941 -0.6760501826724109  
3.979999999999959 -0.7435791295773178 -0.6686479474499611  
3.989999999999959 -0.750228318940942 -0.6611788479904454  
3.999999999999959 -0.7568024860983762 -0.6536436311975801  
4.009999999999959 -0.7633009736383877 -0.6460430505867601  
4.019999999999959 -0.7697231317176424 -0.6383778662097076  
4.029999999999959 -0.7760683181256889 -0.6306488445784673  
4.039999999999958 -0.7823358983491784 -0.622856758588756  
4.049999999999958 -0.788525245635316 -0.6150023874426741  
4.059999999999958 -0.7946357410545354 -0.6070865165707855  
4.069999999999958 -0.8006667735623909 -0.5991099375535754  
4.079999999999957 -0.8066177400606619 -0.5910734480422929  
4.089999999999957 -0.812488045457662 -0.5829778516791865  
4.099999999999957 -0.8182771027277475 -0.5748239580171406  
4.109999999999957 -0.8239843329700197 -0.566612582438721  
4.119999999999957 -0.8296091654662145 -0.558344546074637  
4.129999999999956 -0.8351510377377738 -0.5500206757216294  
4.139999999999956 -0.8406093956020922 -0.5416418037597911  
4.149999999999956 -0.8459836932279362 -0.5332087680693302  
4.159999999999956 -0.8512733931900254 -0.5247224119467824  
4.169999999999956 -0.8564779665227754 -0.5161835840206821  
4.179999999999955 -0.861596892773194 -0.5075931381667005  
4.189999999999955 -0.8666296600529253 -0.4989519334222582  
4.199999999999955 -0.8715757650894391 -0.4902608339006229  
4.209999999999955 -0.8764347132763569 -0.481520708704498  
4.219999999999954 -0.8812060187229127 -0.4727324318391137  
4.229999999999954 -0.8858892043025413 -0.463896882124827  
4.239999999999954 -0.8904838017005907 -0.4550149431092403  
4.249999999999954 -0.8949893514611533 -0.4460875029788473  
4.259999999999954 -0.8994054030330109 -0.4371154544702155  
4.269999999999953 -0.9037315148146893 -0.4280996947807127  
4.279999999999953 -0.9079672541986187 -0.4190411254787887  
4.289999999999953 -0.9121121976143935 -0.4099406524138186  
4.299999999999953 -0.9161659305711294 -0.4007991856255188  
4.309999999999953 -0.9201280476989114 -0.391617639252944  
4.319999999999952 -0.9239981527893316 -0.3823969314430737  
4.329999999999952 -0.9277758588351088 -0.3731379842589989  
4.339999999999952 -0.9314607880687892 -0.3638417235877155  
4.349999999999952 -0.9350525720005228 -0.3545090790475376  
4.359999999999951 -0.9385508514549122 -0.3451409838951354  
4.369999999999951 -0.9419552766069298 -0.335738374932211  
4.379999999999951 -0.9452655070168998 -0.3263021924118187  
4.389999999999951 -0.9484812116645422 -0.3168333799443405  
4.399999999999951 -0.9516020689820743 -0.3073328844031259  
4.40999999999995 -0.9546277668863673 -0.2978016558298055  
4.41999999999995 -0.9575580028101545 -0.2882406473392873  
4.42999999999995 -0.9603924837322874 -0.2786508150244462  
4.43999999999995 -0.9631309262070379 -0.2690331178605155  
4.44999999999995 -0.9657730563924426 -0.2593885176091902  
4.459999999999949 -0.9683186100776867 -0.2497179787224518  
4.469999999999949 -0.9707673327095249 -0.2400224682461232  
4.479999999999949 -0.9731189794177363 -0.230302955723166  
4.489999999999949 -0.9753733150396117 -0.220560413096726  
4.499999999999948 -0.977530114143469 -0.2107958146129404  
4.509999999999948 -0.9795891610511969 -0.2010101367235136  
4.519999999999948 -0.981550249859822 -0.1912043579880732  
4.529999999999948 -0.983413184462099 -0.1813794589763142  
4.539999999999948 -0.9851777785661218 -0.1715364221699438  
4.549999999999947 -0.9868438557139515 -0.1616762318644332  
4.559999999999947 -0.9884112492992632 -0.1517998740705893  
4.569999999999947 -0.9898798025840057 -0.1419083364159543  
4.579999999999947 -0.9912493687140753 -0.1320026080460439  
4.589999999999947 -0.9925198107340015 -0.1220836795254335  
4.599999999999946 -0.9936910016006421 -0.1121525427387025  
4.609999999999946 -0.9947628241958871 -0.1022101907912467  
4.619999999999946 -0.9957351713383712 -0.09225761790996861  
4.629999999999946 -0.9966079457941911 -0.08229581934385577  
4.639999999999946 -0.9973810602866293 -0.07232579126445633  
4.649999999999945 -0.9980544375048815 -0.06234853066626296  
4.659999999999945 -0.9986280101117876 -0.05236503526701417  
4.669999999999945 -0.9991017207505652 -0.04237630340792339  
4.679999999999945 -0.9994755220505459 -0.03238333395384566  
4.689999999999944 -0.9997493766319114 -0.02238712619339196  
4.699999999999944 -0.9999232571094322 -0.01238867973900123  
4.709999999999944 -0.9999971460952055 -0.002388994426979936  
4.719999999999944 -0.9999710362003945 0.007610929782480735  
4.729999999999944 -0.9998449300359671 0.01761009290530005  
4.739999999999943 -0.9996188402124346 0.02760749503350531  
4.749999999999943 -0.999292789338591 0.03760213643522181  
4.759999999999943 -0.9988668100192518 0.04759301765464518  
4.769999999999943 -0.9983409448519938 0.05757913961198616  
4.779999999999943 -0.9977152464228951 0.06755950370337772  
4.789999999999942 -0.996989777301277 0.07753311190073464  
4.799999999999942 -0.9961646100334467 0.08749896685155545  
4.809999999999942 -0.9952398271354428 0.09745607197865687  
4.819999999999942 -0.9942155210847839 0.1074034315798307  
4.829999999999941 -0.9930917943112211 0.1173400509274132  
4.839999999999941 -0.9918687591864944 0.1272649363677571  
4.849999999999941 -0.9905465380130964 0.1371770954205959  
4.859999999999941 -0.9891252630120418 0.1470755368782914  
4.869999999999941 -0.9876050763096456 0.1569592709049535  
4.87999999999994 -0.9859861299233099 0.1668273091354227  
4.88999999999994 -0.9842685857463235 0.1766786647741063  
4.89999999999994 -0.9824526155316716 0.1865123526936567  
4.90999999999994 -0.9805384008748612 0.1963273895334836  
4.91999999999994 -0.9785261331957616 0.2061227937980889  
4.929999999999939 -0.9764160137194626 0.215897585955216  
4.939999999999939 -0.9742082534561519 0.2256507885338016  
4.949999999999939 -0.9719030731800147 0.2353814262217222  
4.959999999999939 -0.9695007034071561 0.2450885259633248  
4.969999999999938 -0.9670013843725499 0.2547711170567311  
4.979999999999938 -0.9644053660060151 0.2644282312509074  
4.989999999999938 -0.9617129079072233 0.2740589028424887  
4.999999999999938 -0.9589242793197389 0.283662168772348  
5.009999999999938 -0.956039759104095 0.2932370687219018  
5.019999999999937 -0.9530596357099075 0.3027826452091409  
5.029999999999937 -0.9499842071470304 0.3122979436843778  
5.039999999999937 -0.9468137809557551 0.3217820126257011  
5.049999999999937 -0.9435486741760566 0.3312339036341267  
5.059999999999937 -0.9401892133158898 0.3406526715284369  
5.069999999999936 -0.936735734318539 0.3500373744396978  
5.079999999999936 -0.9331885825290236 0.3593870739054456  
5.089999999999936 -0.9295481126595643 0.3687008349635313  
5.099999999999936 -0.9258146887541119 0.3779777262456174  
5.109999999999935 -0.9219886841519432 0.3872168200703128  
5.119999999999935 -0.9180704814503277 0.3964171925359407  
5.129999999999935 -0.9140604724662675 0.4055779236129279  
5.139999999999935 -0.9099590581973169 0.4146980972358072  
5.149999999999935 -0.9057666487814821 0.4237768013948227  
5.159999999999934 -0.9014836634562081 0.4328131282271305  
5.169999999999934 -0.8971105305164555 0.441806174107584  
5.179999999999934 -0.892647687271871 0.4507550397390956  
5.189999999999934 -0.8880955800030572 0.4596588302425658  
5.199999999999934 -0.8834546639169444 0.4685166552463703  
5.209999999999933 -0.8787254031012706 0.4773276289753964  
5.219999999999933 -0.8739082704781731 0.4860908703396199  
5.229999999999933 -0.8690037477568967 0.4948055030222132  
5.239999999999933 -0.8640123253856231 0.5034706555671764  
5.249999999999932 -0.8589345025024266 0.5120854614664819  
5.259999999999932 -0.8537707868853607 0.520649059246725  
5.269999999999932 -0.8485216949016803 0.5291605925552698  
5.279999999999932 -0.8431877514562059 0.5376192102458845  
5.289999999999932 -0.8377694899388338 0.5460240664638548  
5.299999999999931 -0.8322674521711966 0.5543743207305688  
5.309999999999931 -0.8266821883524823 0.5626691380275642  
5.319999999999931 -0.8210142570044148 0.5709076888800296  
5.329999999999931 -0.8152642249154015 0.579089149439751  
5.339999999999931 -0.809432667083856 0.5872127015674958  
5.34999999999993 -0.8035201666606977 0.5952775329148269  
5.35999999999993 -0.7975273148910378 0.6032828370053356  
5.36999999999993 -0.7914547110550552 0.6112278133152897  
5.37999999999993 -0.7853029624080688 0.6191116673536847  
5.38999999999993 -0.7790726841198128 0.6269336107416921  
5.399999999999929 -0.7727644992129197 0.6346928612914968  
5.409999999999929 -0.7663790385006192 0.6423886430845155  
5.419999999999929 -0.7599169405236569 0.6500201865489873  
5.429999999999929 -0.753378851486441 0.6575867285369308  
5.439999999999928 -0.7467654251924225 0.6650875124004579  
5.449999999999928 -0.740077322978715 0.6725217880674383  
5.459999999999928 -0.7333152136499618 0.6798888121165058  
5.469999999999928 -0.7264797734114561 0.6871878478513996  
5.479999999999928 -0.719571685801521 0.6944181653746342  
5.489999999999927 -0.7125916416231559 0.7015790416604875  
5.499999999999927 -0.7055403388749573 0.7086697606273034  
5.509999999999927 -0.698418482681319 0.7156896132090991  
5.519999999999927 -0.6912267852219207 0.7226378974264712  
5.529999999999927 -0.6839659656605104 0.7295139184567933  
5.539999999999926 -0.6766367500729884 0.736316988703697  
5.549999999999926 -0.6692398713748009 0.7430464278658317  
5.559999999999926 -0.6617760692476485 0.749701563004894  
5.569999999999926 -0.654246090065519 0.7562817286129204  
5.579999999999925 -0.6466506868200506 0.7627862666788383  
5.589999999999925 -0.6389906190452329 0.7692145267542662  
5.599999999999925 -0.6312666527414549 0.7755658660185579  
5.609999999999925 -0.6234795602989049 0.7818396493430844  
5.619999999999925 -0.6156301204203328 0.7880352493547457  
5.629999999999924 -0.6077191180431798 0.7941520464987081  
5.639999999999924 -0.5997473442610856 0.8001894291003587  
5.649999999999924 -0.5917155962447798 0.806146793426473  
5.659999999999924 -0.5836246771623654 0.8120235437455869  
5.669999999999924 -0.5754753960990028 0.8178190923875701  
5.679999999999923 -0.5672685679760016 0.8235328598023921  
5.689999999999923 -0.5590050134693293 0.8291642746180768  
5.699999999999923 -0.5506855589275448 0.8347127736978397  
5.709999999999923 -0.5423110362891636 0.8401778021964004  
5.719999999999922 -0.5338822829994649 0.845558813615467  
5.729999999999922 -0.5254001419267481 0.8508552698583858  
5.739999999999922 -0.5168654612780461 0.8560666412839499  
5.749999999999922 -0.5082790945143056 0.8611924067593634  
5.759999999999922 -0.4996419002650419 0.8662320537123536  
5.769999999999921 -0.4909547422424762 0.8711850781824286  
5.779999999999921 -0.4822184891551655 0.8760509848712726  
5.789999999999921 -0.4734340146211324 0.880829287192275  
5.799999999999921 -0.4646021970805038 0.8855195073191892  
5.809999999999921 -0.4557239197076678 0.8901211762339141  
5.81999999999992 -0.446800070322957 0.8946338337733963  
5.82999999999992 -0.4378315413038673 0.8990570286756457  
5.83999999999992 -0.4288192294958205 0.9033903186248613  
5.84999999999992 -0.419764036122481 0.9076332702956623  
5.859999999999919 -0.410666866695634 0.9117854593964204  
5.869999999999919 -0.4015286309246348 0.9158464707116888  
5.879999999999919 -0.392350242625439 0.9198158981437229  
5.889999999999919 -0.3831326196292216 0.9236933447530903  
5.899999999999919 -0.3738766836905945 0.927478422798364  
5.909999999999918 -0.3645833603954319 0.9311707537748966  
5.919999999999918 -0.3552535790683125 0.9347699684526699  
5.929999999999918 -0.3458882726795877 0.9382757069132182  
5.939999999999918 -0.3364883777520854 0.9416876185856192  
5.949999999999918 -0.3270548342674588 0.9450053622815516  
5.959999999999917 -0.3175885855721884 0.948228606229413  
5.969999999999917 -0.3080905782832488 0.9513570281074968  
5.979999999999917 -0.2985617621934472 0.9543903150762246  
5.989999999999917 -0.2890030901764454 0.9573281638094295  
5.999999999999917 -0.2794155180914729 0.9601702805246886  
6.009999999999916 -0.2698000046877418 0.9629163810127006  
6.019999999999916 -0.2601575115085732 0.9655661906657074  
6.029999999999916 -0.2504890027952427 0.9681194445049537  
6.039999999999916 -0.2407954453905579 0.9705758872071852  
6.049999999999915 -0.2310778086421747 0.9729352731301806  
6.059999999999915 -0.2213370643056631 0.9751973663373154  
6.069999999999915 -0.2115741864473326 0.9773619406211556  
6.079999999999915 -0.2017901513468268 0.9794287795260783  
6.089999999999915 -0.1919859373994955 0.981397676369917  
6.099999999999914 -0.1821625250185564 0.9832684342646295  
6.109999999999914 -0.1723208965370548 0.9850408661359866  
6.119999999999914 -0.1624620361096304 0.9867147947422795  
6.129999999999914 -0.1525869296141037 0.988290052692044  
6.139999999999914 -0.142696564552888 0.9897664824607988  
6.149999999999913 -0.1327919299542406 0.9911439364067987  
6.159999999999913 -0.1228740162733606 0.9924222767857979  
6.169999999999913 -0.1129438152933444 0.9936013757648248  
6.179999999999913 -0.1030023200260078 0.994681115434965  
6.189999999999912 -0.09305052461258628 0.9956613878231522  
6.199999999999912 -0.08308942422432096 0.9965420949029652  
6.209999999999912 -0.07312001496294288 0.9973231486044307  
6.219999999999912 -0.06314329376106342 0.9980044708228301  
6.229999999999912 -0.05316025828248193 0.9985859934265098  
6.239999999999911 -0.04317190682242013 0.9990676582636947  
6.249999999999911 -0.03317923820769347 0.9994494171683028  
6.259999999999911 -0.02318325169682928 0.9997312319647622  
6.269999999999911 -0.01318494688014171 0.9999130744718284  
6.279999999999911 -0.003185323579773566 0.9999949265054024  
6.28999999999991 0.006814618250285074 0.9999767798803494  
6.29999999999991 0.01681387862419143 0.9998586364113167  
6.30999999999991 0.02681145762424778 0.9996405079125528  
6.31999999999991 0.03680635550089238 0.9993224161967258  
6.329999999999909 0.04679757277267357 0.998904393072742  
6.339999999999909 0.05678411032619716 0.9983864803425654  
6.349999999999909 0.06676496951603683 0.9977687297970371  
6.359999999999909 0.07673915226459792 0.9970512032106966  
6.369999999999909 0.08670566116192432 0.9962339723356042  
6.379999999999908 0.09666349956543867 0.9953171188941657  
6.389999999999908 0.1066116716996057 0.994300734570961  
6.399999999999908 0.1165491827555091 0.9931849210035747  
6.409999999999908 0.1264750389903314 0.991969789772433  
6.419999999999908 0.1363882478267277 0.9906554623896456  
6.429999999999907 0.1462878179520821 0.9892420702868548  
6.439999999999907 0.1561727594176387 0.9877297548020922  
6.449999999999907 0.1660420837374952 0.9861186671656451  
6.459999999999907 0.1758948039874509 0.9844089684849334  
6.469999999999906 0.1857299349036984 0.9826008297283995  
6.479999999999906 0.1955464929813488 0.980694431708411  
6.489999999999906 0.2053434965727816 0.9786899650631801  
6.499999999999906 0.2151199659858087 0.9765876302376996  
6.509999999999906 0.2248749235816427 0.9743876374636987  
6.519999999999905 0.2346073938726598 0.9720902067386202  
6.529999999999905 0.2443164036199482 0.9696955678036205  
6.539999999999905 0.2540009819306308 0.9672039601205961  
6.549999999999905 0.2636601603549536 0.9646156328482371  
6.559999999999905 0.2732929729831304 0.9619308448171124  
6.569999999999904 0.2828984565419323 0.9591498645037859  
6.579999999999904 0.2924756504910148 0.9562729700039696  
6.589999999999904 0.3020235971189706 0.9533004490047141  
6.599999999999904 0.3115413416391003 0.9502325987556405  
6.609999999999904 0.3210279322848898 0.9470697260392149  
6.619999999999903 0.3304824204051868 0.9438121471400712  
6.629999999999903 0.3399038605590645 0.9404601878133826  
6.639999999999903 0.3492913106103653 0.9370141832522861  
6.649999999999903 0.3586438318219136 0.933474478054364  
6.659999999999902 0.3679604889493885 0.9298414261871838  
6.669999999999902 0.3772403503348475 0.9261153909529024  
6.679999999999902 0.386482487999892 0.9222967449519357  
6.689999999999902 0.3956859777384635 0.9183858700456989  
6.699999999999902 0.4048498992092643 0.9143831573184211  
6.709999999999901 0.4139733360277904 0.9102890070380367  
6.719999999999901 0.4230553758579689 0.9061038286161592  
6.729999999999901 0.4320951105033918 0.9018280405671404  
6.739999999999901 0.4410916359981338 0.8974620704662191  
6.749999999999901 0.450044052697149 0.8930063549067641  
6.7599999999999 0.4589514653662339 0.8884613394566153  
6.7699999999999 0.4678129832715509 0.8838274786135272  
6.7799999999999 0.4766277202687 0.8791052357597193  
6.7899999999999 0.4853947948913335 0.8742950831155388  
6.799999999999899 0.4941133304393011 0.8693975016922383  
6.809999999999899 0.5027824550663195 0.8644129812438754  
6.819999999999899 0.5114013018671564 0.8593420202183381  
6.829999999999899 0.5199690089643201 0.8541851257074994  
6.839999999999899 0.5284847195942467 0.8489428133965096  
6.849999999999898 0.5369475821929756 0.8436156075122276  
6.859999999999898 0.5453567504813051 0.8382040407707991  
6.869999999999898 0.55371138354942 0.8327086543243848  
6.879999999999898 0.5620106459409816 0.8271299977070461  
6.889999999999898 0.5702537077366726 0.8214686287797921  
6.899999999999897 0.5784397446371884 0.8157251136747938  
6.909999999999897 0.5865679380456664 0.8099000267387717  
6.919999999999897 0.594637475149545 0.803993950475561  
6.929999999999897 0.602647549001844 0.7980074754878624  
6.939999999999896 0.6105973586018589 0.7919412004181819  
6.949999999999896 0.6184861089752601 0.7857957318889671  
6.959999999999896 0.6263130112535898 0.7795716844419455  
6.969999999999896 0.6340772827531481 0.7732696804766708  
6.979999999999896 0.6417781470532608 0.7668903501882836  
6.989999999999895 0.6494148340739204 0.7604343315044922  
6.999999999999895 0.6569865801527944 0.7539022700217808  
7.009999999999895 0.66449262812159 0.7472948189408497  
7.019999999999895 0.6719322273817706 0.7406126390012963  
7.029999999999895 0.679304633979615 0.7338563984155414  
7.039999999999894 0.6866091106806125 0.7270267728020089  
7.049999999999894 0.6938449270431849 0.720124445117564  
7.059999999999894 0.7010113594917311 0.7131501055892187  
7.069999999999894 0.7081076913889832 0.7061044516451089  
7.079999999999893 0.7151332131076703 0.698988187844753  
7.089999999999893 0.7220872221014799 0.6918020258085958  
7.099999999999893 0.7289690229753126 0.6845466841468476  
7.109999999999893 0.7357779275548207 0.6772228883876235  
7.119999999999893 0.7425132549552251 0.6698313709043912  
7.129999999999892 0.7491743316494034 0.6623728708427344  
7.139999999999892 0.7557604915352416 0.6548481340464388  
7.149999999999892 0.7622710760022444 0.6472579129829082  
7.159999999999892 0.7687054339973951 0.6396029666679186  
7.169999999999892 0.7750629220902607 0.6318840605897171  
7.179999999999891 0.7813429045373345 0.6241019666324739  
7.189999999999891 0.7875447533456092 0.6162574629990941  
7.199999999999891 0.793667848335377 0.6083513341333988  
7.209999999999891 0.7997115772022455 0.6003843706416806  
7.219999999999891 0.8056753355783689 0.592357369213644  
7.22999999999989 0.8115585270928836 0.5842711325427372  
7.23999999999989 0.8173605634315448 0.5761264692458833  
7.24999999999989 0.8230808643955581 0.567924193782619  
7.25999999999989 0.8287188579595978 0.55966512637365  
7.269999999999889 0.83427398032901 0.5513500929188286  
7.279999999999889 0.8397456759961909 0.5429799249145657  
7.289999999999889 0.8451333977961374 0.5345554593706807  
7.299999999999889 0.8504366069611632 0.5260775387267018  
7.309999999999889 0.8556547731747748 0.5175470107676228  
7.319999999999888 0.8607873746247031 0.5089647285391247  
7.329999999999888 0.8658338980550839 0.5003315502622727  
7.339999999999888 0.8707938388177833 0.4916483392476942  
7.349999999999888 0.8756667009228617 0.4829159638092487  
7.359999999999888 0.8804519970881728 0.4741352971771971  
7.369999999999887 0.8851492487880913 0.4653072174108792  
7.379999999999887 0.8897579863013649 0.456432607310909  
7.389999999999887 0.8942777487580863 0.4475123543308946  
7.399999999999887 0.8987080841857793 0.4385473504886946  
7.409999999999886 0.9030485495545965 0.4295384922772161  
7.419999999999886 0.9072987108216209 0.4204866805747667  
7.429999999999886 0.911458142974271 0.4113928205549671  
7.439999999999886 0.9155264300728004 0.4022578215962349  
7.449999999999886 0.9195031652918927 0.3930825971908471  
7.459999999999885 0.9233879509613425 0.383868064853592  
7.469999999999885 0.9271803986058231 0.3746151460300181  
7.479999999999885 0.9308801289837333 0.3653247660042906  
7.489999999999885 0.9344867721251209 0.3559978538066638  
7.499999999999885 0.93799996736868 0.3466353421205785  
7.509999999999884 0.9414193633978163 0.3372381671893948  
7.519999999999884 0.944744618275779 0.3278072687227682  
7.529999999999884 0.9479753994798538 0.31834358980268  
7.539999999999884 0.9511113839346148 0.3088480767891291  
7.549999999999883 0.9541522580442322 0.2993216792254975  
7.559999999999883 0.9570977177238313 0.2897653497435962  
7.569999999999883 0.959947468429901 0.2801800439684032  
7.579999999999883 0.9627012251897473 0.2705667204225017  
7.589999999999883 0.9653587126299912 0.2609263404302286  
7.599999999999882 0.9679196650041051 0.2512598680215426  
7.609999999999882 0.9703838262189877 0.2415682698356227  
7.619999999999882 0.9727509498605728 0.2318525150242043  
7.629999999999882 0.9750207992184705 0.2221135751546655  
7.639999999999882 0.9771931473096384 0.2123524241128706  
7.649999999999881 0.979267776901079 0.2025700380057828  
7.659999999999881 0.9812444805315638 0.1927673950638541  
7.669999999999881 0.9831230605323783 0.182945475543203  
7.679999999999881 0.9849033290470895 0.1731052616275897  
7.68999999999988 0.9865851080503308 0.163247737330199  
7.69999999999988 0.9881682293656046 0.1533738883952391  
7.70999999999988 0.9896525346820997 0.1434847021993684  
7.71999999999988 0.9910378755705227 0.1335811676529587  
7.72999999999988 0.9923241134979403 0.1236642751012049  
7.739999999999879 0.9935111198416324 0.1137350162250911  
7.749999999999879 0.994598775901955 0.1037943839422237  
7.759999999999879 0.9955869729142092 0.0938433723075402  
7.769999999999879 0.996475612059518 0.08388297641390474  
7.779999999999879 0.9972646044747081 0.07391419229259941  
7.789999999999878 0.9979538712611963 0.0639380168137221  
7.799999999999878 0.9985433434928788 0.05395544758650031  
7.809999999999878 0.9990329622230242 0.04396748285953102  
7.819999999999878 0.999422678490168 0.0339751214209567  
7.829999999999878 0.9997124533230085 0.02397936249858729  
7.839999999999877 0.9999022577443043 0.01398120565997832  
7.849999999999877 0.9999920727737717 0.003981650712474888  
7.859999999999877 0.9999818894299827 -0.006018302396768151  
7.869999999999877 0.9998717087312634 -0.01601765368078011  
7.879999999999876 0.9996615416955918 -0.02601540321277233  
7.889999999999876 0.9993514093394964 -0.03601055122613001  
7.899999999999876 0.9989413426759541 -0.04600209821438804  
7.909999999999876 0.9984313827112895 -0.05598904503118084  
7.919999999999876 0.9978215804410737 -0.06597039299015611  
7.929999999999875 0.9971119968450254 -0.0759451439648427  
7.939999999999875 0.9963027028809123 -0.08591230048846235  
7.949999999999875 0.9953937794774561 -0.0958708658536756  
7.959999999999875 0.9943853175262392 -0.1058198442122517  
7.969999999999875 0.9932774178726156 -0.1157582406746524  
7.979999999999874 0.9920701913056269 -0.1256850614095205  
7.989999999999874 0.990763758546923 -0.1355993137430617  
7.999999999999874 0.9893582502386903 -0.1455000062583114  
8.009999999999874 0.9878538069305874 -0.1553861488942757  
8.019999999999873 0.9862505790656906 -0.1652567530449361  
8.029999999999873 0.9845487269654493 -0.1751108316581101  
8.039999999999873 0.9827484208136542 -0.1849473993341549  
8.049999999999873 0.9808498406394192 -0.1947654724245069  
8.059999999999873 0.9788531762991781 -0.2045640691300456  
8.069999999999872 0.9767586274577 -0.2143422095992728  
8.079999999999872 0.9745664035681223 -0.2240989160262968  
8.089999999999872 0.9722767238510055 -0.2338332127486123  
8.099999999999872 0.9698898172724119 -0.2435441263446658  
8.109999999999872 0.9674059225210085 -0.2532306857311968  
8.119999999999871 0.9648252879841992 -0.2628919222603457  
8.129999999999871 0.9621481717232853 -0.2725268698165172  
8.139999999999871 0.9593748414476602 -0.2821345649129916  
8.149999999999871 0.9565055744880385 -0.2917140467882723  
8.15999999999987 0.9535406577687233 -0.3012643575021615  
8.16999999999987 0.9504803877789137 -0.3107845420315529  
8.17999999999987 0.9473250705430567 -0.3202736483659337  
8.18999999999987 0.9440750215902441 -0.3297307276025849  
8.19999999999987 0.9407305659226608 -0.33915483404147  
8.209999999999869 0.9372920379830841 -0.3485450252798054  
8.219999999999869 0.9337597816214405 -0.3579003623062987  
8.229999999999869 0.93013415006042 -0.3672199095950502  
8.239999999999869 0.9264155058601551 -0.3765027351991037  
8.249999999999869 0.9226042208819645 -0.3857479108436409  
8.259999999999868 0.9187006762511672 -0.3949545120188082  
8.269999999999868 0.914705262318971 -0.4041216180721666  
8.279999999999868 0.9106183786234368 -0.4132483123007565  
8.289999999999868 0.9064404338495256 -0.4223336820427671  
8.299999999999867 0.9021718457882304 -0.4313768187688015  
8.309999999999867 0.8978130412947973 -0.4403768181727294  
8.319999999999867 0.8933644562460406 -0.4493327802621168  
8.329999999999867 0.8888265354967546 -0.4582438094482243  
8.339999999999867 0.8841997328352299 -0.4671090146355654  
8.349999999999866 0.8794845109378738 -0.4759275093110151  
8.359999999999866 0.8746813413229435 -0.484698411632461  
8.369999999999866 0.8697907043033946 -0.493420844516986  
8.379999999999866 0.8648130889388502 -0.5020939357285765  
8.389999999999866 0.8597489929866955 -0.5107168179653451  
8.399999999999865 0.854598922852302 -0.5192886289462597  
8.409999999999865 0.8493633935383881 -0.5278085114973716  
8.419999999999865 0.8440429285935186 -0.5362756136375315  
8.429999999999865 0.8386380600597507 -0.5446890886635871  
8.439999999999864 0.8331493284194301 -0.553048095235053  
8.449999999999864 0.8275772825411432 -0.5613517974582439  
8.459999999999864 0.8219224796248306 -0.569599364969863  
8.469999999999864 0.8161854851460677 -0.5777899730200378  
8.479999999999864 0.8103668727995178 -0.5859228025547945  
8.489999999999863 0.8044672244415627 -0.5939970402979627  
8.499999999999863 0.7984871300321178 -0.6020118788325025  
8.509999999999863 0.7924271875756366 -0.6099665166812449  
8.519999999999863 0.7862880030613106 -0.6178601583870396  
8.529999999999863 0.7800701904024712 -0.6256920145922995  
8.539999999999862 0.7737743713751983 -0.6334613021179362  
8.549999999999862 0.7674011755561442 -0.6411672440416769  
8.559999999999862 0.7609512402595752 -0.6488090697757565  
8.569999999999862 0.7544252104736415 -0.6563860151439749  
8.579999999999862 0.7478237387958792 -0.6638973224581148  
8.589999999999861 0.7411474853679502 -0.6713422405937096  
8.599999999999861 0.7343971178096291 -0.6787200250651551  
8.609999999999861 0.7275733111520419 -0.6860299381001572  
8.619999999999861 0.7206767477701633 -0.6932712487135095  
8.62999999999986 0.7137081173145795 -0.7004432327801901  
8.63999999999986 0.7066681166425242 -0.7075451731077739  
8.64999999999986 0.699557449748193 -0.7145763595081515  
8.65999999999986 0.692376827692345 -0.7215360888685471  
8.66999999999986 0.685126968531197 -0.7284236652218296  
8.679999999999859 0.6778085972446187 -0.7352383998161078  
8.689999999999859 0.6704224456636351 -0.7419796111836063  
8.699999999999859 0.6629692523972439 -0.7486466252088108  
8.709999999999859 0.6554497627585558 -0.7552387751958791  
8.719999999999859 0.6478647286902633 -0.7617554019353109  
8.729999999999858 0.6402149086894472 -0.7681958537698671  
8.739999999999858 0.6325010677317273 -0.7745594866597361  
8.749999999999858 0.6247239771947661 -0.7808456642469362  
8.759999999999858 0.616884414781131 -0.7870537579189518  
8.769999999999857 0.6089831644405249 -0.7931831468715934  
8.779999999999857 0.6010210162913923 -0.799233218171078  
8.789999999999857 0.5929987665419072 -0.8052033668153216  
8.799999999999857 0.5849172174103541 -0.8110929957944391  
8.809999999999857 0.5767771770449058 -0.8169015161504448  
8.819999999999856 0.5685794594428101 -0.8226283470361477  
8.829999999999856 0.56032488436899 -0.8282729157732357  
8.839999999999856 0.5520142772740684 -0.8338346579095428  
8.849999999999856 0.5436484692118236 -0.8393130172754941  
8.859999999999856 0.5352282967560846 -0.8447074460397223  
8.869999999999855 0.5267546019170745 -0.85001740476385  
8.879999999999855 0.5182282320572097 -0.8552423624564337  
8.889999999999855 0.5096500398063651 -0.860381796626062  
8.899999999999855 0.5010208829766115 -0.8654351933336043  
8.909999999999854 0.4923416244764349 -0.8704020472436048  
8.919999999999854 0.4836131322244465 -0.875281861674815  
8.929999999999854 0.474836279062592 -0.8800741486498618  
8.939999999999854 0.4660119426688673 -0.8847784289440446  
8.949999999999854 0.4571410054695521 -0.8893942321332576  
8.959999999999853 0.4482243545509679 -0.8939210966410318  
8.969999999999853 0.4392628815707698 -0.898358569784692  
8.979999999999853 0.4302574826687818 -0.9027062078206248  
8.989999999999853 0.4212090583773833 -0.906963575988653  
8.999999999999853 0.4121185135314568 -0.9111302485555104  
9.009999999999852 0.4029867571779054 -0.9152058088574156  
9.019999999999852 0.3938147024847482 -0.9191898493417378  
9.029999999999852 0.3846032666498048 -0.9230819716077512  
9.039999999999852 0.3753533708089762 -0.9268817864464756  
9.049999999999851 0.3660659399441319 -0.9305889138795963  
9.059999999999851 0.3567419027906124 -0.934202983197462  
9.069999999999851 0.3473821917443565 -0.9377236329961552  
9.079999999999851 0.3379877427686627 -0.9411505112136326  
9.089999999999851 0.3285594953005934 -0.9444832751649305  
9.09999999999985 0.319098392157032 -0.9477215915764334  
9.10999999999985 0.309605379440402 -0.9508651366192014  
9.11999999999985 0.3000814064440577 -0.9539135959413518  
9.12999999999985 0.2905274255573556 -0.9568666646994953  
9.13999999999985 0.2809443921704159 -0.9597240475892189  
9.149999999999849 0.2713332645785851 -0.962485458874617  
9.159999999999849 0.2616950038866063 -0.9651506224168642  
9.169999999999849 0.2520305739125101 -0.9677192717018293  
9.179999999999849 0.2423409410912337 -0.9701911498667259  
9.189999999999849 0.2326270743779777 -0.9725660097257997  
9.199999999999848 0.2228899451513118 -0.9748436137950452  
9.209999999999848 0.2131305271160377 -0.9770237343159555  
9.219999999999848 0.2033497962058194 -0.9791061532782966  
9.229999999999848 0.1935487304855905 -0.9810906624419093  
9.239999999999847 0.1837283100537487 -0.9829770633575325  
9.249999999999847 0.1738895169441466 -0.9847651673866481  
9.259999999999847 0.1640333350278894 -0.9864547957203444  
9.269999999999847 0.1541607499149485 -0.9880457793971976  
9.279999999999847 0.1442727488556011 -0.989537959320167  
9.289999999999846 0.1343703206417063 -0.9909311862725048  
9.299999999999846 0.1244544555078267 -0.9922253209326779  
9.309999999999846 0.1145261450322055 -0.9934202338882998  
9.319999999999846 0.1045863820376098 -0.9945158056490716  
9.329999999999846 0.09463616049204902 -0.995511926658731  
9.339999999999845 0.08467647540937903 -0.996408497306008  
9.349999999999845 0.07470832274980142 -0.9972054279345858  
9.359999999999845 0.06473269932026844 -0.9979026388520662  
9.369999999999845 0.05475060267480311 -0.9985000603379391  
9.379999999999844 0.04476303101474463 -0.9989976326505544  
9.389999999999844 0.03477098308892911 -0.9993953060330958  
9.399999999999844 0.02477545809381548 -0.9996930407185568  
9.409999999999844 0.01477745557356671 -0.9998908069337173  
9.419999999999844 0.004777975320096229 -0.9999885849021209  
9.429999999999843 -0.005221982726910466 -0.9999863648460525  
9.439999999999843 -0.01522141857998892 -0.9998841469875158  
9.449999999999843 -0.02521933230389362 -0.9996819415482116  
9.459999999999843 -0.03521472411559073 -0.9993797687485152  
9.469999999999843 -0.0452065944842355 -0.9989776588054547  
9.479999999999842 -0.05519394423112459 -0.9984756519296892  
9.489999999999842 -0.06517577462961302 -0.9978737983214877  
9.499999999999842 -0.07515108750498609 -0.997172158165709  
9.509999999999842 -0.08511888533427593 -0.9963708016257838  
9.519999999999841 -0.09507817134601307 -0.9954698088366978  
9.529999999999841 -0.1050279496199026 -0.9944692698969785  
9.539999999999841 -0.1149672251864157 -0.9933692848596855  
9.549999999999841 -0.1248950041262851 -0.9921699637224052  
9.559999999999841 -0.1348102936698971 -0.9908714264162513  
9.56999999999984 -0.1447121022965669 -0.9894738027938713  
9.57999999999984 -0.1545994398336902 -0.9879772326164621  
9.58999999999984 -0.1644713175557597 -0.9863818655397932  
9.59999999999984 -0.1743267482832365 -0.984687861099242  
9.60999999999984 -0.1841647464812676 -0.9828953886938396  
9.619999999999839 -0.1939843283582385 -0.9810046275693318  
9.629999999999839 -0.2037845119641512 -0.9790157668002543  
9.639999999999839 -0.2135643172888189 -0.9769290052710251  
9.649999999999839 -0.2233227663598656 -0.974744551656057  
9.659999999999838 -0.2330588833405231 -0.9724626243988896  
9.669999999999838 -0.2427716946272136 -0.9700834516903456  
9.679999999999838 -0.2524602289469092 -0.9676072714457116  
9.689999999999838 -0.2621235174542584 -0.965034331280947  
9.699999999999838 -0.27176059382847 -0.9623648884879225  
9.709999999999837 -0.2813704943699442 -0.9595992100086911  
9.719999999999837 -0.2909522580966418 -0.9567375724087942  
9.729999999999837 -0.3005049268401817 -0.9537802618496052  
9.739999999999837 -0.3100275453416566 -0.9507275740597136  
9.749999999999837 -0.3195191613471585 -0.9475798143053525  
9.759999999999836 -0.3289788257030033 -0.9443372973598722  
9.769999999999836 -0.338405592450645 -0.9410003474722628  
9.779999999999836 -0.3477985189212711 -0.9375692983347302  
9.789999999999836 -0.3571566658300685 -0.9340444930493267  
9.799999999999836 -0.3664790973701513 -0.930426284093641  
9.809999999999835 -0.3757648813061408 -0.9267150332855513  
9.819999999999835 -0.3850130890673878 -0.922911111747043  
9.829999999999835 -0.3942227958408298 -0.9190148998670976  
9.839999999999835 -0.4033930806634703 -0.9150267872636536  
9.849999999999834 -0.4125230265144757 -0.9109471727446453  
9.859999999999834 -0.4216117204068753 -0.9067764642681222  
9.869999999999834 -0.4306582534788603 -0.9025150789014534  
9.879999999999834 -0.4396617210846686 -0.8981634427796218  
9.889999999999834 -0.4486212228850486 -0.8937219910626101  
9.899999999999833 -0.457535862937293 -0.8891911678918858  
9.909999999999833 -0.4664047497848317 -0.8845714263459874  
9.919999999999833 -0.4752269965463767 -0.8798632283952165  
9.929999999999833 -0.48400172100461 -0.8750670448554414  
9.939999999999833 -0.4927280456944041 -0.8701833553410162  
9.949999999999832 -0.5014050979905683 -0.8652126482168192  
9.959999999999832 -0.5100320101951098 -0.8601554205494173  
9.969999999999832 -0.5186079196240032 -0.8550121780573594  
9.979999999999832 -0.5271319686934584 -0.8497834350606052  
9.989999999999831 -0.5356033050056775 -0.8444697144290935  
9.999999999999831 -0.544021081434095 -0.8390715475304558  
