0 0 1  
0.005 0.005 1  
0.01 0.01 0.9999749999999999  
0.015 0.014999875 0.999925  
0.02 0.0199995 0.999850000625  
0.025 0.024998750003125 0.999750003125  
0.03 0.02999750001875 0.9996250093749843  
0.035 0.03499562506562492 0.9994750218748906  
0.04 0.03999300017499938 0.9993000437495625  
0.045 0.04498950039374719 0.9991000787486874  
0.05 0.04998500078749063 0.9988751312467187  
0.05499999999999999 0.05497937644372422 0.9986252062427812  
0.05999999999999999 0.05997250247493813 0.9983503093605626  
0.06499999999999999 0.06496425402174094 0.9980504468481879  
0.06999999999999999 0.06995450625598187 0.9977256255780792  
0.075 0.07494313438387228 0.9973758530467993  
0.08 0.07993001364910628 0.9970011373748799  
0.08500000000000001 0.08491501933598068 0.9966014873066344  
0.09000000000000001 0.08989802677251385 0.9961769122099545  
0.09500000000000001 0.09487891133356362 0.995727422076092  
0.1 0.09985754844394408 0.9952530275194241  
0.105 0.1048338135815412 0.9947537397772044  
0.11 0.1098075822804272 0.9942295707092966  
0.115 0.1147787301339737 0.9936805327978945  
0.12 0.1197471327979632 0.9931066391472246  
0.125 0.1247126659936993 0.9925079034832348  
0.13 0.1296752055111155 0.9918843401532663  
0.135 0.1346346272118818 0.9912359641257107  
0.14 0.1395908070325103 0.9905627909896513  
0.145 0.1445436209874586 0.9898648369544887  
0.15 0.1494929451722311 0.9891421188495514  
0.1550000000000001 0.1544386557664788 0.9883946541236902  
0.1600000000000001 0.1593806290370973 0.9876224608448578  
0.1650000000000001 0.1643187413413215 0.9868255576996724  
0.1700000000000001 0.1692528691298199 0.9860039639929657  
0.1750000000000001 0.1741828889497847 0.9851576996473167  
0.1800000000000001 0.1791086774480213 0.9842867852025677  
0.1850000000000001 0.1840301113740341 0.9833912418153277  
0.1900000000000001 0.1889470675831108 0.9824710912584574  
0.1950000000000001 0.1938594230394031 0.9815263559205419  
0.2000000000000001 0.1987670548190058 0.9805570588053449  
0.2050000000000001 0.2036698401130325 0.9795632235312499  
0.2100000000000001 0.2085676562306887 0.9785448743306847  
0.2150000000000001 0.2134603806023422 0.9775020360495312  
0.2200000000000001 0.2183478907825898 0.9764347341465195  
0.2250000000000001 0.2232300644533224 0.9753429946926065  
0.2300000000000001 0.2281067794267854 0.9742268443703399  
0.2350000000000001 0.2329779136486372 0.9730863104732059  
0.2400000000000001 0.2378433452010032 0.9719214209049627  
0.2450000000000001 0.242702952305528 0.9707322041789577  
0.2500000000000001 0.2475566133264228 0.96951868941743  
0.2550000000000001 0.2524042067735099 0.9682809063507979  
0.2600000000000001 0.2572456113052639 0.9670188853169304  
0.2650000000000001 0.2620807057318486 0.965732657260404  
0.2700000000000001 0.2669093690181505 0.9644222537317448  
0.2750000000000001 0.2717314802868093 0.9630877068866541  
0.2800000000000001 0.2765469188212425 0.9617290494852201  
0.2850000000000001 0.2813555640686686 0.9603463148911139  
0.2900000000000001 0.2861572956431242 0.9589395370707705  
0.2950000000000002 0.290951993328478 0.9575087505925549  
0.3000000000000002 0.2957395370814408 0.9560539906259126  
0.3050000000000002 0.3005198070345704 0.9545752929405054  
0.3100000000000002 0.3052926834992729 0.9530726939053326  
0.3150000000000002 0.3100580469687996 0.9515462304878362  
0.3200000000000002 0.3148157781212387 0.9499959402529922  
0.3250000000000002 0.3195657578225037 0.9484218613623859  
0.3300000000000002 0.3243078671293156 0.9468240325732734  
0.3350000000000002 0.3290419872921819 0.9452024932376268  
0.3400000000000002 0.3337679997583701 0.9435572833011659  
0.3450000000000002 0.3384857861748759 0.9418884433023741  
0.3500000000000002 0.3431952283913878 0.9401960143714997  
0.3550000000000002 0.3478962084632453 0.9384800382295427  
0.3600000000000002 0.352588608654393 0.9367405571872265  
0.3650000000000002 0.3572723114403291 0.9349776141439545  
0.3700000000000002 0.3619471995110488 0.9331912525867528  
0.3750000000000002 0.3666131557739826 0.9313815165891975  
0.3800000000000002 0.3712700633569286 0.9295484508103277  
0.3850000000000002 0.3759178056109802 0.927692100493543  
0.3900000000000002 0.3805562661134479 0.9258125114654882  
0.3950000000000002 0.3851853286707753 0.9239097301349209  
0.4000000000000002 0.3898048773214499 0.9219838034915671  
0.4050000000000002 0.3944147963389077 0.9200347791049598  
0.4100000000000003 0.3990149702344326 0.9180627051232653  
0.4150000000000003 0.4036052837600489 0.9160676302720931  
0.4200000000000003 0.4081856219114093 0.9140496038532929  
0.4250000000000003 0.4127558699306758 0.9120086757437359  
0.4300000000000003 0.4173159133093945 0.9099448963940825  
0.4350000000000003 0.4218656377913649 0.9078583168275355  
0.4400000000000003 0.4264049293755026 0.9057489886385787  
0.4450000000000003 0.4309336743186954 0.9036169639917011  
0.4500000000000003 0.435451759138654 0.9014622956201076  
0.4550000000000003 0.4399590706167545 0.8992850368244143  
0.4600000000000003 0.4444554958008766 0.8970852414713305  
0.4650000000000003 0.4489409220082332 0.8948629639923261  
0.4700000000000003 0.4534152368281948 0.892618259382285  
0.4750000000000003 0.4578783281251063 0.890351183198144  
0.4800000000000003 0.462330084041097 0.8880617915575184  
0.4850000000000003 0.4667703929988846 0.8857501411373129  
0.4900000000000003 0.4711991437045711 0.8834162891723184  
0.4950000000000003 0.4756162251504327 0.8810602934537956  
0.5000000000000003 0.4800215266177017 0.8786822123280433  
0.5050000000000003 0.4844149376793419 0.8762821046949548  
0.5100000000000003 0.4887963482028167 0.8738600300065581  
0.5150000000000003 0.4931656483528495 0.871416048265544  
0.5200000000000004 0.4975227285941772 0.8689502200237798  
0.5250000000000004 0.5018674796942961 0.8664626063808089  
0.5300000000000004 0.5061997927262002 0.8639532689823374  
0.5350000000000004 0.5105195590711119 0.8614222700187064  
0.5400000000000004 0.5148266704212054 0.8588696722233509  
0.5450000000000004 0.5191210187823222 0.8562955388712449  
0.5500000000000004 0.5234024964766785 0.8536999337773332  
0.5550000000000004 0.5276709961455651 0.8510829212949498  
0.5600000000000004 0.5319264107520398 0.8484445663142219  
0.5650000000000004 0.536168633583611 0.8457849342604618  
0.5700000000000004 0.5403975582549133 0.8431040910925437  
0.5750000000000004 0.544613078710376 0.8404021033012691  
0.5800000000000004 0.5488150892268824 0.8376790379077172  
0.5850000000000004 0.553003484416421 0.8349349624615828  
0.5900000000000004 0.5571781592287289 0.8321699450395007  
0.5950000000000004 0.5613390089539264 0.829384054243357  
0.6000000000000004 0.5654859292251432 0.8265773591985874  
0.6050000000000004 0.5696188160211361 0.8237499295524617  
0.6100000000000004 0.5737375656688983 0.8209018354723561  
0.6150000000000004 0.5778420748462602 0.8180331476440116  
0.6200000000000004 0.5819322405844802 0.8151439372697803  
0.6250000000000004 0.5860079602708291 0.8122342760668579  
0.6300000000000004 0.5900691316511634 0.8093042362655037  
0.6350000000000005 0.5941156528324909 0.8063538906072479  
0.6400000000000005 0.5981474222855272 0.8033833123430855  
0.6450000000000005 0.6021643388472426 0.8003925752316579  
0.6500000000000005 0.6061663017234009 0.7973817535374217  
0.6550000000000005 0.6101532104910881 0.7943509220288046  
0.6600000000000005 0.614124965101232 0.7913001559763492  
0.6650000000000005 0.6180814658811138 0.788229531150843  
0.6700000000000005 0.6220226135368681 0.7851391238214375  
0.6750000000000005 0.6259483091559752 0.7820290107537531  
0.6800000000000005 0.629858454209744 0.7788992692079733  
0.6850000000000005 0.6337529505557838 0.7757499769369245  
0.6900000000000005 0.6376317004404685 0.7725812121841455  
0.6950000000000005 0.6414946065013892 0.7693930536819432  
0.7000000000000005 0.6453415717697989 0.7661855806494363  
0.7050000000000005 0.649172499673046 0.7629588727905873  
0.7100000000000005 0.652987294036999 0.759713010292222  
0.7150000000000005 0.6567858590884601 0.756448073822037  
0.7200000000000005 0.6605680994575703 0.7531641445265947  
0.7250000000000005 0.6643339201802033 0.7498613040293068  
0.7300000000000005 0.6680832267003498 0.7465396344284059  
0.7350000000000005 0.6718159248724919 0.7431992182949041  
0.7400000000000005 0.6755319209639664 0.7398401386705417  
0.7450000000000006 0.6792311216573191 0.7364624790657218  
0.7500000000000006 0.6829134340526477 0.7330663234574353  
0.7550000000000006 0.6865787656699349 0.729651756287172  
0.7600000000000006 0.6902270244513707 0.7262188624588224  
0.7650000000000006 0.6938581187636649 0.7227677273365656  
0.7700000000000006 0.6974719574003477 0.7192984367427473  
0.7750000000000006 0.7010684495840614 0.7158110769557455  
0.7800000000000006 0.7046475049688402 0.7123057347078252  
0.7850000000000006 0.7082090336423793 0.708782497182981  
0.7900000000000006 0.7117529461282942 0.7052414520147692  
0.7950000000000006 0.715279153388368 0.7016826872841277  
0.8000000000000006 0.7187875668247886 0.698106291517186  
0.8050000000000006 0.7222780982823745 0.694512353683062  
0.8100000000000006 0.7257506600507898 0.6909009631916501  
0.8150000000000006 0.729205164866748 0.6872722098913961  
0.8200000000000006 0.732641525916205 0.6836261840670624  
0.8250000000000006 0.7360596568365403 0.6799629764374814  
0.8300000000000006 0.7394594717187277 0.6762826781532987  
0.8350000000000006 0.7428408851094942 0.6725853807947051  
0.8400000000000006 0.7462038120134677 0.6688711763691576  
0.8450000000000006 0.7495481678953135 0.6651401573090903  
0.8500000000000006 0.752873868681859 0.6613924164696137  
0.8550000000000006 0.7561808307642071 0.6576280471262044  
0.8600000000000007 0.7594689709998381 0.6538471429723833  
0.8650000000000007 0.7627382067147001 0.6500497981173842  
0.8700000000000007 0.765988455705287 0.6462361070838106  
0.8750000000000007 0.769219636240706 0.6424061648052842  
0.8800000000000007 0.7724316670647324 0.6385600666240807  
0.8850000000000007 0.7756244673978528 0.6346979082887571  
0.8900000000000007 0.7787979569392967 0.6308197859517678  
0.8950000000000007 0.7819520558690555 0.6269257961670713  
0.9000000000000007 0.7850866848498909 0.623016035887726  
0.9050000000000007 0.7882017650293295 0.6190906024634766  
0.9100000000000007 0.7912972180416469 0.6151495936383299  
0.9150000000000007 0.7943729660098385 0.6111931075481216  
0.9200000000000007 0.7974289315475791 0.6072212427180724  
0.9250000000000007 0.8004650377611695 0.6032340980603346  
0.9300000000000007 0.8034812082514712 0.5992317728715287  
0.9350000000000007 0.8064773671158288 0.5952143668302714  
0.9400000000000007 0.8094534389499802 0.5911819799946922  
0.9450000000000007 0.8124093488499536 0.5871347127999423  
0.9500000000000007 0.8153450224139533 0.5830726660556925  
0.9550000000000007 0.8182603857442318 0.5789959409436227  
0.9600000000000007 0.8211553654489498 0.5749046390149015  
0.9650000000000007 0.8240298886440244 0.5707988621876567  
0.9700000000000008 0.8268838829549626 0.5666787127444366  
0.9750000000000008 0.8297172765186848 0.5625442933296618  
0.9800000000000008 0.8325299979853331 0.5583957069470684  
0.9850000000000008 0.8353219765200685 0.5542330569571418  
0.9900000000000008 0.8380931418048542 0.5500564470745414  
0.9950000000000008 0.8408434240402268 0.5458659813655171  
1.000000000000001 0.8435727539470544 0.541661764245316  
1.005000000000001 0.8462810627682811 0.5374439004755807  
1.01 0.848968282270659 0.5332124951617393  
1.015 0.8516343447464677 0.528967653750386  
1.02 0.8542791830152197 0.5247094820266537  
1.025 0.8569027304253529 0.5204380861115776  
1.03 0.8595049208559108 0.5161535724594508  
1.035 0.862085688718208 0.5118560478551712  
1.04 0.8646449689574839 0.5075456194115802  
1.045 0.8671826970545418 0.5032223945667927  
1.05 0.8696988090273757 0.49888648108152  
1.054999999999999 0.8721932414327833 0.4945379870363831  
1.059999999999999 0.8746659313679652 0.4901770208292192  
1.064999999999999 0.8771168164721114 0.4858036911723794  
1.069999999999999 0.8795458349279732 0.4814181070900188  
1.074999999999999 0.8819529254634233 0.4770203779153789  
1.079999999999999 0.8843380273530002 0.4726106132880618  
1.084999999999999 0.8867010804194405 0.4681889231512968  
1.089999999999999 0.889042025035197 0.4637554177491996  
1.094999999999999 0.891360802123943 0.4593102076240236  
1.099999999999999 0.8936573531620631 0.4548534036134039  
1.104999999999998 0.8959316201801301 0.4503851168475936  
1.109999999999998 0.898183545764368 0.445905458746693  
1.114999999999998 0.9004130730581015 0.4414145410178711  
1.119999999999998 0.9026201457631908 0.4369124756525806  
1.124999999999998 0.9048047081414538 0.4323993749237647  
1.129999999999998 0.9069667050160726 0.4278753513830574  
1.134999999999998 0.9091060817729879 0.4233405178579771  
1.139999999999998 0.9112227843622778 0.4187949874491121  
1.144999999999998 0.9133167592995234 0.4142388735273007  
1.149999999999997 0.9153879536671599 0.4096722897308031  
1.154999999999997 0.9174363151158139 0.4050953499624673  
1.159999999999997 0.9194617918656263 0.4005081683868882  
1.164999999999997 0.9214643327075607 0.3959108594275601  
1.169999999999997 0.9234438870046985 0.3913035377640223  
1.174999999999997 0.9254004046935186 0.3866863183289989  
1.179999999999997 0.9273338362851635 0.3820593163055312  
1.184999999999997 0.9292441328666912 0.3774226471241054  
1.189999999999997 0.9311312461023117 0.372776426459772  
1.194999999999997 0.9329951282346105 0.3681207702292604  
1.199999999999996 0.9348357320857568 0.3634557945880874  
1.204999999999996 0.9366530110586972 0.3587816159276586  
1.209999999999996 0.9384469191383356 0.3540983508723651  
1.214999999999996 0.9402174108926974 0.3494061162766734  
1.219999999999996 0.9419644414740808 0.3447050292222099  
1.224999999999996 0.9436879666201918 0.3399952070148395  
1.229999999999996 0.945387942655266 0.3352767671817385  
1.234999999999996 0.9470643264911748 0.3305498274684622  
1.239999999999996 0.948717075628517 0.3258145058360064  
1.244999999999995 0.950346148157697 0.3210709204578638  
1.249999999999995 0.9519515027599863 0.3163191897170753  
1.254999999999995 0.9535330987085717 0.3115594322032754  
1.259999999999995 0.9550908958695881 0.3067917667097325  
1.264999999999995 0.9566248547031367 0.3020163122303846  
1.269999999999995 0.9581349362642887 0.2972331879568689  
1.274999999999995 0.959621102204073 0.2924425132755474  
1.279999999999995 0.9610833147704507 0.287644407764527  
1.284999999999995 0.9625215368092733 0.2828389911906748  
1.289999999999994 0.9639357317652267 0.2780263835066284  
1.294999999999994 0.9653258636827599 0.2732067048478023  
1.299999999999994 0.9666918972069989 0.2683800755293885  
1.304999999999994 0.9680337975846458 0.2635466160433535  
1.309999999999994 0.9693515306648626 0.2587064470554303  
1.314999999999994 0.9706450629001397 0.253859689402106  
1.319999999999994 0.9719143613471503 0.2490064640876053  
1.324999999999994 0.9731593936675883 0.2441468922808695  
1.329999999999994 0.9743801281289927 0.2392810953125316  
1.334999999999994 0.9755765336055553 0.2344091946718866  
1.339999999999993 0.9767485795789147 0.2295313120038588  
1.344999999999993 0.9778962361389339 0.2246475691059643  
1.349999999999993 0.9790194739844638 0.2197580879252696  
1.354999999999993 0.9801182644240901 0.2148629905553473  
1.359999999999993 0.9811925793768669 0.2099623992332268  
1.364999999999993 0.982242391373033 0.2050564363363425  
1.369999999999993 0.9832676735547148 0.2001452243794773  
1.374999999999993 0.9842683996766122 0.1952288860117037  
1.379999999999993 0.9852445441066707 0.1903075440133207  
1.384999999999992 0.9861960818267373 0.1853813212927873  
1.389999999999992 0.9871229884332012 0.1804503408836536  
1.394999999999992 0.9880252401376195 0.1755147259414876  
1.399999999999992 0.9889028137673269 0.1705745997407995  
1.404999999999992 0.9897556867660309 0.1656300856719629  
1.409999999999992 0.9905838371943907 0.1606813072381327  
1.414999999999992 0.9913872437305814 0.1557283880521608  
1.419999999999992 0.9921658856708422 0.1507714518335079  
1.424999999999992 0.9929197429300097 0.1458106224051537  
1.429999999999992 0.9936487960420355 0.1408460236905036  
1.434999999999991 0.994353026160488 0.1358777797102934  
1.439999999999991 0.9950324150590395 0.130906014579491  
1.444999999999991 0.995686945131937 0.1259308525041958  
1.449999999999991 0.9963165993944579 0.1209524177785361  
1.454999999999991 0.9969213614833506 0.1159708347815638  
1.459999999999991 0.9975012156572585 0.1109862279741471  
1.464999999999991 0.9980561467971292 0.1059987218958608  
1.469999999999991 0.9985861404066084 0.1010084411618751  
1.474999999999991 0.9990911826124178 0.09601551045984208  
1.47999999999999 0.999571260164717 0.09102005454677999  
1.48499999999999 1.000026360437451 0.0860221982459564  
1.48999999999999 1.000456471428681 0.08102206644376915  
1.49499999999999 1.000861581760899 0.07601978408662574  
1.49999999999999 1.001241680681333 0.07101547617782124  
1.50499999999999 1.001596758062222 0.06600926777441457  
1.50999999999999 1.001926804401094 0.06100128398410346  
1.51499999999999 1.002231810821014 0.05599164996209799  
1.51999999999999 1.002511769070825 0.05098049090799292  
1.524999999999989 1.002766671525365 0.04596793206263879  
1.529999999999989 1.002996511185678 0.04095409870501197  
1.534999999999989 1.003201281679203 0.03593911614908358  
1.539999999999989 1.003380977259948 0.03092310974068756  
1.544999999999989 1.003535592808652 0.02590620485438782  
1.549999999999989 1.003665123832924 0.02088852689034456  
1.554999999999989 1.003769566467375 0.01587020127117994  
1.559999999999989 1.003848917473731 0.01085135343884306  
1.564999999999989 1.003903174240925 0.005832108851474407  
1.569999999999989 1.003932334785183 0.0008125929802697803  
1.574999999999988 1.003936397750084 -0.004207068693656134  
1.579999999999988 1.003915362406616 -0.009226750682406554  
1.584999999999988 1.003869228653204 -0.01424632749443963  
1.589999999999988 1.003797997015732 -0.01926567363770565  
1.594999999999988 1.003701668647543 -0.02428466362278431  
1.599999999999988 1.003580245329429 -0.02930317196602203  
1.604999999999988 1.003433729469599 -0.03432107319266917  
1.609999999999988 1.003262124103636 -0.03933824184001717  
1.614999999999988 1.003065432894436 -0.04435455246053535  
1.619999999999987 1.002843660132133 -0.04936987962500753  
1.624999999999987 1.002596810734008 -0.05438409792566819  
1.629999999999987 1.002324890244379 -0.05939708197933823  
1.634999999999987 1.002027904834483 -0.06440870643056013  
1.639999999999987 1.00170586130233 -0.06941884595473254  
1.644999999999987 1.001358767072556 -0.07442737526124418  
1.649999999999987 1.00098663019625 -0.07943416909660697  
1.654999999999987 1.000589459350767 -0.08443910224758822  
1.659999999999987 1.000167263839529 -0.08944204954434205  
1.664999999999986 0.9997200535918072 -0.0944428858635397  
1.669999999999986 0.9992478391624895 -0.09944148613149874  
1.674999999999986 0.998750631731832 -0.1044377253273112  
1.679999999999986 0.9982284431051954 -0.1094314784859703  
1.684999999999986 0.9976812857127656 -0.1144226207014963  
1.689999999999986 0.9971091726092581 -0.1194110271300601  
1.694999999999986 0.9965121174736078 -0.1243965729931064  
1.699999999999986 0.9958901346086423 -0.1293791335804745  
1.704999999999986 0.99524323894074 -0.1343585842535177  
1.709999999999986 0.9945714460194723 -0.1393348004482214  
1.714999999999985 0.9938747720172312 -0.1443076576783187  
1.719999999999985 0.9931532337288396 -0.1492770315384049  
1.724999999999985 0.9924068485711476 -0.1542427977070491  
1.729999999999985 0.9916356345826124 -0.1592048319499048  
1.734999999999985 0.9908396104228628 -0.1641630101228179  
1.739999999999985 0.9900187953722488 -0.1691172081749322  
1.744999999999985 0.9891732093313741 -0.1740673021517934  
1.749999999999985 0.9883028728206151 -0.1790131681984503  
1.754999999999985 0.9874078069796228 -0.1839546825625534  
1.759999999999984 0.98648803356681 -0.1888917215974515  
1.764999999999984 0.9855435749588227 -0.1938241617652856  
1.769999999999984 0.9845744541499963 -0.1987518796400797  
1.774999999999984 0.983580694751796 -0.2036747519108297  
1.779999999999984 0.9825623209922418 -0.2085926553845887  
1.784999999999984 0.9815193577153188 -0.2135054669895499  
1.789999999999984 0.9804518303803711 -0.2184130637781265  
1.794999999999984 0.9793597650614805 -0.2233153229300283  
1.799999999999984 0.9782431884468303 -0.2282121217553357  
1.804999999999984 0.9771021278380536 -0.2331033376975699  
1.809999999999983 0.9759366111495658 -0.2379888483367602  
1.814999999999983 0.9747466669078819 -0.242868531392508  
1.819999999999983 0.9735323242509194 -0.2477422647270474  
1.824999999999983 0.9722936129272841 -0.252609926348302  
1.829999999999983 0.9710305632955426 -0.2574713944129384  
1.834999999999983 0.9697432063234779 -0.2623265472294161  
1.839999999999983 0.9684315735873308 -0.2671752632610335  
1.844999999999983 0.9670956972710256 -0.2720174211289702  
1.849999999999983 0.9657356101653808 -0.2768528996153253  
1.854999999999982 0.9643513456673042 -0.2816815776661523  
1.859999999999982 0.9629429377789734 -0.2865033343944888  
1.864999999999982 0.961510421107001 -0.2913180490833837  
1.869999999999982 0.9600538308615841 -0.2961256011889187  
1.874999999999982 0.9585732028556395 -0.3009258703432266  
1.879999999999982 0.9570685735039234 -0.3057187363575048  
1.884999999999982 0.9555399798221359 -0.3105040792250244  
1.889999999999982 0.9539874594260108 -0.3152817791241351  
1.894999999999982 0.9524110505303901 -0.3200517164212652  
1.899999999999981 0.9508107919482838 -0.3248137716739171  
1.904999999999981 0.9491867230899141 -0.3295678256336586  
1.909999999999981 0.9475388839617459 -0.3343137592491081  
1.914999999999981 0.9458673151655004 -0.3390514536689168  
1.919999999999981 0.9441720578971557 -0.3437807902447443  
1.924999999999981 0.942453153945932 -0.3485016505342301  
1.929999999999981 0.9407106456932608 -0.3532139163039598  
1.934999999999981 0.938944576111741 -0.3579174695324261  
1.939999999999981 0.9371549887640789 -0.3626121924129848  
1.944999999999981 0.935341927802014 -0.3672979673568052  
1.94999999999998 0.93350543796523 -0.3719746769958153  
1.95499999999998 0.9316455645802509 -0.3766422041856414  
1.95999999999998 0.9297623535593227 -0.3813004320085427  
1.96499999999998 0.92785585139928 -0.3859492437763393  
1.96999999999998 0.9259261051803983 -0.3905885230333357  
1.97499999999998 0.9239731625652317 -0.3952181535592377  
1.97999999999998 0.9219970717974355 -0.3998380193720639  
1.98499999999998 0.9199978817005752 -0.404448004731051  
1.98999999999998 0.9179756416769199 -0.4090479941395539  
1.994999999999979 0.9159304017062222 -0.4136378723479385  
1.999999999999979 0.9138622123444825 -0.4182175243564696  
