0 0 1  
0.125 0.1230769230769231 0.9846153846153847  
0.25 0.2423668639053255 0.954319526627219  
0.375 0.3560928538916705 0.9098079198907602  
0.5 0.4625908616645076 0.8519840621826967  
0.625 0.5603336560613855 0.7819423551750235  
0.75 0.6479521973742902 0.7009483305032372  
0.875 0.724254265784315 0.6104165472801979  
1 0.7882400828990421 0.5118865369178176  
1.125 0.8391147323212498 0.4069971953776614  
1.25 0.8762972374089427 0.2974600407015435  
1.375 0.8994262079966874 0.1850317647019576  
1.5 0.9083620219908254 0.07148651195310442  
1.625 0.9031855615851948 -0.04141168324504493  
1.75 0.8841935765460325 -0.151935880313299  
1.875 0.8518907977913798 -0.2584222300372215  
2 0.8069789725900082 -0.3592946016109725  
