0 0 1  
0.03125 0.03125 1  
0.0625 0.0625 0.9990234375  
0.09375 0.093719482421875 0.9970703125  
0.125 0.1248779296875 0.9941415786743164  
0.15625 0.1559448540210724 0.990239143371582  
0.1875 0.1868898272514343 0.9853658666834235  
0.21875 0.2176825105852913 0.9795255595818162  
0.25 0.2482926843222231 0.9727229811260258  
0.28125 0.2786902774824114 0.9649638347409564  
0.3125 0.3088453973180663 0.956254763569631  
0.34375 0.3387283586796173 0.9466033449034414  
0.375 0.3683097132078498 0.9360180836947034  
0.40625 0.3975602783233093 0.9245084051569581  
0.4375 0.4264511659844642 0.9120846464593547  
0.46875 0.4549538111863191 0.8987580475223402  
0.5 0.4830400001713922 0.8845407409227678  
0.53125 0.5106818983252287 0.8694457409174118  
0.5625 0.5378520777288979 0.8534869315947484  
0.59375 0.5645235443412338 0.8366790541657204  
0.625 0.5906697647839125 0.8190376934050568  
0.65625 0.6162646927028206 0.8005792632555596  
0.6875 0.6412827946795568 0.7813209916085965  
0.71875 0.6656990756673254 0.7612809042748603  
0.75 0.6894891039259148 0.7404778081602563  
0.78125 0.7126290354309228 0.7189312736625715  
0.8125 0.7350956377328782 0.6966616163053552  
0.84375 0.7568663132424206 0.6736898776262027  
0.875 0.7779191219182394 0.6500378053373771  
0.90625 0.7982328033350324 0.6257278327774322  
0.9375 0.8177867981093272 0.6007830576732124  
0.96875 0.8365612686616151 0.5752272202322959  
1 0.8545371192938743 0.5490846805866204  
1.03125 0.8716960155622062 0.5223803956086869  
1.0625 0.8880204029249776 0.4951398951223679  
1.09375 0.9034935246475516 0.4673892575309624  
1.125 0.9180994389453941 0.4391550848857264  
1.15625 0.9318230353480731 0.4104644774186829  
1.1875 0.9446500502674069 0.3813450075640556  
1.21875 0.9565670817537836 0.3518246934931991  
1.25 0.9675616034254461 0.3219319721883934  
1.28125 0.9776219775563334 0.2916956720813482  
1.3125 0.9867374673088756 0.2611449852827127  
1.34375 0.9948982480989603 0.2303094394293104  
1.375 1.002095418081126 0.1992188691762179  
1.40625 1.008321007742883 0.1679033873611827  
1.4375 1.01356798859792 0.1363933558692176  
1.46875 1.017830280968833 0.1047193562255326  
1.5 1.021102760850881 0.07291215994525652  
1.53125 1.02338126584917 0.04100269866866648  
1.5625 1.024662600182566 0.009022034110879908  
1.59375 1.024944538748531 -0.02299867214482528  
1.625 1.024225830244005 -0.05502818898071687  
1.65625 1.022506199338358 -0.08703524617584205  
1.6875 1.019786347895363 -0.1189885649051657  
1.71875 1.016067955242076 -0.1508568882768958  
1.75 1.011353677483423 -0.1826090118782107  
1.78125 1.005647145862229 -0.2142138142995677  
1.8125 0.9989529641653676 -0.2456402876077624  
1.84375 0.991276705177625 -0.2768575677379301  
1.875 0.9826249061858147 -0.3078349647747309  
1.90625 0.9730050635366043 -0.3385419930930376  
1.9375 0.9624256262524469 -0.3689484013285564  
1.96875 0.9508959887109295 -0.3990242021489454  
2 0.9384264823937749 -0.4287397017961619  
