0 0 1  
0.01 0.01 1  
0.02 0.02 0.9999  
0.03 0.029999 0.9997  
0.04 0.039996 0.99940001  
0.05 0.0499900001 0.99900005  
0.06 0.0599800006 0.9985001499990001  
0.07000000000000001 0.06996500209999 0.997900349993  
0.08 0.07994400559992 0.9972006999720001  
0.09 0.08991601259964001 0.9964012599160009  
0.09999999999999999 0.09988002519880002 0.9955020997900045  
0.11 0.1098350461967001 0.9945032995380165  
0.12 0.1197800791920802 0.9934049490760495  
0.13 0.1297141286828407 0.9922071482841287  
0.14 0.139636200165682 0.9909100069973003  
0.15 0.149545300235655 0.9895136449956434  
0.16 0.1594404366856114 0.9880181919932869  
0.17 0.1693206186055443 0.9864237876264308  
0.18 0.1791848564818086 0.9847305814403754  
0.19 0.1890321622962124 0.9829387328755573  
0.2 0.198861549624968 0.9810484112525952  
0.21 0.2086720337374939 0.9790597957563455  
0.2200000000000001 0.2184626316950574 0.9769730754189706  
0.2300000000000001 0.2282323624492471 0.97478844910202  
0.2400000000000001 0.2379802469402673 0.9725061254775276  
0.2500000000000001 0.2477053081950426 0.9701263230081248  
0.2600000000000001 0.2574065714251238 0.9676492699261744  
0.2700000000000001 0.2670830641243855 0.9650752042119232  
0.2800000000000001 0.2767338161665048 0.9624043735706793  
0.2900000000000001 0.2863578599022116 0.9596370354090142  
0.3000000000000001 0.2959542302563017 0.9567734568099922  
0.3100000000000001 0.3055219648244016 0.9538139145074291  
0.3200000000000001 0.3150601039694759 0.9507586948591851  
0.3300000000000001 0.3245676909180678 0.9476080938194903  
0.3400000000000001 0.3340437718562627 0.9443624169103096  
0.3500000000000001 0.3434873960253658 0.941021979191747  
0.3600000000000002 0.3528976158172832 0.9375871052314934  
0.3700000000000002 0.3622734868695981 0.9340581290733205  
0.3800000000000002 0.3716140681603314 0.9304353942046245  
0.3900000000000002 0.3809184221023776 0.9267192535230212  
0.4000000000000002 0.3901856146376079 0.9229100693019974  
0.4100000000000002 0.3994147153306278 0.9190082131556213  
0.4200000000000002 0.408604797462184 0.9150140660023151  
0.4300000000000002 0.4177549381222072 0.9109280180276932  
0.4400000000000002 0.4268642183024842 0.9067504686464711  
0.4500000000000002 0.4359317229889489 0.9024818264634463  
0.4600000000000002 0.4449565412535834 0.8981225092335569  
0.4700000000000003 0.4539377663459189 0.893672943821021  
0.4800000000000003 0.4628744957841291 0.8891335661575618  
0.4900000000000003 0.4717658314457048 0.8845048211997205  
0.5000000000000002 0.480610879657702 0.8797871628852635  
0.5100000000000002 0.4894087512865546 0.8749810540886864  
0.5200000000000002 0.4981585618274415 0.8700869665758209  
0.5300000000000002 0.5068594314931997 0.8651053809575464  
0.5400000000000003 0.5155104853027751 0.8600367866426144  
0.5500000000000003 0.5241108531692013 0.8548816817895867  
0.5600000000000003 0.5326596699870971 0.8496405732578947  
0.5700000000000003 0.5411560757196761 0.8443139765580236  
0.5800000000000003 0.5495992154852563 0.8389024158008269  
0.5900000000000003 0.5579882396432645 0.8334064236459744  
0.6000000000000003 0.5663223038797243 0.8278265412495418  
0.6100000000000003 0.5746005692922197 0.8221633182107445  
0.6200000000000003 0.5828222024743271 0.8164173125178223  
0.6300000000000003 0.5909863755995054 0.810589090493079  
0.6400000000000003 0.5990922665044361 0.804679226737084  
0.6500000000000004 0.607139058771807 0.7986883040720397  
0.6600000000000004 0.6151259418125273 0.7926169134843216  
0.6700000000000004 0.6230521109473706 0.7864656540661964  
0.6800000000000004 0.6309167674880325 0.7802351329567226  
0.6900000000000004 0.6387191188175997 0.7739259652818423  
0.7000000000000004 0.6464583784704181 0.7675387740936663  
0.7100000000000004 0.6541337662113548 0.7610741903089622  
0.7200000000000004 0.6617445081144444 0.7545328526468487  
0.7300000000000004 0.6692898366409129 0.7479154075657042  
0.7400000000000004 0.6767689907165699 0.741222509199295  
0.7500000000000004 0.6841812158085628 0.7344548192921293  
0.7600000000000005 0.6915257640014841 0.7276130071340436  
0.7700000000000005 0.6988018940728246 0.7206977494940288  
0.7800000000000005 0.7060088715677648 0.7137097305533006  
0.7900000000000005 0.7131459688732978 0.7066496418376229  
0.8000000000000005 0.720212465291674 0.6995181821488899  
0.8100000000000005 0.727207647113163 0.6923160574959732  
0.8200000000000005 0.7341308076881228 0.6850439810248417  
0.8300000000000005 0.7409812474983712 0.6777026729479604  
0.8400000000000005 0.7477582742278508 0.6702928604729766  
0.8500000000000005 0.7544612028325806 0.6628152777306981  
0.8600000000000005 0.7610893556098876 0.6552706657023724  
0.8700000000000006 0.7676420622669112 0.6476597721462735  
0.8800000000000006 0.7741186599883739 0.6399833515236043  
0.8900000000000006 0.78051849350361 0.6322421649237205  
0.9000000000000006 0.7868409151528473 0.6244369799886844  
0.9100000000000006 0.7930852849527341 0.616568570837156  
0.9200000000000006 0.7992509706611057 0.6086377179876287  
0.9300000000000006 0.805337347840982 0.6006452082810176  
0.9400000000000006 0.8113437999237921 0.5925918348026078  
0.9500000000000006 0.8172697182718182 0.5844783968033699  
0.9600000000000006 0.8231145022398518 0.5763056996206517  
0.9700000000000006 0.8288775592360583 0.5680745545982532  
0.9800000000000006 0.8345583047820408 0.5597857790058925  
0.9900000000000007 0.8401561625720998 0.5514401959580721  
1.000000000000001 0.8456705645316805 0.5430386343323511  
1.010000000000001 0.851100950875004 0.5345819286870344  
1.020000000000001 0.8564467701618744 0.5260709191782843  
1.030000000000001 0.8617074793536573 0.5175064514766655  
1.040000000000001 0.866882543868424 0.5088893766831289  
1.050000000000001 0.8719714376352553 0.5002205512444448  
1.060000000000001 0.8769736431476998 0.4915008368680922  
1.070000000000001 0.8818886515163807 0.4827311004366152  
1.080000000000001 0.8867159625207469 0.4739122139214514  
1.090000000000001 0.8914550846599615 0.4650450542962439  
1.100000000000001 0.8961055352029239 0.4561305034496443  
1.110000000000001 0.9006668402374204 0.4471694480976151  
1.120000000000001 0.9051385347183966 0.4381627796952409  
1.130000000000001 0.909520162515349 0.429111394348057  
1.140000000000001 0.9138112764588295 0.4200161927229035  
1.150000000000001 0.9180114383860586 0.4108780799583152  
1.160000000000001 0.9221202191856417 0.4016979655744546  
1.170000000000001 0.9261371988413862 0.3924767633825982  
1.180000000000001 0.9300619664752122 0.3832153913941843  
1.190000000000001 0.9338941203891541 0.3739147717294322  
1.200000000000001 0.9376332681064484 0.3645758305255407  
1.210000000000001 0.9412790264117038 0.3551994978444762  
1.220000000000001 0.9448310213901485 0.3457867075803591  
1.230000000000001 0.9482888884659522 0.3363383973664577  
1.240000000000001 0.9516522724396167 0.3268555084817981  
1.250000000000001 0.9549208275244346 0.3173389857574019  
1.260000000000001 0.9580942173820086 0.3077897774821576  
1.270000000000001 0.9611721151568302 0.2982088353083375  
1.280000000000001 0.9641542035099135 0.2885971141567692  
1.290000000000001 0.9670401746514813 0.27895557212167  
1.300000000000001 0.969829730372698 0.2692851703751553  
1.310000000000001 0.9725225820764496 0.2595868730714283  
1.320000000000001 0.9751184508071639 0.2498616472506638  
1.330000000000001 0.9776170672796705 0.2401104627425922  
1.340000000000001 0.9800181719070964 0.2303342920697955  
1.350000000000001 0.9823215148277944 0.2205341103507245  
1.360000000000001 0.9845268559313016 0.2107108952024466  
1.370000000000001 0.9866339648833261 0.2008656266431336  
1.380000000000001 0.9886426211497574 0.1909992869943003  
1.390000000000001 0.9905526140197004 0.1811128607828027  
1.400000000000001 0.9923637426275285 0.1712073346426057  
1.410000000000001 0.9940758159739546 0.1612836972163305  
1.420000000000001 0.9956886529461179 0.1513429390565909  
1.430000000000001 0.9972020823366837 0.1413860525271297  
1.440000000000001 0.998615942861955 0.1314140317037629  
1.450000000000001 0.9999300831789926 0.1214278722751433  
1.460000000000001 1.001144361901744 0.1114285714433534  
1.470000000000001 1.002258647616177 0.101417127824336  
1.480000000000001 1.003272818894421 0.09139454134817419  
1.490000000000001 1.004186764307903 0.08136181315922998  
1.500000000000001 1.005000382439495 0.07131994551615095  
1.510000000000001 1.005713581894656 0.061269941691756  
1.520000000000001 1.006326281311574 0.05121280587280944  
1.530000000000001 1.006838409370302 0.0411495430596937  
1.540000000000001 1.007249904800899 0.03108115896599068  
1.550000000000001 1.007560716390559 0.02100865991798169  
1.560000000000001 1.007770802989739 0.0109330527540761  
1.570000000000001 1.00788013351728 0.0008553447241787127  
1.580000000000001 1.007888686964521 -0.009223456610994083  
1.590000000000001 1.007796452398412 -0.0193023434806393  
1.600000000000001 1.007603428963605 -0.02938030800462341  
1.610000000000001 1.007309625883559 -0.03945634229425946  
1.620000000000001 1.006915062460616 -0.04952943855309505  
1.630000000000001 1.006419768075085 -0.05959858917770122  
1.640000000000001 1.005823782183308 -0.06966278685845206  
1.650000000000001 1.005127154314724 -0.07972102468028515  
1.660000000000001 1.004329944067921 -0.08977229622343239  
1.670000000000001 1.003432221105687 -0.09981559566411159  
1.680000000000001 1.002434065149046 -0.1098499178751685  
1.690000000000001 1.001335565970294 -0.1198742585266589  
1.700000000000001 1.000136823385027 -0.1298876141863619  
1.710000000000001 0.9988379472431635 -0.1398889824202121  
1.720000000000001 0.9974390574189614 -0.1498773618926438  
1.730000000000001 0.995940283800035 -0.1598517524668334  
1.740000000000001 0.9943417662753666 -0.1698111553048337  
1.750000000000001 0.9926436547223183 -0.1797545729675874  
1.760000000000001 0.9908461089926425 -0.1896810095148106  
1.770000000000001 0.9889492988974944 -0.199589470604737  
1.780000000000001 0.9869534041914471 -0.209478963593712  
1.790000000000001 0.9848586145555099 -0.2193484976356265  
1.800000000000001 0.9826651295791536 -0.2291970837811816  
1.810000000000001 0.9803731587413418 -0.2390237350769731  
1.820000000000001 0.9779829213905721 -0.2488274666643865  
1.830000000000001 0.9754946467239282 -0.2586072958782922  
1.840000000000001 0.9729085737651453 -0.2683622423455315  
1.850000000000001 0.97022495134169 -0.278091328083183  
1.860000000000001 0.9674440380608581 -0.2877935775965999  
1.870000000000001 0.9645661022848921 -0.2974680179772085  
1.880000000000001 0.9615914221051201 -0.3071136790000574  
1.890000000000001 0.9585202853151195 -0.3167295932211086  
1.900000000000001 0.9553529893829084 -0.3263147960742598  
1.910000000000001 0.9520898414221658 -0.3358683259680889  
1.920000000000001 0.9487311581624849 -0.3453892243823105  
1.930000000000001 0.9452772659186618 -0.3548765359639354  
1.940000000000002 0.9417285005590225 -0.364329308623122  
1.950000000000002 0.9380852074727912 -0.3737465936287122  
1.960000000000002 0.9343477415365041 -0.3831274457034401  
1.970000000000002 0.9305164670794698 -0.3924709231188052  
1.980000000000002 0.9265917578482817 -0.4017760877895998  
1.990000000000002 0.9225739969703858 -0.4110420053680827  
