0 0 1  
0.005 0.004999875003124922 0.9999750006249843  
0.01 0.009999500018749375 0.9999250031248906  
0.015 0.01499875006562219 0.9998500093745625  
0.02 0.01999750017499063 0.9997500218736876  
0.025 0.02499562539372422 0.9996250437467189  
0.03 0.02999300078743813 0.9994750787427817  
0.035 0.03498950144361595 0.9993001312355637  
0.04 0.0399850024747319 0.9991002062231901  
0.045 0.04497937902137231 0.9988753093280832  
0.05 0.04997250625535635 0.9986254467968064  
0.05499999999999999 0.05496425938285581 0.9983506254998922  
0.05999999999999999 0.05995451364751408 0.9980508529316546  
0.06499999999999999 0.06494314433356402 0.9977261372099868  
0.06999999999999999 0.06993002676894473 0.9973764870761421  
0.075 0.07491503632841723 0.9970019118945  
0.08 0.07989804843667882 0.9966024216523166  
0.08500000000000001 0.08487893857147612 0.9961780269594592  
0.09000000000000001 0.08985758226671675 0.9957287390481256  
0.09500000000000001 0.09483385511557949 0.9952545697725478  
0.1 0.09980763277362288 0.9947555316086797  
0.105 0.1047787909618922 0.9942316376538702  
0.11 0.1097472054700248 0.9936829016265201  
0.115 0.1147127521593534 0.9931093378657233  
0.12 0.1196753069660079 0.9925109613308932  
0.125 0.1246347459040148 0.9918877876013732  
0.13 0.1295909450683949 0.9912398328760312  
0.135 0.1345437806382591 0.9905671139728399  
0.14 0.1394931288799013 0.9898696483284404  
0.145 0.1444388661498898 0.9891474539976909  
0.15 0.1493808688981558 0.9884005496532001  
0.1550000000000001 0.15431901367108 0.9876289545848447  
0.1600000000000001 0.1592531771145764 0.9868326886992718  
0.1650000000000001 0.1641832359771733 0.9860117725193859  
0.1700000000000001 0.1691090671130924 0.9851662271838204  
0.1750000000000001 0.1740305474853244 0.9842960744463938  
0.1800000000000001 0.1789475541687021 0.9834013366755503  
0.1850000000000001 0.1838599643529711 0.9824820368537854  
0.1900000000000001 0.1887676553458563 0.9815381985770562  
0.1950000000000001 0.1936705045761272 0.9805698460541755  
0.2000000000000001 0.1985683895966582 0.9795770041061922  
0.2050000000000001 0.2034611880874869 0.9785596981657547  
0.2100000000000001 0.2083487778588692 0.9775179542764604  
0.2150000000000001 0.2132310368543302 0.9764517990921887  
0.2200000000000001 0.2181078431537123 0.9753612598764202  
0.2250000000000001 0.22297907497622 0.9742463645015391  
0.2300000000000001 0.2278446106834606 0.9731071414481218  
0.2350000000000001 0.2327043287824817 0.9719436198042094  
0.2400000000000001 0.2375581079288045 0.9707558292645654  
0.2450000000000001 0.2424058269294541 0.9695438001299181  
0.2500000000000001 0.247247364745985 0.9683075633061882  
0.2550000000000001 0.2520826004975035 0.9670471503037007  
0.2600000000000001 0.2569114134636854 0.9657625932363822  
0.2650000000000001 0.2617336830877901 0.9644539248209433  
0.2700000000000001 0.2665492889796703 0.9631211783760449  
0.2750000000000001 0.2713581109187776 0.961764387821451  
0.2800000000000001 0.2761600288571634 0.9603835876771653  
0.2850000000000001 0.2809549229224761 0.9589788130625528  
0.2900000000000001 0.2857426734209534 0.957550099695448  
0.2950000000000002 0.2905231608404096 0.9560974838912459  
0.3000000000000002 0.2952962658532196 0.9546210025619798  
0.3050000000000002 0.3000618693192965 0.9531206932153833  
0.3100000000000002 0.3048198522890662 0.9515965939539379  
0.3150000000000002 0.3095700960064357 0.9500487434739058  
0.3200000000000002 0.3143124819117574 0.948477181064347  
0.3250000000000002 0.3190468916447881 0.946881946606123  
0.3300000000000002 0.3237732070476425 0.9452630805708848  
0.3350000000000002 0.3284913101677427 0.9436206240200461  
0.3400000000000002 0.3332010832607614 0.9419546186037423  
0.3450000000000002 0.3379024087935603 0.9402651065597745  
0.3500000000000002 0.342595169447123 0.9385521307125388  
0.3550000000000002 0.3472792481194827 0.9368157344719414  
0.3600000000000002 0.3519545279286442 0.9350559618322982  
0.3650000000000002 0.3566208922155004 0.9332728573712207  
0.3700000000000002 0.3612782245467428 0.9314664662484869  
0.3750000000000002 0.3659264087177673 0.9296368342048981  
0.3800000000000002 0.3705653287555729 0.9277840075611202  
0.3850000000000002 0.3751948689216554 0.9259080332165119  
0.3900000000000002 0.3798149137148951 0.9240089586479374  
0.3950000000000002 0.3844253478744379 0.9220868319085652  
0.4000000000000002 0.3890260563825712 0.9201417016266523  
0.4050000000000002 0.3936169244675928 0.9181736170043143  
0.4100000000000003 0.3981978376066742 0.9161826278162809  
0.4150000000000003 0.4027686815287174 0.9141687844086374  
0.4200000000000003 0.4073293422172051 0.9121321376975513  
0.4250000000000003 0.4118797059130451 0.910072739167986  
0.4300000000000003 0.4164196591174071 0.907990640872399  
0.4350000000000003 0.4209490885945542 0.9058858954294262  
0.4400000000000003 0.425467881374667 0.9037585560225528  
0.4450000000000003 0.4299759247566608 0.9016086763987695  
0.4500000000000003 0.4344731063109969 0.8994363108672145  
0.4550000000000003 0.4389593138824859 0.8972415142978021  
0.4600000000000003 0.443434435593085 0.8950243421198366  
0.4650000000000003 0.4478983598446881 0.8927848503206132  
0.4700000000000003 0.4523509753219082 0.8905230954440037  
0.4750000000000003 0.4567921709948533 0.8882391345890294  
0.4800000000000003 0.4612218361218954 0.8859330254084199  
0.4850000000000003 0.4656398602524312 0.8836048261071577  
0.4900000000000003 0.4700461332296362 0.8812545954410096  
0.4950000000000003 0.4744405451932114 0.8788823927150435  
0.5000000000000003 0.4788229865821221 0.8764882777821329  
0.5050000000000003 0.4831933481373293 0.8740723110414462  
0.5100000000000003 0.487551520904514 0.8716345534369236  
0.5150000000000003 0.4918973962367927 0.8691750664557397  
0.5200000000000004 0.4962308657974264 0.8666939121267526  
0.5250000000000004 0.5005518215625211 0.86419115301894  
0.5300000000000004 0.5048601558237202 0.8616668522398214  
0.5350000000000004 0.5091557611908896 0.859121073433867  
0.5400000000000004 0.5134385305947941 0.856553880780893  
0.5450000000000004 0.5177083572897663 0.8539653389944442  
0.5500000000000004 0.5219651348563671 0.8513555133201623  
0.5550000000000004 0.5262087572040378 0.8487244695341422  
0.5600000000000004 0.5304391185737442 0.8460722739412735  
0.5650000000000004 0.534656113540612 0.8433989933735704  
0.5700000000000004 0.5388596370165545 0.8407046951884876  
0.5750000000000004 0.5430495842528906 0.8379894472672231  
0.5800000000000004 0.5472258508429557 0.8352533180130084  
0.5850000000000004 0.5513883327247027 0.8324963763493849  
0.5900000000000004 0.555536926183295 0.8297186917184685  
0.5950000000000004 0.559671527853691 0.8269203340792  
0.6000000000000004 0.5637920347232189 0.8241013739055839  
0.6050000000000004 0.5678983441341435 0.8212618821849131  
0.6100000000000004 0.5719903537862234 0.818401930415982  
0.6150000000000004 0.5760679617392599 0.8155215906072857  
0.6200000000000004 0.5801310664156359 0.8126209352752075  
0.6250000000000004 0.5841795666028469 0.8097000374421933  
0.6300000000000004 0.5882133614560214 0.8067589706349132  
0.6350000000000005 0.5922323505004334 0.803797808882411  
0.6400000000000005 0.5962364336340047 0.800816626714241  
0.6450000000000005 0.6002255111297976 0.7978154991585921  
0.6500000000000005 0.6041994836384996 0.7947945017403996  
0.6550000000000005 0.6081582521908968 0.7917537104794451  
0.6600000000000005 0.612101718200339 0.7886932018884434  
0.6650000000000005 0.6160297834651945 0.7856130529711174  
0.6700000000000005 0.6199423501712958 0.7825133412202609  
0.6750000000000005 0.6238393208943748 0.779394144615789  
0.6800000000000005 0.6277205986024886 0.7762555416227765  
0.6850000000000005 0.6315860866584361 0.7730976111894844  
0.6900000000000005 0.6354356888221629 0.7699204327453736  
0.6950000000000005 0.6392693092531585 0.7667240861991078  
0.7000000000000005 0.6430868525128413 0.7635086519365436  
0.7050000000000005 0.6468882235669348 0.7602742108187089  
0.7100000000000005 0.6506733277878336 0.7570208441797698  
0.7150000000000005 0.6544420709569585 0.753748633824985  
0.7200000000000005 0.6581943592671018 0.7504576620286495  
0.7250000000000005 0.6619300993247619 0.7471480115320257  
0.7300000000000005 0.6656491981524681 0.7438197655412634  
0.7350000000000005 0.6693515631910947 0.7404730077253079  
0.7400000000000005 0.6730371023021636 0.7371078222137971  
0.7450000000000006 0.6767057237701384 0.7337242935949464  
0.7500000000000006 0.6803573363047055 0.7303225069134228  
0.7550000000000006 0.6839918490430466 0.7269025476682076  
0.7600000000000006 0.6876091715520988 0.7234645018104471  
0.7650000000000006 0.6912092138308052 0.720008455741293  
0.7700000000000006 0.6947918863123539 0.7165344963097312  
0.7750000000000006 0.6983570998664059 0.7130427108103992  
0.7800000000000006 0.7019047658013129 0.7095331869813926  
0.7850000000000006 0.7054347958663232 0.7060060130020609  
0.7900000000000006 0.7089471022537771 0.702461277490792  
0.7950000000000006 0.712441597601291 0.6988990695027856  
0.8000000000000006 0.7159181949939301 0.6953194785278159  
0.8050000000000006 0.7193768079663699 0.6917225944879841  
0.8100000000000006 0.7228173505050473 0.6881085077354588  
0.8150000000000006 0.7262397370502983 0.6844773090502073  
0.8200000000000006 0.7296438824984869 0.6808290896377149  
0.8250000000000006 0.7330297022041203 0.6771639411266943  
0.8300000000000006 0.7363971119819542 0.6734819555667846  
0.8350000000000006 0.7397460281090854 0.6697832254262391  
0.8400000000000006 0.7430763673270334 0.666067843589604  
0.8450000000000006 0.7463880468438103 0.6623359033553849  
0.8500000000000006 0.7496809843359789 0.658587498433705  
0.8550000000000006 0.7529550979506986 0.6548227229439515  
0.8600000000000007 0.7562103063077606 0.6510416714124126  
0.8650000000000007 0.7594465285016102 0.6472444387699046  
0.8700000000000007 0.7626636841033572 0.6434311203493878  
0.8750000000000007 0.7658616931627751 0.6396018118835739  
0.8800000000000007 0.7690404762102877 0.6357566095025224  
0.8850000000000007 0.7721999542589438 0.6318956097312277  
0.8900000000000007 0.7753400488063799 0.6280189094871959  
0.8950000000000007 0.7784606818367699 0.624126606078012  
0.9000000000000007 0.7815617758227643 0.6202187971988982  
0.9050000000000007 0.7846432537274156 0.616295580930261  
0.9100000000000007 0.7877050390060918 0.6123570557352306  
0.9150000000000007 0.7907470556083778 0.6084033204571887  
0.9200000000000007 0.7937692279799642 0.6044344743172889  
0.9250000000000007 0.796771481064524 0.6004506169119663  
0.9300000000000007 0.7997537403055762 0.5964518482104384  
0.9350000000000007 0.8027159316483372 0.5924382685521967  
0.9400000000000007 0.8056579815415597 0.588409978644489  
0.9450000000000007 0.8085798169393587 0.5843670795597922  
0.9500000000000007 0.8114813653030251 0.580309672733277  
0.9550000000000007 0.8143625546028264 0.5762378599602629  
0.9600000000000007 0.8172233133197947 0.5721517433936639  
0.9650000000000007 0.8200635704475018 0.5680514255414264  
0.9700000000000008 0.8228832554938216 0.5639370092639573  
0.9750000000000008 0.8256822984826793 0.5598085977715439  
0.9800000000000008 0.8284606299557881 0.555666294621765  
0.9850000000000008 0.8312181809743725 0.5515102037168931  
0.9900000000000008 0.833954883120879 0.5473404293012887  
0.9950000000000008 0.8366706685006728 0.5431570759587853  
1.000000000000001 0.8393654697437232 0.5389602486100666  
