0 0 1  
0.01 0.009999 0.9999  
0.02 0.019996 0.9997  
0.03 0.02999 0.9994  
0.04 0.03998 0.999  
0.05 0.049965 0.998501  
0.06 0.059944 0.997901  
0.07 0.069916 0.997202  
0.08 0.0798801 0.996403  
0.09 0.0898351 0.995505  
0.1 0.0997802 0.994507  
0.11 0.109714 0.99341  
0.12 0.119636 0.992214  
0.13 0.129546 0.990918  
0.14 0.139441 0.989524  
0.15 0.149321 0.988031  
0.16 0.159186 0.986439  
0.17 0.169033 0.984748  
0.18 0.178863 0.98296  
0.19 0.188673 0.981073  
0.2 0.198464 0.979088  
0.21 0.208234 0.977006  
0.22 0.217983 0.974826  
0.23 0.227708 0.972549  
0.24 0.23741 0.970175  
0.25 0.247087 0.967704  
0.26 0.256738 0.965137  
0.27 0.266363 0.962473  
0.28 0.27596 0.959714  
0.29 0.285529 0.956858  
0.3 0.295068 0.953908  
0.31 0.304576 0.950862  
0.32 0.314054 0.947721  
0.33 0.323498 0.944486  
0.34 0.33291 0.941157  
0.35 0.342287 0.937734  
0.36 0.35163 0.934218  
0.37 0.360936 0.930609  
0.38 0.370205 0.926907  
0.39 0.379436 0.923112  
0.4 0.388628 0.919226  
0.41 0.397781 0.915248  
0.42 0.406892 0.911179  
0.43 0.415963 0.90702  
0.44 0.42499 0.90277  
0.45 0.433975 0.89843  
0.46 0.442915 0.894001  
0.47 0.451809 0.889483  
0.48 0.460658 0.884876  
0.49 0.46946 0.880182  
0.5 0.478214 0.875399  
0.51 0.486919 0.87053  
0.52 0.495575 0.865574  
0.53 0.50418 0.860533  
0.54 0.512734 0.855405  
0.55 0.521236 0.850193  
0.56 0.529685 0.844896  
0.57 0.53808 0.839515  
0.58 0.546421 0.834051  
0.59 0.554706 0.828504  
0.6 0.562935 0.822875  
0.61 0.571106 0.817164  
0.62 0.57922 0.811371  
0.63 0.587275 0.805499  
0.64 0.595271 0.799546  
0.65 0.603206 0.793514  
0.66 0.61108 0.787403  
0.67 0.618892 0.781214  
0.68 0.626641 0.774948  
0.69 0.634327 0.768605  
0.7 0.641949 0.762185  
0.71 0.649506 0.75569  
0.72 0.656997 0.74912  
0.73 0.664422 0.742476  
0.74 0.67178 0.735758  
0.75 0.679069 0.728967  
0.76 0.68629 0.722104  
0.77 0.693442 0.71517  
0.78 0.700524 0.708165  
0.79 0.707535 0.701089  
0.8 0.714474 0.693945  
0.81 0.721341 0.686731  
0.82 0.728136 0.67945  
0.83 0.734857 0.672101  
0.84 0.741504 0.664686  
0.85 0.748076 0.657206  
0.86 0.754572 0.64966  
0.87 0.760993 0.64205  
0.88 0.767337 0.634376  
0.89 0.773603 0.62664  
0.9 0.779791 0.618843  
0.91 0.785901 0.610984  
0.92 0.791932 0.603064  
0.93 0.797883 0.595085  
0.94 0.803753 0.587048  
0.95 0.809543 0.578952  
0.96 0.815251 0.5708  
0.97 0.820877 0.562591  
0.98 0.82642 0.554327  
0.99 0.83188 0.546008  
