0 0 1  
0.0025 0.0025 1  
0.005 0.005 0.99999375  
0.0075 0.007499984375 0.99998125  
0.01 0.0099999375 0.9999625000390625  
0.0125 0.01249984375009766 0.9999375001953125  
0.015 0.01499968750058594 0.9999062505859372  
0.0175 0.01749945312705078 0.9998687513671857  
0.02 0.01999912500546874 0.999825002734368  
0.0225 0.02249868751230466 0.9997750049218543  
0.025 0.0249981250246093 0.9997187582030735  
0.0275 0.02749742192011698 0.999656262890512  
0.03 0.02999656257734326 0.9995875193357118  
0.03249999999999999 0.03249553137568254 0.9995125279292684  
0.035 0.03499431269550572 0.9994312891008291  
0.0375 0.03749289091825779 0.9993438033190903  
0.04 0.03999125042655552 0.9992500710917946  
0.0425 0.04248937560428501 0.9991500929657282  
0.04500000000000001 0.04498725083669933 0.9990438695267175  
0.04750000000000001 0.04748486051051612 0.9989314013996258  
0.05000000000000001 0.04998218901401518 0.9988126892483494  
0.05250000000000001 0.05247922073713605 0.9986877337758144  
0.05500000000000001 0.05497594007157559 0.9985565357239716  
0.05750000000000002 0.05747233141088551 0.9984190958737927  
0.06000000000000002 0.05996837915057 0.9982754150452655  
0.06250000000000001 0.06246406768818316 0.998125494097389  
0.06500000000000002 0.06495938142342664 0.9979693339281686  
0.06750000000000002 0.06745430475824706 0.99780693547461  
0.07000000000000002 0.06994882209693358 0.9976382997127143  
0.07250000000000002 0.07244291784621537 0.997463427657472  
0.07500000000000002 0.07493657641535906 0.9972823203628565  
0.07750000000000003 0.0774297822162662 0.9970949789218181  
0.08000000000000003 0.07992251966357075 0.9969014044662774  
0.08250000000000003 0.08241477317473644 0.9967015981671185  
0.08500000000000003 0.08490652717015423 0.9964955612341816  
0.08750000000000004 0.08739776607323969 0.9962832949162562  
0.09000000000000004 0.08988847431053033 0.9960648005010732  
0.09250000000000004 0.09237863631178302 0.9958400793152968  
0.09500000000000004 0.09486823651007126 0.9956091327245173  
0.09750000000000004 0.09735725934188255 0.9953719621332422  
0.1 0.09984568924721565 0.9951285689848874  
0.1025 0.1023335106696779 0.9948789547617694  
0.1050000000000001 0.1048207080565823 0.9946231209850952  
0.1075000000000001 0.107307265859045 0.9943610692149537  
0.1100000000000001 0.1097931685320824 0.9940928010503061  
0.1125000000000001 0.1122784005347082 0.9938183181289758  
0.1150000000000001 0.1147629463300306 0.9935376221276391  
0.1175000000000001 0.1172467903853497 0.993250714761814  
0.1200000000000001 0.1197299171722542 0.9929575977858507  
0.1225000000000001 0.1222123111667189 0.9926582729929201  
0.1250000000000001 0.1246939568492012 0.9923527422150032  
0.1275000000000001 0.1271748387047387 0.9920410073228803  
0.1300000000000001 0.1296549412230459 0.9917230702261184  
0.1325000000000001 0.1321342488986112 0.9913989328730608  
0.1350000000000001 0.1346127462307938 0.9910685972508143  
0.1375000000000001 0.1370904177239208 0.9907320653852373  
0.1400000000000001 0.1395672478873839 0.9903893393409274  
0.1425000000000001 0.1420432212357362 0.9900404212212089  
0.1450000000000001 0.1445183222887892 0.9896853131681196  
0.1475000000000001 0.1469925355717095 0.9893240173623976  
0.1500000000000001 0.1494658456151156 0.9889565360234683  
0.1525000000000001 0.1519382369551742 0.9885828714094306  
0.1550000000000001 0.1544096941336978 0.9882030258170427  
0.1575000000000001 0.1568802016982404 0.9878170015817084  
0.1600000000000001 0.1593497442021947 0.9874248010774628  
0.1625000000000001 0.1618183062048883 0.9870264267169573  
0.1650000000000001 0.1642858722716807 0.9866218809514451  
0.1675000000000001 0.1667524269740593 0.9862111662707659  
0.1700000000000001 0.1692179548897362 0.9857942852033308  
0.1725000000000001 0.1716824406027446 0.9853712403161065  
0.1750000000000001 0.1741458687035348 0.9849420342145996  
0.1775000000000001 0.1766082237890713 0.9845066695428407  
0.1800000000000001 0.1790694904629284 0.9840651489833681  
0.1825000000000001 0.1815296533353868 0.9836174752572108  
0.1850000000000001 0.1839886970235299 0.9831636511238723  
0.1875000000000001 0.1864466061513396 0.9827036793813134  
0.1900000000000001 0.1889033653497929 0.9822375628659351  
0.1925000000000001 0.1913589592569577 0.9817653044525606  
0.1950000000000001 0.1938133725180891 0.9812869070544182  
0.1975000000000001 0.1962665897857251 0.9808023736231231  
0.2000000000000001 0.198718595719783 0.9803117071486588  
0.2025000000000001 0.2011693749876546 0.9798149106593593  
0.2050000000000001 0.203618912264303 0.9793119872218902  
0.2075000000000001 0.2060671922323577 0.9788029399412294  
0.2100000000000001 0.2085141995822108 0.9782877719606484  
0.2125000000000001 0.2109599190121124 0.9777664864616928  
0.2150000000000001 0.2134043352282667 0.9772390866641626  
0.2175000000000001 0.2158474329449271 0.976705575826092  
0.2200000000000001 0.2182891968844923 0.9761659572437297  
0.2225000000000001 0.2207296117776016 0.9756202342515184  
0.2250000000000001 0.2231686623632304 0.9750684102220745  
0.2275000000000001 0.2256063333887856 0.9745104885661664  
0.2300000000000001 0.228042609610201 0.9739464727326944  
0.2325000000000002 0.2304774757920327 0.973376366208669  
0.2350000000000002 0.2329109167075544 0.9728001725191889  
0.2375000000000002 0.2353429171388524 0.9722178952274201  
0.2400000000000002 0.2377734618769209 0.971629537934573  
0.2425000000000002 0.2402025357217573 0.9710351042798807  
0.2450000000000002 0.242630123482457 0.9704345979405763  
0.2475000000000002 0.2450562099773085 0.9698280226318702  
0.2500000000000002 0.2474807800338882 0.9692153821069269  
0.2525000000000002 0.2499038184891555 0.9685966801568422  
0.2550000000000002 0.2523253101895476 0.9679719206106193  
0.2575000000000002 0.2547452399910741 0.9673411073351454  
0.2600000000000002 0.257163592759412 0.9667042442351678  
0.2625000000000002 0.2595803533699999 0.9660613352532692  
0.2650000000000002 0.2619955067081331 0.9654123843698442  
0.2675000000000002 0.2644090376690577 0.9647573956030739  
0.2700000000000002 0.2668209311580654 0.9640963730089013  
0.2725000000000002 0.2692311720905876 0.9634293206810061  
0.2750000000000002 0.2716397453922901 0.9627562427507796  
0.2775000000000002 0.2740466359991671 0.9620771433872989  
0.2800000000000002 0.2764518288576353 0.961392026797301  
0.2825000000000002 0.2788553089246286 0.9607008972251568  
0.2850000000000002 0.2812570611676914 0.9600037589528453  
0.2875000000000002 0.2836570705650736 0.959300616299926  
0.2900000000000002 0.2860553221058234 0.9585914736235134  
0.2925000000000002 0.2884518007898821 0.9578763353182488  
0.2950000000000002 0.2908464916281778 0.9571552058162741  
0.2975000000000002 0.2932393796427185 0.9564280895872037  
0.3000000000000002 0.2956304498666865 0.9556949911380969  
0.3025000000000002 0.2980196873445317 0.9549559150134301  
0.3050000000000002 0.3004070771320653 0.9542108657950688  
0.3075000000000002 0.302792604296553 0.9534598481022386  
0.3100000000000002 0.3051762539168086 0.9527028665914973  
0.3125000000000002 0.3075580110832873 0.9519399259567053  
0.3150000000000002 0.3099378608981791 0.951171030928997  
0.3175000000000002 0.3123157884755016 0.9503961862767516  
0.3200000000000002 0.3146917789411934 0.9496153968055628  
0.3225000000000002 0.3170658174332073 0.9488286673582098  
0.3250000000000002 0.3194378891016029 0.9480360028146267  
0.3275000000000002 0.3218079791086395 0.9472374080918727  
0.3300000000000002 0.3241760726288692 0.9464328881441011  
0.3325000000000002 0.3265421548492294 0.9456224479625289  
0.3350000000000002 0.3289062109691357 0.9448060925754058  
0.3375000000000002 0.3312682262005743 0.943983827047983  
0.3400000000000002 0.3336281857681943 0.9431556564824816  
0.3425000000000002 0.3359860749094005 0.942321586018061  
0.3450000000000003 0.3383418788744456 0.9414816208307876  
0.3475000000000003 0.3406955829265226 0.9406357661336014  
0.3500000000000003 0.3430471723418566 0.9397840271762852  
0.3525000000000003 0.3453966324097973 0.9389264092454306  
0.3550000000000003 0.3477439484329108 0.9380629176644061  
0.3575000000000003 0.3500891057270719 0.9371935577933238  
0.3600000000000003 0.3524320896215551 0.9363183350290061  
0.3625000000000003 0.3547728854591277 0.9354372548049522  
0.3650000000000003 0.3571114785961401 0.9345503225913044  
0.3675000000000003 0.3594478544026183 0.933657543894814  
0.3700000000000003 0.3617819982623554 0.9327589242588075  
0.3725000000000003 0.3641138955730024 0.9318544692631516  
0.3750000000000003 0.3664435317461603 0.9309441845242191  
0.3775000000000003 0.3687708922074708 0.9300280756948537  
0.3800000000000003 0.3710959623967079 0.929106148464335  
0.3825000000000003 0.3734187277678688 0.9281784085583432  
0.3850000000000003 0.3757391737892646 0.9272448617389235  
0.3875000000000003 0.3780572859436119 0.9263055138044504  
0.3900000000000003 0.3803730497281231 0.9253603705895913  
0.3925000000000003 0.3826864506545971 0.924409437965271  
0.3950000000000003 0.3849974742495103 0.9234527218386345  
0.3975000000000003 0.3873061060541068 0.9224902281530107  
0.4000000000000003 0.3896123316244893 0.9215219628878755  
0.4025000000000003 0.391916136531709 0.9205479320588142  
0.4050000000000003 0.3942175063618561 0.919568141717485  
0.4075000000000003 0.3965164267161498 0.9185825979515804  
0.4100000000000003 0.3988128832110288 0.91759130688479  
0.4125000000000003 0.4011068614782407 0.9165942746767624  
0.4150000000000003 0.4033983471649326 0.9155915075230667  
0.4175000000000003 0.4056873259337403 0.9145830116551544  
0.4200000000000003 0.4079737834628782 0.91356879334032  
0.4225000000000003 0.410257705446229 0.9125488588816628  
0.4250000000000003 0.4125390775934331 0.9115232146180472  
0.4275000000000003 0.4148178856299782 0.9104918669240636  
0.4300000000000003 0.4170941152972884 0.9094548222099886  
0.4325000000000003 0.4193677523528134 0.9084120869217455  
0.4350000000000003 0.4216387825701177 0.9073636675408634  
0.4375000000000003 0.4239071917389699 0.9063095705844381  
0.4400000000000003 0.426172965665431 0.9052498026050907  
0.4425000000000003 0.4284360901719437 0.9041843701909271  
0.4450000000000003 0.4306965510974211 0.9031132799654973  
0.4475000000000003 0.4329543342973348 0.9020365385877537  
0.4500000000000003 0.4352094256438042 0.9009541527520103  
0.4525000000000003 0.4374618110256843 0.8998661291879008  
0.4550000000000003 0.439711476348654 0.8987724746603366  
0.4575000000000004 0.4419584075353049 0.8976731959694649  
0.4600000000000004 0.4442025905252286 0.8965682999506267  
0.4625000000000004 0.4464440112751051 0.8954577934743136  
0.4650000000000004 0.4486826557587909 0.8943416834461259  
0.4675000000000004 0.4509185099674062 0.8932199768067289  
0.4700000000000004 0.4531515599094231 0.8920926805318105  
0.4725000000000004 0.4553817916107526 0.8909598016320369  
0.4750000000000004 0.4576091911148327 0.8898213471530101  
0.4775000000000004 0.4598337444827152 0.888677324175223  
0.4800000000000004 0.4620554377931532 0.8875277398140162  
0.4825000000000004 0.4642742571426883 0.8863726012195333  
0.4850000000000004 0.4664901886457371 0.8852119155766766  
0.4875000000000004 0.4687032184346788 0.8840456901050622  
0.4900000000000004 0.4709133326599415 0.8828739320589755  
0.4925000000000004 0.4731205174900889 0.8816966487273256  
0.4950000000000004 0.4753247591119072 0.8805138474336003  
0.4975000000000004 0.4775260437304912 0.8793255355358205  
0.5000000000000003 0.4797243575693307 0.8781317204264942  
0.5025000000000003 0.481919686870397 0.8769324095325709  
0.5050000000000002 0.4841120178942284 0.8757276103153949  
0.5075000000000002 0.4863013369200169 0.8745173302706594  
0.5100000000000001 0.4884876302456936 0.8733015769283593  
0.5125000000000001 0.4906708841880145 0.8720803578527451  
0.515 0.4928510850826464 0.8708536806422751  
0.5175 0.4950282192842521 0.8696215529295684  
0.5199999999999999 0.497202273166576 0.8683839823813578  
0.5224999999999999 0.4993732331225294 0.8671409766984414  
0.5249999999999998 0.5015410855642755 0.8658925436156351  
0.5274999999999997 0.5037058169233145 0.8646386909017244  
0.5299999999999997 0.5058674136505689 0.8633794263594161  
0.5324999999999996 0.5080258622164674 0.8621147578252897  
0.5349999999999996 0.5101811491110306 0.8608446931697485  
0.5374999999999995 0.512333260843955 0.859569240296971  
0.5399999999999995 0.5144821839446975 0.8582884071448611  
0.5424999999999994 0.5166279049625596 0.8570022016849994  
0.5449999999999994 0.5187704104667721 0.855710631922593  
0.5474999999999993 0.5209096870465786 0.8544137058964261  
0.5499999999999993 0.5230457213113197 0.8531114316788097  
0.5524999999999992 0.5251784998905167 0.8518038173755313  
0.5549999999999992 0.5273080094339555 0.850490871125805  
0.5574999999999991 0.52943423661177 0.8491726011022201  
0.5599999999999991 0.5315571681145256 0.8478490155106907  
0.562499999999999 0.5336767906533023 0.8465201225904044  
0.5649999999999989 0.5357930909597783 0.8451859306137712  
0.5674999999999989 0.5379060557863128 0.8438464478863718  
0.5699999999999988 0.5400156719060287 0.842501682746906  
0.5724999999999988 0.542121926112896 0.8411516435671409  
0.5749999999999987 0.5442248052218138 0.8397963387518587  
0.5774999999999987 0.5463242960686935 0.8384357767388041  
0.5799999999999986 0.5484203855105405 0.8370699659986324  
0.5824999999999986 0.550513060425537 0.835698915034856  
0.5849999999999985 0.5526023077131242 0.8343226323837922  
0.5874999999999985 0.5546881142940837 0.8329411266145094  
0.5899999999999984 0.5567704671106199 0.8315544063287742  
0.5924999999999984 0.5588493531264419 0.8301624801609977  
0.5949999999999983 0.5609247593268444 0.8287653567781816  
0.5974999999999983 0.5629966727187898 0.8273630448798646  
0.5999999999999982 0.5650650803309895 0.8259555531980676  
0.6024999999999981 0.5671299692139846 0.8245428904972401  
0.6049999999999981 0.5691913264402277 0.8231250655742051  
0.607499999999998 0.5712491391041633 0.8217020872581045  
0.609999999999998 0.5733033943223086 0.8202739644103441  
0.6124999999999979 0.5753540792333345 0.8188407059245383  
0.6149999999999979 0.5774011809981459 0.8174023207264549  
0.6174999999999978 0.579444686799962 0.8159588177739595  
0.6199999999999978 0.5814845838443968 0.8145102060569596  
0.6224999999999977 0.5835208593595392 0.8130564945973485  
0.6249999999999977 0.5855535005960326 0.8115976924489496  
0.6274999999999976 0.587582494827155 0.8101338086974595  
0.6299999999999976 0.5896078293488987 0.8086648524603917  
0.6324999999999975 0.5916294914800496 0.8071908328870194  
0.6349999999999975 0.5936474685622671 0.8057117591583193  
0.6374999999999974 0.5956617479601629 0.8042276404869136  
0.6399999999999973 0.5976723170613802 0.8027384861170133  
0.6424999999999973 0.5996791632766728 0.8012443053243599  
0.6449999999999972 0.6016822740399838 0.7997451074161682  
0.6474999999999972 0.6036816368085242 0.7982409017310682  
0.6499999999999971 0.6056772390628519 0.7967316976390469  
0.6524999999999971 0.6076690683069494 0.7952175045413898  
0.654999999999997 0.6096571120683029 0.7936983318706224  
0.657499999999997 0.6116413578979795 0.7921741890904517  
0.6599999999999969 0.6136217933707055 0.7906450856957067  
0.6624999999999969 0.6155984060849448 0.7891110312122799  
0.6649999999999968 0.6175711836629755 0.7875720351970675  
0.6674999999999968 0.6195401137509682 0.7860281072379101  
0.6699999999999967 0.621505184019063 0.7844792569535326  
0.6724999999999967 0.6234663821614468 0.782925493993485  
0.6749999999999966 0.6254236958964305 0.7813668280380813  
0.6774999999999965 0.6273771129665258 0.7798032687983403  
0.6799999999999965 0.6293266211385216 0.778234826015924  
0.6824999999999964 0.6312722082035613 0.7766615094630777  
0.6849999999999964 0.6332138619772191 0.7750833289425687  
0.6874999999999963 0.6351515702995755 0.7735002942876257  
0.6899999999999963 0.6370853210352946 0.7719124153618767  
0.6924999999999962 0.6390151020736993 0.7703197020592885  
0.6949999999999962 0.6409409013288475 0.7687221643041042  
0.6974999999999961 0.6428627067396078 0.7671198120507821  
0.6999999999999961 0.6447805062697347 0.7655126552839331  
0.702499999999996 0.6466942879079446 0.7639007040182587  
0.704999999999996 0.6486040396679902 0.7622839682984889  
0.7074999999999959 0.6505097495887364 0.7606624581993189  
0.7099999999999959 0.6524114057342347 0.759036183825347  
0.7124999999999958 0.6543089961937981 0.7574051553110114  
0.7149999999999958 0.6562025090820757 0.7557693828205269  
0.7174999999999957 0.658091932539127 0.7541288765478217  
0.7199999999999956 0.6599772547304966 0.7524836467164738  
0.7224999999999956 0.6618584638472879 0.7508337035796476  
0.7249999999999955 0.663735548106237 0.7491790574200294  
0.7274999999999955 0.6656084957497871 0.7475197185497638  
0.7299999999999954 0.6674772950461615 0.7458556973103894  
0.7324999999999954 0.6693419342894374 0.7441870040727739  
0.7349999999999953 0.6712024017996194 0.7425136492370503  
0.7374999999999953 0.673058685922712 0.7408356432325512  
0.7399999999999952 0.6749107750307933 0.7391529965177445  
0.7424999999999952 0.6767586575220876 0.7374657195801675  
0.7449999999999951 0.6786023218210381 0.7357738229363623  
0.7474999999999951 0.680441756378379 0.7340773171318097  
0.749999999999995 0.6822769496712086 0.7323762127408637  
0.752499999999995 0.6841078902030607 0.7306705203666857  
0.7549999999999949 0.6859345665039774 0.728960250641178  
0.7574999999999948 0.6877569671305804 0.7272454142249181  
0.7599999999999948 0.6895750806661427 0.7255260218070916  
0.7624999999999947 0.6913888957206604 0.7238020841054262  
0.7649999999999947 0.693198400930924 0.7220736118661246  
0.7674999999999946 0.6950035849605893 0.7203406158637973  
0.7699999999999946 0.6968044365002488 0.7186031069013958  
0.7724999999999945 0.6986009442675023 0.7168610958101452  
0.7749999999999945 0.7003930970070277 0.7151145934494765  
0.7774999999999944 0.7021808834906513 0.7133636107069589  
0.7799999999999944 0.7039642925174188 0.7116081584982322  
0.7824999999999943 0.7057433129136643 0.7098482477669387  
0.7849999999999943 0.7075179335330817 0.7080838894846545  
0.7874999999999942 0.7092881432567933 0.7063150946508218  
0.7899999999999942 0.7110539309934204 0.7045418742926798  
0.7924999999999941 0.7128152856791521 0.7027642394651963  
0.794999999999994 0.7145721962778151 0.7009822012509984  
0.797499999999994 0.7163246517809426 0.6991957707603039  
0.7999999999999939 0.7180726412078434 0.6974049591308515  
0.8024999999999939 0.7198161536056705 0.6956097775278319  
0.8049999999999938 0.7215551780494901 0.6938102371438177  
0.8074999999999938 0.7232897036423497 0.692006349198694  
0.8099999999999937 0.7250197195153464 0.6901981249395881  
0.8124999999999937 0.7267452148276954 0.6883855756407997  
0.8149999999999936 0.7284661787667974 0.6865687126037305  
0.8174999999999936 0.7301826005483067 0.6847475471568135  
0.8199999999999935 0.7318944694161987 0.6829220906554427  
0.8224999999999935 0.7336017746428374 0.6810923544819022  
0.8249999999999934 0.7353045055290421 0.6792583500452951  
0.8274999999999934 0.7370026514041553 0.6774200887814725  
0.8299999999999933 0.7386962016261091 0.6755775821529622  
0.8324999999999932 0.7403851455814915 0.6737308416488968  
0.8349999999999932 0.7420694726856137 0.6718798787849432  
0.8374999999999931 0.7437491723825761 0.6700247051032291  
0.8399999999999931 0.7454242341453342 0.6681653321722727  
0.842499999999993 0.7470946474757649 0.6663017715869094  
0.844999999999993 0.7487604019047323 0.66443403496822  
0.8474999999999929 0.7504214869921528 0.6625621339634581  
0.8499999999999929 0.7520778923270615 0.6606860802459777  
0.8524999999999928 0.7537296075276764 0.6588058855151601  
0.8549999999999928 0.7553766222414643 0.6569215614963408  
0.8574999999999927 0.7570189261452052 0.6550331199407372  
0.8599999999999927 0.758656508945057 0.6531405726253742  
0.8624999999999926 0.7602893603766204 0.6512439313530115  
0.8649999999999926 0.761917470205003 0.6493432079520699  
0.8674999999999925 0.7635408282248832 0.6474384142765574  
0.8699999999999924 0.7651594242605746 0.6455295622059951  
0.8724999999999924 0.7667732481660896 0.6436166636453436  
0.8749999999999923 0.768382289825203 0.6416997305249285  
0.8774999999999923 0.7699865391515153 0.6397787748003655  
0.8799999999999922 0.7715859860885161 0.6378538084524867  
0.8824999999999922 0.7731806206096473 0.6359248434872654  
0.8849999999999921 0.7747704327183654 0.6339918919357413  
0.8874999999999921 0.7763554124482048 0.6320549658539454  
0.889999999999992 0.7779355498628397 0.6301140773228249  
0.892499999999992 0.7795108350561468 0.6281692384481677  
0.8949999999999919 0.7810812581522673 0.6262204613605273  
0.8974999999999919 0.7826468093056685 0.6242677582151467  
0.8999999999999918 0.7842074787012064 0.6223111411918825  
0.9024999999999918 0.7857632565541861 0.6203506224951294  
0.9049999999999917 0.787314133110424 0.618386214353744  
0.9074999999999916 0.7888600986463083 0.6164179290209679  
0.9099999999999916 0.7904011434688608 0.6144457787743521  
0.9124999999999915 0.7919372579157967 0.61246977591568  
0.9149999999999915 0.793468432355586 0.6104899327708905  
0.9174999999999914 0.7949946571875132 0.6085062616900015  
0.9199999999999914 0.7965159228417382 0.6065187750470328  
0.9224999999999913 0.7980322197793558 0.6045274852399284  
0.9249999999999913 0.7995435384924556 0.60253240469048  
0.9274999999999912 0.8010498695041818 0.6005335458442488  
0.9299999999999912 0.8025512033687924 0.5985309211704883  
0.9324999999999911 0.8040475306717186 0.5965245431620664  
0.9349999999999911 0.8055388420296238 0.594514424335387  
0.937499999999991 0.8070251280904622 0.592500577230313  
0.939999999999991 0.808506379533538 0.5904830144100869  
0.9424999999999909 0.8099825870695632 0.588461748461253  
0.9449999999999908 0.8114537414407162 0.5864367919935791  
0.9474999999999908 0.8129198334207002 0.5844081576399773  
0.9499999999999907 0.8143808538148001 0.5823758580564256  
0.9524999999999907 0.8158367934599411 0.5803399059218886  
0.9549999999999906 0.8172876432247458 0.5783003139382387  
0.9574999999999906 0.8187333940095913 0.5762570948301768  
0.9599999999999905 0.8201740367466668 0.5742102613451529  
0.9624999999999905 0.8216095624000297 0.5721598262532862  
0.9649999999999904 0.8230399619656629 0.5701058023472861  
0.9674999999999904 0.8244652264715311 0.568048202442372  
0.9699999999999903 0.825885346977637 0.5659870393761931  
0.9724999999999903 0.8273003145760776 0.563922326008749  
0.9749999999999902 0.8287101203910995 0.5618540752223088  
0.9774999999999902 0.8301147555791553 0.559782299921331  
0.9799999999999901 0.8315142113289586 0.5577070130323831  
0.98249999999999 0.8329084788615396 0.5556282275040607  
0.98499999999999 0.8342975494302998 0.5535459563069068  
0.9874999999999899 0.835681414321067 0.5514602124333311  
0.9899999999999899 0.8370600648521503 0.5493710088975284  
0.9924999999999898 0.8384334923743941 0.5472783587353981  
0.9949999999999898 0.8398016882712326 0.5451822750044621  
0.9974999999999897 0.8411646439587437 0.5430827707837841  
0.9999999999999897 0.8425223508857032 0.5409798591738872  
