0 0 1  
0.03125 0.03121951219512195 0.9990243902439024  
0.0625 0.06237810826888757 0.9970750743604997  
0.09375 0.09344544902134327 0.9941549040785828  
0.125 0.1243913138813367 0.990267675519791  
0.15625 0.1551856302742655 0.9854181245737202  
0.1875 0.1857985028167872 0.9796119213606956  
0.21875 0.2162002423101779 0.9728556637885025  
0.25 0.2463613945042481 0.9651568702102448  
0.28125 0.2762527686039784 0.9565239711913704  
0.3125 0.3058454654913149 0.9469663003947668  
0.34375 0.3351109056348673 0.9364940845936772  
0.375 0.3640208566605871 0.9251184328230339  
0.40625 0.3925474605568569 0.9128513246806321  
0.4375 0.4206632604878065 0.8997055977903882  
0.46875 0.4483412271890793 0.8856949344407294  
0.5 0.475554784920703 0.8708338474119575  
0.53125 0.502277836952178 0.8551376650072019  
0.5625 0.5284847905553763 0.8386225153023464  
0.59375 0.5541505814813468 0.8213053096310543  
0.625 0.5792506978976515 0.8032037253217527  
0.65625 0.603761203763406 0.7843361877041463  
0.6875 0.6276587616197663 0.7647218514035286  
0.71875 0.6509206547741987 0.7443805809418348  
0.75 0.6735248088574811 0.7233329306650385  
0.78125 0.6954498127330165 0.7016001240171317  
0.8125 0.7166749387386899 0.6792040321815476  
0.84375 0.7371801622421736 0.6561671521114797  
0.875 0.7569461804912714 0.6325125839711274  
0.90625 0.775954430741598 0.6082640080104524  
0.9375 0.7941871076446154 0.5834456608965582  
0.96875 0.8116271798797815 0.5580823115253151  
1 0.8282584060153233 0.5321992363373362  
1.03125 0.844065349582913 0.5058221941628702  
1.0625 0.8590333933523071 0.4789774006206106  
1.09375 0.873148752792802 0.4516915020958355  
1.125 0.8863984887091668 0.4239915493236741  
1.15625 0.8987705190405311 0.3959049706036575  
1.1875 0.9102536298115326 0.3674595446720471  
1.21875 0.9208374852258682 0.3386833732587387  
1.25 0.9305126368932377 0.309604853355825  
1.28125 0.9392705321815237 0.2802526492251524  
1.3125 0.9471035216869124 0.2506556641724364  
1.34375 0.954004865815528 0.2208430121157011  
1.375 0.9599687404710274 0.1908439889759815  
1.40625 0.9649902418434766 0.1606880439183729  
1.4375 0.969065390295715 0.1304047504716318  
1.46875 0.972191133344297 0.1000237775546225  
1.5 0.9743653477329834 0.06957486043796679  
1.53125 0.9755868405976488 0.03908777166929027  
1.5625 0.9758553497223509 0.008592291990466804  
1.59375 0.9751715428872022 -0.02188181872475826  
1.625 0.9735370163095637 -0.05230485048443213  
1.65625 0.9709542921809672 -0.08264717211508736  
1.6875 0.9674268153030513 -0.1128792600933077  
1.71875 0.9629589488266719 -0.1429717272441412  
1.75 0.957555969099219 -0.1728953512784918  
1.78125 0.9512240596260376 -0.2026211031418055  
1.8125 0.9439703041527071 -0.2321201751465776  
1.84375 0.9358026788757869 -0.2613640088614459  
1.875 0.9267300437904776 -0.2903243227298983  
1.90625 0.9167621331844803 -0.3189731393919134  
1.9375 0.9059095452881626 -0.3472828126821684  
1.96875 0.8941837310919504 -0.3752260542787919  
2 0.8815969823426691 -0.4027759599770003  
