0 0 1  
0.0625 0.0625 1  
0.125 0.125 0.99609375  
0.1875 0.187255859375 0.98828125  
0.25 0.2490234375 0.9765777587890625  
0.3125 0.3100595474243164 0.9610137939453125  
0.375 0.3701229095458984 0.9416350722312927  
0.4375 0.4289751015603542 0.9185023903846741  
0.5 0.4863815009593964 0.8916914465371519  
0.5625 0.5421122163679684 0.8612926027271897  
0.625 0.5959430040384177 0.8274105892041916  
0.6875 0.6476561658636797 0.7901641514517905  
0.75 0.6970414253294166 0.7496856410853106  
0.8125 0.7438967778972485 0.706120552002222  
0.875 0.7880293123973874 0.659627003383644  
0.9375 0.8292560001088651 0.6103751713588073  
1 0.8674044483187906 0.5585466713520032  
1.0625 0.9023136152782908 0.5043338933320788  
1.125 0.9338344836115458 0.4479392923771856  
1.1875 0.9618306893851198 0.389574637151464  
1.25 0.9861791042070863 0.329460219064894  
1.3125 1.006770367898642 0.2678240250519511  
1.375 1.023509369464389 0.204900877058286  
1.4375 1.036315674280532 0.1409315414667617  
1.5 1.045123895622205 0.07616181182422843  
1.5625 1.049884008861219 0.01084156834784064  
1.625 1.050561606882959 -0.05477618220598554  
1.6875 1.047138095495085 -0.1204362826361705  
1.75 1.039610827830324 -0.1858824136046133  
1.8125 1.027993176980036 -0.2508580903440085  
1.875 1.012314546333535 -0.3151076639052608  
1.9375 0.9926203173394567 -0.3783773230511068  
2 0.9689717346487625 -0.4404160928848228  
