0 0 1  
0.0625 0.0622568093385214 0.9961089494163424  
0.125 0.1240291298884162 0.9883571287983164  
0.1875 0.1850784875961385 0.9767897233235577  
0.25 0.2451701494077369 0.9614665889855741  
0.3125 0.304074022070622 0.9424619626061602  
0.375 0.3615655293843493 0.9198641170196384  
0.4375 0.4174264645708469 0.8937749629839605  
0.5 0.4714458145442808 0.864309599574943  
0.5625 0.5234205529826264 0.8315958150135289  
0.625 0.5731563992364546 0.7957735400612505  
0.6875 0.6204685402549119 0.7569942562953185  
0.75 0.6651823128637453 0.7154203617413344  
0.8125 0.7071338438948643 0.6712244964979054  
0.875 0.7461706458406683 0.6245888311328636  
0.9375 0.7821521658884704 0.5757043207648341  
1 0.8149502863801003 0.5247699278660779  
1.0625 0.8444497749383771 0.4719918169324293  
1.125 0.8705486827048382 0.4175825242633769  
1.1875 0.8931586893410608 0.3617601061795607  
1.25 0.9122053936583056 0.3047472690759166  
1.3125 0.9276285489561902 0.2467704847661547  
1.375 0.9393822423698177 0.1880590946180411  
1.4375 0.9474350177453774 0.128844406008955  
1.5 0.9517699417858362 0.06935878464734026  
1.5625 0.9523846134300837 0.009834746307960027  
1.625 0.9492911166499175 -0.04949594848265982  
1.6875 0.9425159170687016 -0.1084031932994537  
1.75 0.932099703022554 -0.1666594247383633  
1.8125 0.918097171898677 -0.2240404979820306  
1.875 0.9005767627951317 -0.2803265456567263  
1.9375 0.879620336751152 -0.3353028167036733  
2 0.8553228059962495 -0.3887604920784389  
