0 0 1  
0.005 0.004999979166666666 0.9999875000260416  
0.01 0.009999833334114583 0.9999500004166656  
0.015 0.01499943750624997 0.9998875021093601  
0.02 0.01999866669333744 0.99980000666658  
0.025 0.02499739591479919 0.9996875162757052  
0.03 0.02999550020266501 0.9995500337489898  
0.035 0.03499285460458804 0.9993875625234896  
0.04 0.03998933418696848 0.9992001066609769  
0.045 0.04498481403807703 0.9989876708478386  
0.05 0.04997916927117756 0.9987502603949587  
0.05499999999999999 0.05497227502764938 0.9984878812375864  
0.05999999999999999 0.05996400648010863 0.9982005399351868  
0.06499999999999999 0.06495423883552896 0.9978882436712776  
0.06999999999999999 0.06994284733836142 0.9975510002532491  
0.075 0.07492970727365324 0.9971888181121691  
0.08 0.07991469397016576 0.9968017063025724  
0.08500000000000001 0.08489768280349121 0.996389674502234  
0.09000000000000001 0.08987854919916827 0.9959527330119275  
0.09500000000000001 0.09485716863579648 0.9954908927551674  
0.1 0.09983341664814921 0.9950041652779361  
0.105 0.1048071688302853 0.994492562748395  
0.11 0.1097783008386593 0.9939560979565809  
0.115 0.1147466883952299 0.9933947843140856  
0.12 0.119712207290567 0.9928086358537208  
0.125 0.1246747333869567 0.9921976672291676  
0.13 0.1296341426215051 0.9915618937146098  
0.135 0.1345903110092397 0.9909013312043521  
0.14 0.1395431146462088 0.9902159962124228  
0.145 0.1444924297125796 0.9895059058721611  
0.15 0.1494381324757331 0.9887710779357886  
0.1550000000000001 0.1543800992933578 0.9880115307739652  
0.1600000000000001 0.1593182066165408 0.9872272833753306  
0.1650000000000001 0.164252330992856 0.9864183553460288  
0.1700000000000001 0.1691823490694511 0.9855847669092185  
0.1750000000000001 0.1741081375961309 0.9847265389045671  
0.1800000000000001 0.1790295734284388 0.9838436927877301  
0.1850000000000001 0.1839465335307354 0.9829362506298144  
0.1900000000000001 0.1888588949792741 0.9820042351168267  
0.1950000000000001 0.1937665349652745 0.9810476695491063  
0.2000000000000001 0.1986693307979927 0.9800665778407425  
0.2050000000000001 0.2035671599077882 0.9790609845189769  
0.2100000000000001 0.2084598998491883 0.9780309147235904  
0.2150000000000001 0.2133474283039492 0.9769763942062739  
0.2200000000000001 0.2182296230841143 0.9758974493299857  
0.2250000000000001 0.2231063621350682 0.9747941070682913  
0.2300000000000001 0.2279775235385887 0.9736663950046899  
0.2350000000000001 0.2328429855158944 0.9725143413319243  
0.2400000000000001 0.2377026264306893 0.9713379748512764  
0.2450000000000001 0.2425563247922035 0.9701373249718468  
0.2500000000000001 0.2474039592582309 0.9689124217098201  
0.2550000000000001 0.2522454086381623 0.9676632956877139  
0.2600000000000001 0.2570805518960153 0.9663899781336139  
0.2650000000000001 0.2619092681534603 0.9650925008803926  
0.2700000000000001 0.2667314366928424 0.9637708963649135  
0.2750000000000001 0.2715469369601993 0.962425197627221  
0.2800000000000001 0.2763556485682749 0.9610554383097132  
0.2850000000000001 0.2811574512995297 0.9596616526563018  
0.2900000000000001 0.2859522251091454 0.9582438755115555  
0.2950000000000002 0.2907398501280265 0.9568021423198292  
0.3000000000000002 0.2955202066657969 0.9553364891243774  
0.3050000000000002 0.300293175213792 0.9538469525664538  
0.3100000000000002 0.3050586364480469 0.9523335698843948  
0.3150000000000002 0.3098164712322787 0.9507963789126885  
0.3200000000000002 0.3145665606208658 0.9492354180810293  
0.3250000000000002 0.3193087858618208 0.9476507264133565  
0.3300000000000002 0.3240430283997596 0.9460423435268793  
0.3350000000000002 0.3287691698788655 0.9444103096310862  
0.3400000000000002 0.3334870921458475 0.9427546655267395  
0.3450000000000002 0.3381966772528947 0.9410754526048556  
0.3500000000000002 0.3428978074606248 0.9393727128456701  
0.3550000000000002 0.3475903652410273 0.9376464888175884  
0.3600000000000002 0.3522742332804021 0.9358968236761211  
0.3650000000000002 0.3569492944822923 0.9341237611628057  
0.3700000000000002 0.3616154319704113 0.9323273456041127  
0.3750000000000002 0.3662725290915648 0.9305076219103374  
0.3800000000000002 0.3709204694185675 0.9286646355744775  
0.3850000000000002 0.3755591367531532 0.9267984326710955  
0.3900000000000002 0.3801884151288801 0.9249090598551666  
0.3950000000000002 0.38480818881403 0.9229965643609128  
0.4000000000000002 0.3894183423145012 0.921060994000622  
0.4050000000000002 0.3940187603766965 0.9191023971634523  
0.4100000000000003 0.3986093279904039 0.9171208228142226  
0.4150000000000003 0.4031899303916722 0.9151163204921884  
0.4200000000000003 0.4077604530656798 0.9130889403098034  
0.4250000000000003 0.4123207817495979 0.9110387329514665  
0.4300000000000003 0.416870802435447 0.9089657496722551  
0.4350000000000003 0.4214104013729469 0.9068700422966429  
0.4400000000000003 0.4259394650723606 0.9047516632172055  
0.4450000000000003 0.4304578803073315 0.9026106653933093  
0.4500000000000003 0.434965534117714 0.9004471023497883  
0.4550000000000003 0.4394623138123976 0.8982610281756062  
0.4600000000000003 0.4439481069721243 0.8960524975225033  
0.4650000000000003 0.4484228014522986 0.8938215656036309  
0.4700000000000003 0.4528862853857916 0.8915682881921709  
0.4750000000000003 0.4573384471857374 0.8892927216199412  
0.4800000000000003 0.4617791755483228 0.8869949227759875  
0.4850000000000003 0.4662083594555702 0.8846749491051612  
0.4900000000000003 0.4706258881781125 0.8823328586066833  
0.4950000000000003 0.4750316512779618 0.8799687098326944  
0.5000000000000003 0.4794255386112699 0.8775825618867905  
0.5050000000000003 0.4838074403310824 0.8751744744225461  
0.5100000000000003 0.4881772468900846 0.8727445076420225  
0.5150000000000003 0.49253484904334 0.8702927222942625  
0.5200000000000004 0.4968801378510218 0.867819179673772  
0.5250000000000004 0.5012130046811361 0.8653239416189878  
0.5300000000000004 0.5055333412122377 0.8628070705107315  
0.5350000000000004 0.5098410394361385 0.8602686292706494  
0.5400000000000004 0.5141359916606072 0.8577086813596404  
0.5450000000000004 0.5184180905120619 0.855127290776269  
0.5500000000000004 0.5226872289382543 0.8525245220551654  
0.5550000000000004 0.526943300210946 0.8499004402654119  
0.5600000000000004 0.5311861979285771 0.8472551110089167  
0.5650000000000004 0.5354158160189255 0.8445886004187734  
0.5700000000000004 0.5396320487417592 0.8419009751576079  
0.5750000000000004 0.5438347906914797 0.8391923024159117  
0.5800000000000004 0.5480239367997571 0.8364626499103622  
0.5850000000000004 0.5521993823381571 0.8337120858821301  
0.5900000000000004 0.5563610229207586 0.8309406790951727  
0.5950000000000004 0.5605087545067637 0.8281484988345152  
0.6000000000000004 0.5646424734030988 0.825335614904519  
0.6050000000000004 0.5687620762670068 0.8225020976271357  
0.6100000000000004 0.5728674601086308 0.8196480178401495  
0.6150000000000004 0.5769585222935883 0.8167734468954067  
0.6200000000000004 0.5810351605455381 0.813878456657031  
0.6250000000000004 0.5850972729487358 0.8109631194996276  
0.6300000000000004 0.5891447579505832 0.8080275083064737  
0.6350000000000005 0.593177514364166 0.8050716964676963  
0.6400000000000005 0.5971954413707838 0.8020957578784372  
0.6450000000000005 0.6011984385224708 0.7990997669370064  
0.6500000000000005 0.6051864057445067 0.7960837985430211  
0.6550000000000005 0.6091592433379185 0.7930479280955343  
0.6600000000000005 0.6131168519819734 0.7899922314911489  
0.6650000000000005 0.6170591327366615 0.786916785122121  
0.6700000000000005 0.6209859870451691 0.7838216658744497  
0.6750000000000005 0.6248973167363431 0.7807069511259548  
0.6800000000000005 0.6287930240271449 0.7775727187443429  
0.6850000000000005 0.6326730115250951 0.7744190470852602  
0.6900000000000005 0.6365371822307084 0.7712460149903341  
0.6950000000000005 0.6403854395399184 0.7680537017852015  
0.7000000000000005 0.6442176872464928 0.7648421872775264  
0.7050000000000005 0.6480338295444384 0.7616115517550043  
0.7100000000000005 0.6518337710303967 0.7583618759833548  
0.7150000000000005 0.6556174167060284 0.7550932412043031  
0.7200000000000005 0.6593846719803885 0.7518057291335484  
0.7250000000000005 0.6631354426722916 0.7484994219587212  
0.7300000000000005 0.6668696350126656 0.7451744023373288  
0.7350000000000005 0.6705871556468965 0.7418307533946884  
0.7400000000000005 0.6742879116371621 0.7384685587218496  
0.7450000000000006 0.6779718104647553 0.7350879023735039  
0.7500000000000006 0.6816387600323974 0.731688868865884  
0.7550000000000006 0.6852886686665401 0.7282715431746507  
0.7600000000000006 0.6889214451196578 0.7248360107327682  
0.7650000000000006 0.6925369985725282 0.7213823574283685  
0.7700000000000006 0.6961352386365033 0.7179106696026045  
0.7750000000000006 0.699716075355769 0.714421034047491  
0.7800000000000006 0.7032794192095937 0.7109135380037351  
0.7850000000000006 0.7068251811145667 0.7073882691585552  
0.7900000000000006 0.7103532724268251 0.7038453156434888  
0.7950000000000006 0.7138636049442698 0.7002847660321894  
0.8000000000000006 0.7173560909087706 0.6967067093382117  
0.8050000000000006 0.7208306430083604 0.6931112350127867  
0.8100000000000006 0.7242871743794177 0.6894984329425853  
0.8150000000000006 0.7277255986088381 0.6858683934474711  
0.8200000000000006 0.7311458297361951 0.6822212072782424  
0.8250000000000006 0.7345477822558886 0.6785569656143635  
0.8300000000000006 0.7379313711192828 0.6748757600616851  
0.8350000000000006 0.7412965117368322 0.6711776826501544  
0.8400000000000006 0.7446431199801968 0.6674628258315141  
0.8450000000000006 0.7479711121843449 0.663731282476991  
0.8500000000000006 0.7512804051496444 0.6599831458749748  
0.8550000000000006 0.7545709161439439 0.6562185097286851  
0.8600000000000007 0.7578425629046396 0.6524374681538297  
0.8650000000000007 0.761095263640733 0.648640115676251  
0.8700000000000007 0.7643289370348751 0.6448265472295631  
0.8750000000000007 0.7675435022453996 0.6409968581527786  
0.8800000000000007 0.7707388789083435 0.6371511441879251  
0.8850000000000007 0.7739149871394566 0.6332895014776512  
0.8900000000000007 0.7770717475361987 0.6294120265628236  
0.8950000000000007 0.7802090811797242 0.6255188163801132  
0.9000000000000007 0.7833269096368555 0.6216099682595719  
0.9050000000000007 0.7864251549620435 0.6176855799221991  
0.9100000000000007 0.7895037396993163 0.6137457494774987  
0.9150000000000007 0.792562586884216 0.6097905754210269  
0.9200000000000007 0.7956016200457222 0.6058201566319289  
0.9250000000000007 0.7986207632081642 0.6018345923704677  
0.9300000000000007 0.8016199408931202 0.5978339822755422  
0.9350000000000007 0.8045990781213042 0.5938184263621964  
0.9400000000000007 0.8075581004144406 0.5897880250191191  
0.9450000000000007 0.8104969337971264 0.5857428790061339  
0.9500000000000007 0.8134155047986799 0.5816830894516805  
0.9550000000000007 0.8163137404549781 0.5776087578502862  
0.9600000000000007 0.8191915683102806 0.573519986060029  
0.9650000000000007 0.8220489164190409 0.5694168762999906  
0.9700000000000008 0.824885713347705 0.5652995311477013  
0.9750000000000008 0.8277018881764976 0.5611680535365754  
0.9800000000000008 0.8304973705011945 0.5570225467533382  
0.9850000000000008 0.8332720904348833 0.5528631144354432  
0.9900000000000008 0.8360259786097101 0.5486898605684818  
0.9950000000000008 0.8387589661786139 0.5445028894835833  
1.000000000000001 0.8414709848170479 0.5403023058548067  
