0 0 1  
0.00125 0.001249999674479167 0.9999992187501017  
0.0025 0.002499997395834097 0.9999968750016276  
0.00375 0.003749991210943604 0.9999929687582397  
0.005 0.004999979166692713 0.9999875000260416  
0.00625 0.006249959309975392 0.9999804688135782  
0.007500000000000001 0.00749992968769792 0.9999718751318356  
0.008750000000000001 0.008749888346781837 0.9999617189942417  
0.01 0.009999833334166992 0.9999500004166653  
0.01125 0.0112497626968146 0.9999367194174166  
0.0125 0.01249967448171028 0.9999218760172472  
0.01375 0.01374956673586712 0.9999054702393501  
0.015 0.01499943750632874 0.9998875021093591  
0.01625 0.01624928484017231 0.9998679716553495  
0.0175 0.01749910678451162 0.9998468789078376  
0.01875 0.01874890138650014 0.9998242238997809  
0.02 0.01999866669333406 0.9998000066665776  
0.02125 0.02124840075225533 0.9997742272460675  
0.0225 0.02249810161055476 0.9997468856785307  
0.02375 0.02374776731557499 0.9997179820066883  
0.025 0.02499739591471363 0.9996875162757024  
0.02625000000000001 0.02624698545542624 0.9996554885331758  
0.02750000000000001 0.02749653398522941 0.9996218988291516  
0.02875000000000001 0.02874603955170382 0.9995867472161141  
0.03000000000000001 0.02999550020249728 0.9995500337489873  
0.03125000000000001 0.03124491398532778 0.9995117584851362  
0.03250000000000001 0.03249427894798653 0.9994719214843657  
0.03375000000000001 0.03374359313834104 0.9994305228089213  
0.03500000000000001 0.03499285460433813 0.9993875625234884  
0.03625000000000001 0.03624206139400703 0.9993430406951923  
0.03750000000000001 0.03749121155546237 0.9992969573935985  
0.03875000000000001 0.03874030313690728 0.999249312690712  
0.04000000000000001 0.03998933418663642 0.9992001066609778  
0.04125000000000002 0.04123830275303903 0.9991493393812801  
0.04250000000000002 0.04248720688460198 0.9990970109309431  
0.04375000000000002 0.04373604462991282 0.9990431213917296  
0.04500000000000002 0.04498481403766282 0.9989876708478422  
0.04625000000000002 0.04623351315665004 0.9989306593859224  
0.04750000000000002 0.04748214003578236 0.9988720870950505  
0.04875000000000002 0.04873069272408053 0.9988119540667457  
0.05000000000000002 0.04997916927068124 0.9987502603949659  
0.05125000000000002 0.05122756772484013 0.9986870061761075  
0.05250000000000003 0.05247588613593487 0.9986221915090051  
0.05375000000000003 0.05372412255346819 0.9985558164949316  
0.05500000000000003 0.05497227502707096 0.998487881237598  
0.05625000000000003 0.05622034160650519 0.9984183858431531  
0.05750000000000003 0.05746832034166709 0.9983473304201835  
0.05875000000000003 0.05871620928259014 0.9982747150797132  
0.06000000000000003 0.05996400647944815 0.9982005399352037  
0.06125000000000003 0.06121170998255823 0.9981248051025536  
0.06250000000000003 0.06245931784238391 0.9980475107000987  
0.06375000000000003 0.06370682810953816 0.9979686568486112  
0.06500000000000003 0.06495423883478646 0.9978882436713006  
0.06625000000000003 0.06620154806904979 0.9978062712938122  
0.06750000000000003 0.06744875386340773 0.9977227398442279  
0.06875000000000003 0.06869585426910149 0.9976376494530655  
0.07000000000000003 0.06994284733753693 0.9975510002532789  
0.07125000000000004 0.07118973112028763 0.9974627923802574  
0.07250000000000004 0.07243650366909794 0.9973730259718256  
0.07375000000000004 0.07368316303588601 0.9972817011682438  
0.07500000000000004 0.07492970727274682 0.9971888181122067  
0.07625000000000004 0.07617613443195527 0.9970943769488443  
0.07750000000000004 0.07742244256596917 0.9969983778257206  
0.07875000000000004 0.0786686297274323 0.9969008208928345  
0.08000000000000004 0.07991469396917748 0.9968017063026186  
0.08125000000000004 0.08116063334422961 0.9967010342099393  
0.08250000000000005 0.08240644590580865 0.9965988047720968  
0.08375000000000005 0.08365212970733271 0.9964950181488247  
0.08500000000000005 0.08489768280242113 0.9963896745022894  
0.08625000000000005 0.08614310324489745 0.9962827739970905  
0.08750000000000005 0.08738838908879247 0.9961743168002599  
0.08875000000000005 0.08863353838834732 0.996064303081262  
0.09000000000000005 0.08987854919801648 0.9959527330119932  
0.09125000000000005 0.09112341957247079 0.9958396067667816  
0.09250000000000005 0.09236814756660056 0.9957249245223871  
0.09375000000000006 0.09361273123551855 0.9956086864580006  
0.09500000000000006 0.09485716863456303 0.9954908927552441  
0.09625000000000006 0.09610145781930082 0.9953715435981701  
0.09750000000000006 0.09734559684553032 0.9952506391732618  
0.09875000000000006 0.09858958376928455 0.9951281796694323  
0.1000000000000001 0.09983341664683419 0.9950041652780246  
0.1012500000000001 0.1010770935346906 0.994878596192811  
0.1025000000000001 0.102320612489609 0.9947514726099933  
0.1037500000000001 0.1035639715685912 0.994622794728202  
0.1050000000000001 0.1048071688288888 0.9944925627484963  
0.1062500000000001 0.1060502023280065 0.9943607768743636  
0.1075000000000001 0.1072930701237047 0.9942274373117194  
0.1087500000000001 0.1085357702740025 0.9940925442689066  
0.1100000000000001 0.1097783008371815 0.9939560979566956  
0.1112500000000001 0.1110206598717877 0.9938180985882838  
0.1125000000000001 0.1122628454366354 0.9936785463792952  
0.1137500000000001 0.11350485559081 0.99353744154778  
0.1150000000000001 0.1147466883936708 0.9933947843142146  
0.1162500000000001 0.1159883419048543 0.9932505749015007  
0.1175000000000001 0.1172298141842772 0.9931048135349656  
0.1187500000000001 0.1184711032921393 0.9929575004423614  
0.1200000000000001 0.1197122072889266 0.9928086358538648  
0.1212500000000001 0.1209531242354144 0.9926582200020767  
0.1225000000000001 0.1221938521926702 0.9925062531220218  
0.1237500000000001 0.1234343892220568 0.9923527354511483  
0.1250000000000001 0.1246747333852353 0.9921976672293276  
0.1262500000000001 0.1259148827441683 0.9920410486988537  
0.1275000000000001 0.1271548353611226 0.991882880104443  
0.1287500000000001 0.1283945892986725 0.9917231616932339  
0.1300000000000001 0.1296341426197028 0.9915618937147865  
0.1312500000000001 0.1308734933874116 0.9913990764210819  
0.1325000000000001 0.1321126396653136 0.9912347100665221  
0.1337500000000001 0.133351579517243 0.9910687949079294  
0.1350000000000001 0.1345903110073566 0.9909013312045464  
0.1362500000000001 0.1358288322001365 0.990732319218035  
0.1375000000000001 0.1370671411603938 0.9905617592124762  
0.1387500000000001 0.138305235953271 0.9903896514543703  
0.1400000000000001 0.139543114644245 0.9902159962126355  
0.1412500000000001 0.1407807752991309 0.990040793758608  
0.1425000000000001 0.142018215984084 0.9898640443660417  
0.1437500000000001 0.1432554347656035 0.9896857483111074  
0.1450000000000001 0.1444924297105353 0.9895059058723928  
0.1462500000000001 0.1457291988860751 0.9893245173309017  
0.1475000000000001 0.1469657403597713 0.9891415829700534  
0.1487500000000001 0.148202052199528 0.988957103075683  
0.1500000000000001 0.1494381324736084 0.9887710779360402  
0.1512500000000001 0.1506739792506372 0.9885835078417894  
0.1525000000000001 0.151909590599604 0.9883943930860086  
0.1537500000000001 0.1531449645898665 0.9882037339641898  
0.1550000000000001 0.1543800992911529 0.9880115307742378  
0.1562500000000001 0.1556149927735656 0.9878177838164698  
0.1575000000000001 0.1568496431075838 0.9876224933936156  
0.1587500000000001 0.1580840483640665 0.9874256598108164  
0.1600000000000001 0.1593182066142558 0.9872272833756247  
0.1612500000000001 0.1605521159297797 0.9870273643980035  
0.1625000000000001 0.1617857743826551 0.9868259031903264  
0.1637500000000001 0.163019180045291 0.9866229000673762  
0.1650000000000001 0.1642523309904911 0.9864183553463454  
0.1662500000000001 0.1654852252914576 0.986212269346835  
0.1675000000000001 0.1667178610217931 0.9860046423908545  
0.1687500000000001 0.1679502362555048 0.9857954748028208  
0.1700000000000001 0.1691823490670065 0.9855847669095583  
0.1712500000000001 0.1704141975311222 0.985372519040298  
0.1725000000000001 0.1716457797230889 0.9851587315266772  
0.1737500000000001 0.1728770937185597 0.9849434047027388  
0.1750000000000001 0.1741081375936067 0.9847265389049309  
0.1762500000000001 0.1753389094247242 0.9845081344721064  
0.1775000000000001 0.1765694072888314 0.9842881917455221  
0.1787500000000001 0.1777996292632756 0.9840667110688384  
0.1800000000000001 0.1790295734258353 0.9838436927881188  
0.1812500000000001 0.1802592378547229 0.9836191372518294  
0.1825000000000001 0.181488620628588 0.9833930448108381  
0.1837500000000001 0.1827177198265203 0.9831654158184144  
0.1850000000000001 0.1839465335280526 0.9829362506302286  
0.1862500000000001 0.1851750598131637 0.9827055496043511  
0.1875000000000001 0.1864032967622814 0.9824733131012523  
0.1887500000000001 0.1876312424562859 0.9822395414838017  
0.1900000000000001 0.1888588949765123 0.9820042351172673  
0.1912500000000001 0.1900862524047536 0.9817673943693154  
0.1925000000000001 0.1913133128232643 0.9815290196100095  
0.1937500000000001 0.1925400743147626 0.9812891112118102  
0.1950000000000001 0.1937665349624339 0.9810476695495742  
0.1962500000000001 0.1949926928499338 0.9808046950005542  
0.1975000000000001 0.1962185460613908 0.9805601879443978  
0.1987500000000001 0.1974440926814094 0.9803141487631472  
0.2000000000000001 0.1986693307950735 0.9800665778412385  
0.2012500000000002 0.1998942584879486 0.9798174755655015  
0.2025000000000002 0.2011188738460854 0.9795668423251581  
0.2037500000000002 0.2023431749560228 0.979314678511823  
0.2050000000000002 0.2035671599047905 0.9790609845195019  
0.2062500000000002 0.2047908267799123 0.9788057607445916  
0.2075000000000002 0.2060141736694089 0.9785490075858794  
0.2087500000000002 0.207237198661801 0.9782907254445419  
0.2100000000000002 0.2084598998461124 0.9780309147241449  
0.2112500000000002 0.2096822753118727 0.9777695758306427  
0.2125000000000002 0.2109043231491205 0.9775067091723771  
0.2137500000000002 0.2121260414484062 0.9772423151600773  
0.2150000000000002 0.2133474283007954 0.9769763942068589  
0.2162500000000002 0.2145684817978713 0.9767089467282233  
0.2175000000000002 0.215789200031738 0.9764399731420571  
0.2187500000000002 0.2170095810950235 0.9761694738686316  
0.2200000000000002 0.2182296230808827 0.9758974493306019  
0.2212500000000002 0.2194493240830003 0.975623899953006  
0.2225000000000002 0.2206686821955936 0.975348826163265  
0.2237500000000002 0.2218876955134159 0.9750722283911816  
0.2250000000000002 0.2231063621317592 0.9747941070689397  
0.2262500000000002 0.2243246801464569 0.9745144626311038  
0.2275000000000002 0.2255426476538876 0.9742332955146182  
0.2287500000000002 0.2267602627509772 0.9739506061588067  
0.2300000000000002 0.2279775235352024 0.9736663950053711  
0.2312500000000002 0.2291944281045935 0.9733806624983915  
0.2325000000000002 0.2304109745577372 0.9730934090843247  
0.2337500000000002 0.2316271609937801 0.9728046352120042  
0.2350000000000002 0.2328429855124311 0.9725143413326391  
0.2362500000000002 0.2340584462139645 0.9722225278998136  
0.2375000000000002 0.2352735411992234 0.971929195369486  
0.2387500000000002 0.236488268569622 0.9716343441999883  
0.2400000000000002 0.2377026264271491 0.9713379748520256  
0.2412500000000002 0.2389166128743708 0.9710400877886747  
0.2425000000000002 0.2401302260144335 0.9707406834753842  
0.2437500000000002 0.2413434639510668 0.9704397623799733  
0.2450000000000002 0.2425563247885869 0.9701373249726312  
0.2462500000000002 0.2437688066318988 0.9698333717259161  
0.2475000000000002 0.2449809075864999 0.969527903114755  
0.2487500000000002 0.2461926257584828 0.9692209196164425  
0.2500000000000002 0.247403959254538 0.9689124217106404  
0.2512500000000001 0.2486149061819573 0.9686024098793764  
0.2525000000000001 0.2498254646486361 0.968290884607044  
0.2537500000000001 0.2510356327630773 0.9679778463804015  
0.2550000000000001 0.2522454086343934 0.967663295688571  
0.25625 0.2534547903723098 0.9673472330230378  
0.2575 0.2546637760871678 0.9670296588776498  
0.25875 0.2558723638899275 0.9667105737486166  
0.26 0.2570805518921707 0.9663899781345086  
0.2612499999999999 0.2582883382061039 0.9660678725362563  
0.2624999999999999 0.2594957209445611 0.9657442574571496  
0.2637499999999999 0.2607026982210072 0.9654191334028372  
0.2649999999999998 0.2619092681495404 0.9650925008813254  
0.2662499999999998 0.2631154288448953 0.9647643604029772  
0.2674999999999998 0.2643211784224462 0.9644347124805122  
0.2687499999999998 0.2655265149982096 0.9641035576290051  
0.2699999999999997 0.2667314366888474 0.9637708963658854  
0.2712499999999997 0.2679359416116695 0.9634367292109363  
0.2724999999999997 0.2691400278846374 0.9631010566862936  
0.2737499999999997 0.2703436936263665 0.9627638793164459  
0.2749999999999996 0.2715469369561293 0.9624251976282326  
0.2762499999999996 0.2727497559938584 0.9620850121508439  
0.2774999999999996 0.2739521488601492 0.9617433234158194  
0.2787499999999996 0.2751541136762631 0.9614001319570477  
0.2799999999999995 0.2763556485641305 0.9610554383107655  
0.2812499999999995 0.2775567516463531 0.9607092430155564  
0.2824999999999995 0.2787574210462078 0.9603615466123505  
0.2837499999999994 0.2799576548876488 0.9600123496444235  
0.2849999999999994 0.2811574512953111 0.9596616526573954  
0.2862499999999994 0.2823568083945128 0.9593094561992304  
0.2874999999999994 0.2835557243112589 0.9589557608202351  
0.2887499999999993 0.2847541971722435 0.9586005670730587  
0.2899999999999993 0.2859522251048529 0.9582438755126913  
0.2912499999999993 0.2871498062371687 0.9578856866964633  
0.2924999999999993 0.2883469386979707 0.9575260011840449  
0.2937499999999992 0.2895436206167397 0.9571648195374443  
0.2949999999999992 0.2907398501236603 0.9568021423210079  
0.2962499999999992 0.2919356253496243 0.9564379701014188  
0.2974999999999992 0.2931309444262331 0.9560723034476961  
0.2987499999999991 0.2943258054858008 0.9557051429311937  
0.2999999999999991 0.2955202066613574 0.9553364891255999  
0.3012499999999991 0.2967141460866512 0.9549663426069361  
0.302499999999999 0.2979076218961521 0.9545947039535564  
0.303749999999999 0.2991006322250544 0.9542215737461459  
0.304999999999999 0.3002931752092797 0.9538469525677207  
0.306249999999999 0.3014852489854798 0.9534708410036261  
0.3074999999999989 0.3026768516910397 0.9530932396415365  
0.3087499999999989 0.3038679814640804 0.9527141490714538  
0.3099999999999989 0.3050586364434619 0.9523335698857069  
0.3112499999999989 0.3062488147687861 0.9519515026789509  
0.3124999999999988 0.3074385145803994 0.9515679480481656  
0.3137499999999988 0.3086277340193963 0.951182906592655  
0.3149999999999988 0.3098164712276216 0.9507963789140464  
0.3162499999999988 0.3110047243476736 0.9504083656162893  
0.3174999999999987 0.3121924915229071 0.9500188673056542  
0.3187499999999987 0.3133797708974361 0.9496278845907322  
0.3199999999999987 0.3145665606161368 0.9492354180824338  
0.3212499999999986 0.3157528588246505 0.9488414683939878  
0.3224999999999986 0.3169386636693866 0.9484460361409404  
0.3237499999999986 0.3181239732975252 0.9480491219411544  
0.3249999999999986 0.3193087858570202 0.9476507264148084  
0.3262499999999985 0.3204930994966023 0.9472508501843951  
0.3274999999999985 0.3216769123657817 0.9468494938747212  
0.3287499999999985 0.3228602226148509 0.9464466581129056  
0.3299999999999985 0.3240430283948879 0.9460423435283793  
0.3312499999999984 0.325225327857759 0.9456365507528838  
0.3324999999999984 0.3264071191561215 0.9452292804204701  
0.3337499999999984 0.3275884004434267 0.944820533167498  
0.3349999999999984 0.3287691698739229 0.9444103096326352  
0.3362499999999983 0.3299494256026581 0.9439986104568556  
0.3374999999999983 0.3311291657854828 0.9435854362834393  
0.3387499999999983 0.3323083885790534 0.9431707877579707  
0.3399999999999982 0.3334870921408344 0.9427546655283382  
0.3412499999999982 0.3346652746291019 0.9423370702447326  
0.3424999999999982 0.3358429342029458 0.9419180025596464  
0.3437499999999982 0.3370200690222733 0.9414974631278729  
0.3449999999999981 0.3381966772478116 0.9410754526065047  
0.3462499999999981 0.3393727570411105 0.9406519716549333  
0.3474999999999981 0.3405483065645455 0.9402270209348477  
0.3487499999999981 0.3417233239813208 0.9398006011102331  
0.349999999999998 0.3428978074554719 0.9393727128473705  
0.351249999999998 0.3440717551518687 0.9389433568148351  
0.352499999999998 0.345245165236218 0.9385125336834957  
0.353749999999998 0.3464180358750668 0.9380802441265135  
0.3549999999999979 0.3475903652358051 0.9376464888193405  
0.3562499999999979 0.3487621514866684 0.9372112684397197  
0.3574999999999979 0.349933392796741 0.9367745836676825  
0.3587499999999978 0.3511040873359585 0.936336435185549  
0.3599999999999978 0.352274233275111 0.9358968236779259  
0.3612499999999978 0.3534438287858457 0.9354557498317063  
0.3624999999999978 0.3546128720406698 0.9350132143360679  
0.3637499999999977 0.3557813612129535 0.9345692178824723  
0.3649999999999977 0.3569492944769327 0.9341237611646639  
0.3662499999999977 0.3581166700077119 0.9336768448786688  
0.3674999999999977 0.359283485981267 0.9332284697227934  
0.3687499999999976 0.3604497405744485 0.932778636397624  
0.3699999999999976 0.3616154319649835 0.932327345606025  
0.3712499999999976 0.3627805583314798 0.9318745980531382  
0.3724999999999976 0.3639451178534274 0.9314203944463815  
0.3737499999999975 0.3651091087112024 0.930964735495448  
0.3749999999999975 0.3662725290860694 0.9305076219123046  
0.3762499999999975 0.3674353771601842 0.9300490544111913  
0.3774999999999974 0.3685976511165969 0.9295890337086198  
0.3787499999999974 0.3697593491392547 0.9291275605233722  
0.3799999999999974 0.3709204694130048 0.9286646355765004  
0.3812499999999974 0.3720810101235968 0.9282002595913244  
0.3824999999999973 0.3732409694576862 0.9277344332934315  
0.3837499999999973 0.3744003456028368 0.9272671574106754  
0.3849999999999973 0.3755591367475236 0.9267984326731745  
0.3862499999999973 0.3767173410811355 0.9263282598133111  
0.3874999999999972 0.3778749567939787 0.9258566395657303  
0.3887499999999972 0.3790319820772788 0.9253835726673385  
0.3899999999999972 0.380188415123184 0.9249090598573027  
0.3912499999999972 0.3813442541247679 0.924433101877049  
0.3924999999999971 0.3824994972760323 0.9239556994702617  
0.3937499999999971 0.38365414277191 0.923476853382882  
0.3949999999999971 0.3848081888082677 0.9229965643631067  
0.396249999999997 0.3859616335819087 0.9225148331613874  
0.397499999999997 0.3871144752905758 0.922031660530429  
0.398749999999997 0.388266712132954 0.9215470472251885  
0.399999999999997 0.3894183423086734 0.9210609940028743  
0.4012499999999969 0.3905693640183123 0.9205735016229444  
0.4024999999999969 0.3917197754633993 0.9200845708471054  
0.4037499999999969 0.3928695748464169 0.9195942024393117  
0.4049999999999969 0.3940187603708037 0.9191023971657637  
0.4062499999999968 0.3951673302409576 0.9186091557949072  
0.4074999999999968 0.3963152826622383 0.9181144790974316  
0.4087499999999968 0.3974626158409705 0.9176183678462693  
0.4099999999999968 0.3986093279844464 0.9171208228165938  
0.4112499999999967 0.3997554173009283 0.9166218447858193  
0.4124999999999967 0.4009008819996521 0.9161214345335988  
0.4137499999999967 0.4020457202908293 0.9156195928418233  
0.4149999999999966 0.4031899303856503 0.9151163204946202  
0.4162499999999966 0.4043335104962872 0.9146116182783526  
0.4174999999999966 0.4054764588358962 0.9141054869816174  
0.4187499999999966 0.4066187736186207 0.9135979273952448  
0.4199999999999965 0.4077604530595942 0.9130889403122965  
0.4212499999999965 0.4089014953749427 0.9125785265280647  
0.4224999999999965 0.4100418987817879 0.912066686840071  
0.4237499999999965 0.4111816614982496 0.9115534220480646  
0.4249999999999964 0.412320781743449 0.9110387329540216  
0.4262499999999964 0.4134592577375107 0.9105226203621438  
0.4274999999999964 0.4145970877015664 0.9100050850788569  
0.4287499999999964 0.4157342698577569 0.9094861279128098  
0.4299999999999963 0.4168708024292352 0.9089657496748729  
0.4312499999999963 0.4180066836401696 0.9084439511781369  
0.4324999999999963 0.4191419117157459 0.9079207332379121  
0.4337499999999962 0.4202764848821703 0.9073960966717264  
0.4349999999999962 0.4214104013666727 0.9068700422993241  
0.4362499999999962 0.4225436593975087 0.9063425709426653  
0.4374999999999962 0.4236762572039628 0.9058136834259238  
0.4387499999999961 0.4248081930163512 0.9052833805754863  
0.4399999999999961 0.4259394650660245 0.9047516632199507  
0.4412499999999961 0.4270700715853702 0.9042185321901255  
0.4424999999999961 0.4282000108078161 0.9036839883190276  
0.443749999999996 0.4293292809678321 0.9031480324418819  
0.444999999999996 0.430457880300934 0.9026106653961192  
0.446249999999996 0.4315858070436854 0.9020718880213755  
0.447499999999996 0.4327130594337012 0.9015317011594902  
0.4487499999999959 0.4338396357096496 0.9009901056545053  
0.4499999999999959 0.4349655341112555 0.9004471023526637  
0.4512499999999959 0.4360907528793029 0.8999026921024078  
0.4524999999999958 0.4372152902556376 0.8993568757543786  
0.4537499999999958 0.4383391444831702 0.898809654161414  
0.4549999999999958 0.4394623138058788 0.8982610281785477  
0.4562499999999958 0.4405847964688114 0.8977109986630075  
0.4574999999999957 0.4417065907180892 0.8971595664742146  
0.4587499999999957 0.4428276948009089 0.8966067324737815  
0.4599999999999957 0.4439481069655455 0.8960524975255114  
0.4612499999999957 0.4450678254613554 0.8954968624953963  
0.4624999999999956 0.4461868485387784 0.8949398282516157  
0.4637499999999956 0.4473051744493415 0.8943813956645355  
0.4649999999999956 0.4484228014456604 0.8938215656067064  
0.4662499999999956 0.4495397277814434 0.8932603389528631  
0.4674999999999955 0.4506559517114931 0.8926977165799218  
0.4687499999999955 0.4517714714917099 0.8921336993669801  
0.4699999999999955 0.4528862853790945 0.8915682881953145  
0.4712499999999955 0.4540003916317503 0.8910014839483801  
0.4724999999999954 0.4551137885088865 0.8904332875118083  
0.4737499999999954 0.4562264742708208 0.8898636997734058  
0.4749999999999954 0.4573384471789819 0.8892927216231535  
0.4762499999999953 0.4584497054959122 0.8887203539532047  
0.4774999999999953 0.4595602474852711 0.8881465976578836  
0.4787499999999953 0.4606700714118367 0.8875714536336844  
0.4799999999999953 0.4617791755415094 0.8869949227792694  
0.4812499999999952 0.4628875581413144 0.886417005995468  
0.4824999999999952 0.4639952174794039 0.8858377041852751  
0.4837499999999952 0.4651021518250605 0.8852570182538496  
0.4849999999999952 0.4662083594486995 0.8846749491085132  
0.4862499999999951 0.4673138386218718 0.8840914976587488  
0.4874999999999951 0.4684185876172662 0.8835066648161992  
0.4887499999999951 0.4695226047087128 0.8829204514946656  
0.4899999999999951 0.470625888171185 0.8823328586101061  
0.491249999999995 0.4717284362808027 0.8817438870806346  
0.492499999999995 0.4728302473148348 0.8811535378265188  
0.493749999999995 0.4739313195517015 0.8805618117701796  
0.4949999999999949 0.475031651270978 0.8799687098361886  
0.4962499999999949 0.4761312407533959 0.8793742329512675  
0.4974999999999949 0.4772300862808471 0.8787783820442863  
0.4987499999999949 0.4783281861363855 0.878181158046262  
0.4999999999999948 0.4794255386042304 0.8775825618903568  
0.5012499999999949 0.4805221419697688 0.8769825945118772  
0.5024999999999948 0.4816179945195581 0.8763812568482722  
0.5037499999999948 0.4827130945413289 0.8757785498391316  
0.5049999999999948 0.4838074403239878 0.8751744744261851  
0.5062499999999948 0.4849010301576195 0.8745690315533003  
0.5074999999999947 0.4859938623334903 0.8739622221664817  
0.5087499999999947 0.4870859351440501 0.8733540472138687  
0.5099999999999947 0.4881772468829353 0.8727445076457346  
0.5112499999999947 0.4892677958449716 0.872133604414485  
0.5124999999999946 0.4903575803261764 0.8715213384746558  
0.5137499999999946 0.4914465986237617 0.8709077107829126  
0.5149999999999946 0.4925348490361366 0.8702927222980485  
0.5162499999999945 0.4936223298629101 0.869676373980983  
0.5174999999999945 0.4947090394048936 0.86905866679476  
0.5187499999999945 0.4957949759641038 0.8684396017045468  
0.5199999999999945 0.4968801378437648 0.8678191796776328  
0.5212499999999944 0.4979645233483116 0.867197401683427  
0.5224999999999944 0.4990481307833919 0.8665742686934576  
0.5237499999999944 0.5001309584558695 0.8659497816813696  
0.5249999999999944 0.5012130046738262 0.8653239416229239  
0.5262499999999943 0.502294267746565 0.8646967494959955  
0.5274999999999943 0.5033747459846127 0.8640682062805719  
0.5287499999999943 0.5044544376997222 0.8634383129587518  
0.5299999999999943 0.5055333412048755 0.8628070705147434  
0.5312499999999942 0.5066114548142859 0.8621744799348627  
0.5324999999999942 0.5076887768434013 0.8615405422075326  
0.5337499999999942 0.5087653056089062 0.8609052583232807  
0.5349999999999941 0.5098410394287245 0.8602686292747377  
0.5362499999999941 0.5109159766220225 0.8596306560566365  
0.5374999999999941 0.5119901155092109 0.8589913396658101  
0.5387499999999941 0.513063454411948 0.8583506811011903  
0.539999999999994 0.5141359916531419 0.8577086813638058  
0.541249999999994 0.5152077255569536 0.8570653414567813  
0.542499999999994 0.5162786544487988 0.856420662385335  
0.543749999999994 0.5173487766553515 0.855774645156778  
0.5449999999999939 0.518418090504546 0.8551272907805121  
0.5462499999999939 0.5194865943255795 0.8544786002680284  
0.5474999999999939 0.5205542864489151 0.8538285746329055  
0.5487499999999939 0.521621165206284 0.8531772148908086  
0.5499999999999938 0.5226872289306884 0.8525245220594868  
0.5512499999999938 0.523752475956404 0.8518704971587728  
0.5524999999999938 0.5248169046189823 0.8512151412105804  
0.5537499999999937 0.5258805132552541 0.8505584552389029  
0.5549999999999937 0.5269433002033308 0.8499004402698123  
0.5562499999999937 0.5280052638026081 0.8492410973314566  
0.5574999999999937 0.5290664023937682 0.848580427454059  
0.5587499999999936 0.5301267143187822 0.8479184316699163  
0.5599999999999936 0.5311861979209129 0.8472551110133966  
0.5612499999999936 0.5322448515447175 0.8465904665209383  
0.5624999999999936 0.5333026735360498 0.8459244992310483  
0.5637499999999935 0.5343596622420632 0.8452572101843003  
0.5649999999999935 0.5354158160112131 0.8445886004233334  
0.5662499999999935 0.5364711331932595 0.8439186709928501  
0.5674999999999935 0.5375256121392693 0.8432474229396152  
0.5687499999999934 0.5385792512016195 0.8425748573124534  
0.5699999999999934 0.5396320487339993 0.8419009751622485  
0.5712499999999934 0.5406840030914127 0.8412257775419412  
0.5724999999999933 0.5417351126301814 0.8405492655065276  
0.5737499999999933 0.5427853757079467 0.8398714401130577  
0.5749999999999933 0.5438347906836729 0.8391923024206335  
0.5762499999999933 0.5448833559176494 0.8385118534904075  
0.5774999999999932 0.545931069771493 0.837830094385581  
0.5787499999999932 0.5469779306081511 0.8371470261714025  
0.5799999999999932 0.5480239367919041 0.8364626499151659  
0.5812499999999932 0.5490690866883673 0.835776966686209  
0.5824999999999931 0.5501133786644942 0.8350899775559117  
0.5837499999999931 0.5511568110885788 0.8344016835976944  
0.5849999999999931 0.5521993823302583 0.8337120858870162  
0.5862499999999931 0.5532410907605153 0.8330211855013734  
0.587499999999993 0.5542819347516805 0.8323289835202977  
0.588749999999993 0.5553219126774355 0.8316354810253547  
0.589999999999993 0.5563610229128148 0.8309406791001417  
0.5912499999999929 0.557399263834209 0.8302445788302867  
0.5924999999999929 0.5584366338193669 0.8295471813034462  
0.5937499999999929 0.5594731312473981 0.8288484876093036  
0.5949999999999929 0.5605087544987755 0.8281484988395679  
0.5962499999999928 0.561543501955338 0.8274472160879711  
0.5974999999999928 0.5625773720002929 0.8267446404502676  
0.5987499999999928 0.5636103630182185 0.8260407730242316  
0.5999999999999928 0.5646424733950667 0.8253356149096558  
0.6012499999999927 0.565673701518165 0.8246291672083496  
0.6024999999999927 0.5667040457762198 0.8239214310241374  
0.6037499999999927 0.5677335045593184 0.8232124074628568  
0.6049999999999927 0.5687620762589316 0.8225020976323572  
0.6062499999999926 0.5697897592679163 0.8217905026424972  
0.6074999999999926 0.5708165519805182 0.8210776236051441  
0.6087499999999926 0.5718424527923737 0.8203634616341712  
0.6099999999999925 0.572867460100513 0.8196480178454564  
0.6112499999999925 0.5738915723033625 0.8189312933568804  
0.6124999999999925 0.574914787800747 0.8182132892883252  
0.6137499999999925 0.5759371049938925 0.8174940067616718  
0.6149999999999924 0.5769585222854287 0.8167734469007993  
0.6162499999999924 0.5779790380793911 0.8160516108315822  
0.6174999999999924 0.5789986507812241 0.8153284996818891  
0.6187499999999924 0.5800173587977832 0.8146041145815812  
0.6199999999999923 0.5810351605373371 0.81387845666251  
0.6212499999999923 0.5820520544095709 0.8131515270585159  
0.6224999999999923 0.583068038825588 0.8124233269054262  
0.6237499999999923 0.5840831121979131 0.8116938573410535  
0.6249999999999922 0.5850972729404943 0.8109631195051937  
0.6262499999999922 0.5861105194687055 0.8102311145396248  
0.6274999999999922 0.5871228501993493 0.8094978435881043  
0.6287499999999921 0.5881342635506591 0.8087633077963678  
0.6299999999999921 0.5891447579423018 0.8080275083121274  
0.6312499999999921 0.59015433179538 0.8072904462850697  
0.6324999999999921 0.5911629835324349 0.806552122866854  
0.633749999999992 0.5921707115774483 0.8058125392111103  
0.634999999999992 0.5931775143558453 0.805071696473438  
0.636249999999992 0.5941833902944968 0.8043295958114038  
0.637499999999992 0.595188337821722 0.8035862383845398  
0.6387499999999919 0.5961923553672903 0.8028416253543418  
0.6399999999999919 0.5971954413624246 0.8020957578842675  
0.6412499999999919 0.5981975942398033 0.8013486371397347  
0.6424999999999919 0.5991988124335628 0.8006002642881194  
0.6437499999999918 0.6001990943792996 0.799850640498754  
0.6449999999999918 0.6011984385140737 0.7990997669429256  
0.6462499999999918 0.6021968432764099 0.798347644793874  
0.6474999999999917 0.603194307106301 0.7975942752267897  
0.6487499999999917 0.6041908284452099 0.7968396594188127  
0.6499999999999917 0.6051864057360723 0.79608379854903  
0.6512499999999917 0.6061810374232989 0.795326693798474  
0.6524999999999916 0.6071747219527778 0.7945683463501207  
0.6537499999999916 0.6081674577718772 0.793808757388888  
0.6549999999999916 0.6091592433294476 0.7930479281016333  
0.6562499999999916 0.6101500770758242 0.7922858596771523  
0.6574999999999915 0.6111399574628296 0.7915225533061767  
0.6587499999999915 0.6121288829437757 0.7907580101813726  
0.6599999999999915 0.6131168519734668 0.7899922314973385  
0.6612499999999915 0.6141038630082014 0.7892252184506034  
0.6624999999999914 0.615089914505775 0.7884569722396251  
0.6637499999999914 0.6160750049254823 0.787687494064788  
0.6649999999999914 0.6170591327281197 0.7869167851284017  
0.6662499999999913 0.6180422963759878 0.7861448466346987  
0.6674999999999913 0.6190244943328936 0.7853716797898329  
0.6687499999999913 0.620005725064153 0.7845972858018772  
0.6699999999999913 0.620985987036593 0.7838216658808219  
0.6712499999999912 0.6219652787185547 0.7830448212385732  
0.6724999999999912 0.6229435985798948 0.7822667530889507  
0.6737499999999912 0.6239209450919889 0.7814874626476855  
0.6749999999999912 0.6248973167277333 0.7807069511324191  
0.6762499999999911 0.6258727119615474 0.7799252197627002  
0.6774999999999911 0.6268471292693764 0.7791422697599842  
0.6787499999999911 0.6278205671286934 0.7783581023476303  
0.6799999999999911 0.628793024018502 0.7775727187508997  
0.681249999999991 0.6297644984193386 0.7767861201969544  
0.682499999999991 0.6307349888132745 0.7759983079148542  
0.683749999999991 0.6317044936839187 0.7752092831355558  
0.6849999999999909 0.63267301151642 0.7744190470919102  
0.6862499999999909 0.6336405407974696 0.7736276010186611  
0.6874999999999909 0.6346070800153031 0.7728349461524429  
0.6887499999999909 0.6355726276597031 0.7720410837317784  
0.6899999999999908 0.6365371822220017 0.7712460149970777  
0.6912499999999908 0.6375007421950827 0.7704497411906355  
0.6924999999999908 0.6384633060733836 0.7696522635566294  
0.6937499999999908 0.6394248723528987 0.7688535833411181  
0.6949999999999907 0.6403854395311809 0.7680537017920392  
0.6962499999999907 0.641345006107344 0.7672526201592076  
0.6974999999999907 0.6423035705820657 0.7664503396943131  
0.6987499999999907 0.6432611314575889 0.7656468616509187  
0.6999999999999906 0.6442176872377251 0.7648421872844587  
0.7012499999999906 0.6451732364278561 0.7640363178522368  
0.7024999999999906 0.6461277775349363 0.7632292546134236  
0.7037499999999905 0.6470813090674957 0.7624209988290555  
0.7049999999999905 0.6480338295356414 0.7616115517620317  
0.7062499999999905 0.6489853374510601 0.7608009146771132  
0.7074999999999905 0.6499358313270212 0.7599890888409203  
0.7087499999999904 0.650885309678378 0.7591760755219308  
0.7099999999999904 0.6518337710215709 0.7583618759904777  
0.7112499999999904 0.6527812138746292 0.7575464915187476  
0.7124999999999904 0.6537276367571736 0.7567299233807787  
0.7137499999999903 0.6546730381904186 0.7559121728524585  
0.7149999999999903 0.6556174166971745 0.755093241211522  
0.7162499999999903 0.6565607708018504 0.7542731297375497  
0.7174999999999903 0.6575030990304553 0.7534518397119656  
0.7187499999999902 0.6584443999106019 0.7526293724180353  
0.7199999999999902 0.6593846719715075 0.7518057291408637  
0.7212499999999902 0.6603239137439973 0.7509809111673933  
0.7224999999999902 0.6612621237605063 0.7501549197864019  
0.7237499999999901 0.6621993005550814 0.749327756288501  
0.7249999999999901 0.6631354426633841 0.7484994219661334  
0.7262499999999901 0.6640705486226925 0.7476699181135712  
0.72749999999999 0.6650046169719039 0.7468392460269141  
0.72874999999999 0.6659376462515366 0.746007407004087  
0.72999999999999 0.6668696350037324 0.7451744023448382  
0.73124999999999 0.6678005817722592 0.7443402333507374  
0.7324999999999899 0.6687304851025129 0.7435049013251734  
0.7337499999999899 0.6696593435415196 0.7426684075733524  
0.7349999999999899 0.6705871556379382 0.7418307534022957  
0.7362499999999899 0.6715139199420627 0.7409919401208376  
0.7374999999999898 0.6724396350058238 0.7401519690396239  
0.7387499999999898 0.6733642993827921 0.7393108414711091  
0.7399999999999898 0.6742879116281796 0.738468558729555  
0.7412499999999898 0.6752104702988423 0.737625122131028  
0.7424999999999897 0.6761319739532826 0.7367805329933979  
0.7437499999999897 0.6770524211516512 0.7359347926363348  
0.7449999999999897 0.6779718104557494 0.7350879023813079  
0.7462499999999896 0.6788901404290317 0.7342398635515832  
0.7474999999999896 0.6798074096366078 0.733390677472221  
0.7487499999999896 0.6807236166452446 0.7325403454700744  
0.7499999999999896 0.6816387600233689 0.7316888688737871  
0.7512499999999895 0.6825528383410693 0.7308362490137911  
0.7524999999999895 0.6834658501700986 0.7299824872223046  
0.7537499999999895 0.6843777940838762 0.7291275848333304  
0.7549999999999895 0.6852886686574897 0.7282715431826532  
0.7562499999999894 0.6861984724676978 0.727414363607838  
0.7574999999999894 0.6871072040929324 0.7265560474482275  
0.7587499999999894 0.6880148621133003 0.7256965960449409  
0.7599999999999894 0.6889214451105862 0.7248360107408705  
0.7612499999999893 0.6898269516682543 0.7239742928806808  
0.7624999999999893 0.6907313803714507 0.7231114438108058  
0.7637499999999893 0.6916347298070058 0.722247464879447  
0.7649999999999892 0.6925369985634363 0.7213823574365712  
0.7662499999999892 0.6934381852309475 0.7205161228339086  
0.7674999999999892 0.6943382884014353 0.7196487624249508  
0.7687499999999892 0.6952373066684887 0.7187802775649481  
0.7699999999999891 0.6961352386273919 0.7179106696109079  
0.7712499999999891 0.6970320828751264 0.7170399399215925  
0.7724999999999891 0.6979278380103732 0.7161680898575169  
0.7737499999999891 0.6988225026335151 0.7152951207809466  
0.774999999999989 0.6997160753466388 0.7144210340558955  
0.776249999999989 0.7006085547535371 0.7135458310481241  
0.777499999999989 0.7014999394597112 0.7126695131251368  
0.778749999999989 0.7023902280723726 0.7117920816561804  
0.7799999999999889 0.7032794192004456 0.7109135380122411  
0.7812499999999889 0.704167511454569 0.7100338835660434  
0.7824999999999889 0.7050545034470991 0.709153119692047  
0.7837499999999888 0.705940393792111 0.7082712477664453  
0.7849999999999888 0.7068251811054013 0.7073882691671631  
0.7862499999999888 0.7077088640044898 0.7065041852738543  
0.7874999999999888 0.7085914411086224 0.7056189974678997  
0.7887499999999887 0.7094729110387724 0.7047327071324051  
0.7899999999999887 0.7103532724176432 0.703845315652199  
0.7912499999999887 0.7112325238696704 0.7029568244138303  
0.7924999999999887 0.7121106640210237 0.7020672348055667  
0.7937499999999886 0.7129876914996094 0.7011765482173914  
0.7949999999999886 0.7138636049350722 0.7002847660410022  
0.7962499999999886 0.7147384029587974 0.6993918896698086  
0.7974999999999886 0.7156120842039135 0.6984979204989296  
0.7987499999999885 0.7164846473052937 0.6976028599251919  
0.7999999999999885 0.7173560908995582 0.6967067093471275  
0.8012499999999885 0.7182264136250766 0.6958094701649715  
0.8024999999999884 0.7190956141219698 0.69491114378066  
0.8037499999999884 0.7199636910321122 0.6940117315978277  
0.8049999999999884 0.7208306429991339 0.6931112350218059  
0.8062499999999884 0.7216964686684226 0.6922096554596204  
0.8074999999999883 0.7225611666871259 0.6913069943199891  
0.8087499999999883 0.7234247357041531 0.6904032530133198  
0.8099999999999883 0.724287174370178 0.6894984329517082  
0.8112499999999883 0.7251484813376403 0.6885925355489354  
0.8124999999999882 0.7260086552607481 0.6876855622204658  
0.8137499999999882 0.7268676947954797 0.6867775143834453  
0.8149999999999882 0.7277255985995861 0.6858683934566981  
0.8162499999999882 0.7285823653325927 0.6849582008607258  
0.8174999999999881 0.7294379936558018 0.684046938017704  
0.8187499999999881 0.730292482232294 0.6831346063514807  
0.8199999999999881 0.7311458297269314 0.682221207287574  
0.821249999999988 0.7319980348063586 0.6813067422531697  
0.822499999999988 0.7328490961390054 0.6803912126771192  
0.823749999999988 0.7336990123950885 0.6794746199899373  
0.824999999999988 0.7345477822466141 0.6785569656238  
0.8262499999999879 0.7353954043673794 0.6776382510125418  
0.8274999999999879 0.7362418774329749 0.6767184775916544  
0.8287499999999879 0.7370872001207867 0.6757976467982834  
0.8299999999999879 0.7379313711099983 0.6748757600712267  
0.8312499999999878 0.7387743890815927 0.6739528188509323  
0.8324999999999878 0.7396162527183544 0.6730288245794955  
0.8337499999999878 0.7404569607048718 0.6721037787006573  
0.8349999999999878 0.7412965117275386 0.6711776826598016  
0.8362499999999877 0.7421349044745568 0.6702505379039533  
0.8374999999999877 0.7429721376359376 0.6693223458817759  
0.8387499999999877 0.7438082099035046 0.6683931080435691  
0.8399999999999876 0.7446431199708949 0.667462825841267  
0.8412499999999876 0.7454768665335618 0.6665315007284354  
0.8424999999999876 0.7463094482887764 0.6655991341602694  
0.8437499999999876 0.74714086393563 0.6646657275935918  
0.8449999999999875 0.7479711121750355 0.66373128248685  
0.8462499999999875 0.7488001917097306 0.6627958003001143  
0.8474999999999875 0.7496281012442784 0.6618592824950755  
0.8487499999999875 0.7504548394850704 0.6609217305350426  
0.8499999999999874 0.7512804051403285 0.6599831458849401  
0.8512499999999874 0.7521047969201063 0.6590435300113064  
0.8524999999999874 0.752928013536292 0.6581028843822913  
0.8537499999999874 0.7537500537026097 0.6571612104676531  
0.8549999999999873 0.7545709161346219 0.6562185097387573  
0.8562499999999873 0.7553905995497312 0.6552747836685735  
0.8574999999999873 0.7562091026671823 0.6543300337316735  
0.8587499999999872 0.7570264242080644 0.653384261404229  
0.8599999999999872 0.7578425628953127 0.6524374681640089  
0.8612499999999872 0.7586575174537107 0.6514896554903776  
0.8624999999999872 0.7594712866098919 0.6505408248642922  
0.8637499999999871 0.7602838690923424 0.6495909777683002  
0.8649999999999871 0.761095263631402 0.6486401156865377  
0.8662499999999871 0.7619054689592671 0.6476882401047264  
0.8674999999999871 0.762714483809992 0.6467353525101716  
0.868749999999987 0.7635223069194911 0.64578145439176  
0.869999999999987 0.7643289370255409 0.6448265472399575  
0.871249999999987 0.7651343728677822 0.643870632546806  
0.872499999999987 0.7659386131877215 0.6429137118059222  
0.8737499999999869 0.7667416567287335 0.6419557865124944  
0.8749999999999869 0.7675435022360629 0.6409968581632809  
0.8762499999999869 0.7683441484568262 0.6400369282566069  
0.8774999999999868 0.7691435941400139 0.6390759982923627  
0.8787499999999868 0.7699418380364922 0.6381140697720012  
0.8799999999999868 0.7707388788990052 0.6371511441985356  
0.8812499999999868 0.7715347154821767 0.6361872230765367  
0.8824999999999867 0.7723293465425122 0.6352223079121313  
0.8837499999999867 0.7731227708384009 0.6342564002129989  
0.8849999999999867 0.7739149871301174 0.6332895014883703  
0.8862499999999867 0.774705994179824 0.6323216132490244  
0.8874999999999866 0.7754957907515724 0.6313527370072864  
0.8887499999999866 0.7762843756113055 0.6303828742770253  
0.8899999999999866 0.7770717475268596 0.6294120265736515  
0.8912499999999866 0.7778579052679663 0.6284401954141141  
0.8924999999999865 0.7786428476062542 0.6274673823168992  
0.8937499999999865 0.7794265733152512 0.6264935888020272  
0.8949999999999865 0.780209081170386 0.6255188163910501  
0.8962499999999864 0.7809903699489902 0.6245430666070497  
0.8974999999999864 0.7817704384303003 0.6235663409746348  
0.8987499999999864 0.7825492853954593 0.6225886410199389  
0.8999999999999864 0.7833269096275192 0.6216099682706182  
0.9012499999999863 0.7841033099114421 0.6206303242558485  
0.9024999999999863 0.7848784850341027 0.6196497105063234  
0.9037499999999863 0.7856524337842902 0.6186681285542517  
0.9049999999999863 0.7864251549527097 0.6176855799333549  
0.9062499999999862 0.7871966473319846 0.6167020661788652  
0.9074999999999862 0.7879669097166582 0.6157175888275226  
0.9087499999999862 0.7887359409031957 0.6147321494175727  
0.9099999999999862 0.789503739689986 0.6137457494887644  
0.9112499999999861 0.7902703048773436 0.6127583905823474  
0.9124999999999861 0.7910356352675108 0.6117700742410698  
0.9137499999999861 0.7917997296646586 0.6107808020091756  
0.914999999999986 0.79256258687489 0.6097905754324026  
0.916249999999986 0.7933242057062406 0.6087993960579795  
0.917499999999986 0.7940845849686813 0.6078072654346239  
0.918749999999986 0.7948437234741195 0.6068141851125398  
0.9199999999999859 0.7956016200364014 0.6058201566434149  
0.9212499999999859 0.7963582734713139 0.6048251815804185  
0.9224999999999859 0.7971136825965862 0.6038292614781989  
0.9237499999999859 0.7978678462318916 0.6028323978928811  
0.9249999999999858 0.7986207631988496 0.6018345923820643  
0.9262499999999858 0.7993724323210275 0.6008358465048192  
0.9274999999999858 0.8001228524239425 0.5998361618216863  
0.9287499999999858 0.8008720223350635 0.5988355398946725  
0.9299999999999857 0.8016199408838125 0.5978339822872495  
0.9312499999999857 0.8023666069015669 0.5968314905643508  
0.9324999999999857 0.8031120192216613 0.5958280662923695  
0.9337499999999856 0.803856176679389 0.5948237110391559  
0.9349999999999856 0.8045990781120043 0.5938184263740147  
0.9362499999999856 0.8053407223587237 0.5928122138677032  
0.9374999999999856 0.8060811082607282 0.5918050750924281  
0.9387499999999855 0.8068202346611651 0.5907970116218436  
0.9399999999999855 0.8075581004051495 0.5897880250310487  
0.9412499999999855 0.8082947043397664 0.5887781168965845  
0.9424999999999855 0.8090300453140721 0.5877672887964326  
0.9437499999999854 0.8097641221790965 0.5867555423100115  
0.9449999999999854 0.8104969337878449 0.5857428790181749  
0.9462499999999854 0.8112284789952992 0.584729300503209  
0.9474999999999854 0.81195875665842 0.58371480834883  
0.9487499999999853 0.8126877656361488 0.5826994041401817  
0.9499999999999853 0.813415504789409 0.5816830894638331  
0.9512499999999853 0.8141419729811086 0.5806658659077755  
0.9524999999999852 0.814867169076141 0.5796477350614205  
0.9537499999999852 0.8155910919413875 0.5786286985155975  
0.9549999999999852 0.8163137404457187 0.5776087578625507  
0.9562499999999852 0.8170351134599966 0.5765879146959373  
0.9574999999999851 0.8177552098570759 0.5755661706108245  
0.9587499999999851 0.8184740285118063 0.5745435272036872  
0.9599999999999851 0.8191915683010336 0.5735199860724055  
0.9612499999999851 0.8199078281036021 0.5724955488162623  
0.962499999999985 0.8206228068003559 0.5714702170359405  
0.963749999999985 0.8213365032741411 0.5704439923335208  
0.964999999999985 0.822048916409807 0.5694168763124793  
0.966249999999985 0.8227600450942083 0.5683888705776843  
0.9674999999999849 0.8234698882162065 0.5673599767353946  
0.9687499999999849 0.8241784446666719 0.5663301963932568  
0.9699999999999849 0.8248857133384851 0.5652995311603023  
0.9712499999999848 0.8255916931265391 0.5642679826469453  
0.9724999999999848 0.8262963829277407 0.5632355524649804  
0.9737499999999848 0.826999781641012 0.5622022422275792  
0.9749999999999848 0.8277018881672926 0.561168053549289  
0.9762499999999847 0.8284027014095414 0.5601329880460293  
0.9774999999999847 0.8291022202727378 0.5590970473350897  
0.9787499999999847 0.8298004436638837 0.5580602330351274  
0.9799999999999847 0.8304973704920052 0.5570225467661645  
0.9812499999999846 0.8311929996681543 0.5559839901495855  
0.9824999999999846 0.8318873301054105 0.5549445648081351  
0.9837499999999846 0.8325803607188826 0.5539042723659151  
0.9849999999999846 0.8332720904257106 0.5528631144483822  
0.9862499999999845 0.8339625181450668 0.5518210926823455  
0.9874999999999845 0.8346516427981581 0.5507782086959637  
0.9887499999999845 0.8353394633082273 0.5497344641187429  
0.9899999999999844 0.8360259786005551 0.5486898605815338  
0.9912499999999844 0.8367111876024613 0.5476443997165291  
0.9924999999999844 0.8373950892433072 0.5465980831572613  
0.9937499999999844 0.8380776824544964 0.5455509125385998  
0.9949999999999843 0.8387589661694774 0.5445028894967484  
0.9962499999999843 0.8394389393237444 0.543454015669243  
0.9974999999999843 0.8401176008548394 0.5424042926949486  
0.9987499999999843 0.8407949497023541 0.5413537222140573  
0.9999999999999842 0.8414709848079309 0.5403023058680851  
