0 0 1  
0.125 0.1246744791666667 0.9921976725260416  
0.25 0.2474034561051263 0.9689124956106145  
0.375 0.3662717940707336 0.9305078259923104  
0.5 0.4794257145741456 0.8775830752677154  
0.625 0.5850984081155602 0.810963690528289  
0.75 0.6816408632358464 0.7316892724441153  
0.875 0.7675465331571236 0.6409968612431796  
1 0.8414748624356039 0.5403016857223122  
1.125 0.9022721967389784 0.4311750661403958  
1.25 0.9489897874395082 0.3153198962607384  
1.375 0.9808985969594232 0.1945440698147108  
1.5 0.997500675561615 0.07073226878359949  
1.625 0.9985369320541695 -0.05418344668407372  
1.75 0.9839911771537274 -0.1782537877110579  
1.875 0.9540903764080102 -0.2995426550189052  
2 0.9093011087254678 -0.4161573514701647  
