0 0 1  
0.01 0.009999833333333335 0.9999500004166667  
0.02 0.01999866669166653 0.9998000066665973  
0.03 0.02999550019999626 0.9995500337490417  
0.04 0.0399893341867759 0.9992001066611174  
0.05 0.04997916927346233 0.9987502603951323  
0.06 0.05996400648487126 0.9982005399353454  
0.07000000000000001 0.06994284734560156 0.9975510002533432  
0.08 0.07991469397988235 0.9968017063025526  
0.09 0.0898785492113595 0.9959527330117443  
0.09999999999999999 0.09983341666281254 0.9950041652775398  
0.11 0.1097783008557915 0.9939560979559221  
0.12 0.1197122073101639 0.99280863585275  
0.13 0.129634142643562 0.9915618937132777  
0.14 0.1395431146707202 0.9902159962106802  
0.15 0.1494381325026927 0.9887710779335863  
0.16 0.1593182066459417 0.9872272833726196  
0.17 0.1691823491012855 0.9855847669059496  
0.18 0.1790295734626983 0.9838436927838545  
0.19 0.1888588950159494 0.9820042351122956  
0.2 0.198669330837074 0.9800665778355072  
0.21 0.2084598998906648 0.9780309147176024  
0.2200000000000001 0.2182296231279747 0.9758974493231966  
0.2300000000000001 0.2279775235848209 0.9736663949970514  
0.2400000000000001 0.2377026264792803 0.9713379748427405  
0.2500000000000001 0.2474039593091673 0.968912421700339  
0.2600000000000001 0.2570805519492828 0.9663899781231398  
0.2700000000000001 0.2667314367484259 0.9637708963533987  
0.2800000000000001 0.2763556486261587 0.9610554382971105  
0.2900000000000001 0.2859522251693131 0.9582438754978179  
0.3000000000000001 0.2955202067282312 0.9553364891094579  
0.3100000000000001 0.3050586365127301 0.9523335698682467  
0.3200000000000001 0.3145665606877793 0.9492354180636061  
0.3300000000000001 0.3240430284688842 0.9460423435081351  
0.3400000000000001 0.3334870922171632 0.9427546655066282  
0.3500000000000001 0.3428978075341108 0.9393727128241462  
0.3600000000000002 0.3522742333560372 0.9358968236531392  
0.3700000000000002 0.3616154320481734 0.9323273455796278  
0.3800000000000002 0.3709204694984338 0.928664635548445  
0.3900000000000002 0.3801884152108272 0.9249090598275418  
0.4000000000000002 0.3894183423985051 0.9210609939713608  
0.4100000000000002 0.3986093280764398 0.9171208227832811  
0.4200000000000002 0.4077604531537222 0.9130889402771383  
0.4300000000000002 0.4168708025254698 0.9089657496378232  
0.4400000000000002 0.4259394651643371 0.904751663180964  
0.4500000000000002 0.4349655342116167 0.9004471023116948  
0.4600000000000002 0.4439481070679253 0.8960524974825156  
0.4700000000000003 0.452886285483462 0.8915682881502475  
0.4800000000000003 0.4617791756478334 0.8869949227320869  
0.4900000000000003 0.4706258882794332 0.8823328585607649  
0.5000000000000002 0.47942553871437 0.8775825618388137  
0.5100000000000002 0.4881772469949329 0.8727445075919471  
0.5200000000000002 0.4968801379575865 0.8678191796215584  
0.5300000000000002 0.5055333413204862 0.8628070704563404  
0.5400000000000003 0.5141359917705064 0.8577086813030332  
0.5500000000000003 0.5226872290497705 0.8525245219963037  
0.5600000000000003 0.531186198041676 0.8472551109477626  
0.5700000000000003 0.5396320488564058 0.841900975094124  
0.5800000000000003 0.5480239369159161 0.8364626498445116  
0.5900000000000003 0.5563610230383937 0.8309406790269187  
0.6000000000000003 0.5646424735221734 0.8253356148338259  
0.6100000000000003 0.5728674602291077 0.8196480177669817  
0.6200000000000003 0.5810351606673795 0.8138784565813535  
0.6300000000000003 0.5891447580737508 0.8080275082282521  
0.6400000000000003 0.5971954414952386 0.8020957577976374  
0.6500000000000004 0.6051864058702092 0.7960837984596096  
0.6600000000000004 0.6131168521088838 0.789992231405093  
0.6700000000000004 0.6209859871732467 0.7838216657857169  
0.6800000000000004 0.6287930241563487 0.7775727186529013  
0.6900000000000004 0.6365371823609969 0.7712460148961526  
0.7000000000000004 0.6442176873778238 0.7648421871805744  
0.7100000000000004 0.6518337711627277 0.7583618758836022  
0.7200000000000004 0.6593846721136764 0.7518057290309655  
0.7300000000000004 0.6668696351468667 0.7451744022318868  
0.7400000000000004 0.6742879117722325 0.73846855861352  
0.7500000000000004 0.6816387601682926 0.7316888687546391  
0.7600000000000005 0.6889214452563327 0.7248360106185807  
0.7700000000000005 0.6961352387739125 0.717910669485448  
0.7800000000000005 0.7032794193476912 0.7109135378835836  
0.7900000000000005 0.7103532725655647 0.703845315520317  
0.8000000000000005 0.7173560910481055 0.6967067092119948  
0.8100000000000005 0.7242871745193007 0.6894984328132994  
0.8200000000000005 0.7311458298765786 0.682221207145864  
0.8300000000000005 0.7379313712601187 0.6748757599261914  
0.8400000000000005 0.7446431201214367 0.667462825692883  
0.8500000000000005 0.7512804052912395 0.6599831457331847  
0.8600000000000005 0.7578425630465405 0.65243746800886  
0.8700000000000006 0.7643289371770324 0.6448265470813938  
0.8800000000000006 0.770738879050707 0.6371511440365365  
0.8900000000000006 0.7770717476787183 0.629412026408197  
0.9000000000000006 0.7833269097794804 0.6216099681016893  
0.9100000000000006 0.7895037398419955 0.6137457493163427  
0.9200000000000006 0.7956016201884043 0.6058201564674827  
0.9300000000000006 0.8016199410357534 0.5978339821077898  
0.9400000000000006 0.807558100556973 0.5897880248480454  
0.9500000000000006 0.8134155049410591 0.5816830892772709  
0.9600000000000006 0.819191568452454 0.5735199858822696  
0.9700000000000006 0.8248857134896197 0.5652995309665789  
0.9800000000000006 0.8304973706427973 0.5570225465688405  
0.9900000000000007 0.8360259787509474 0.5486898603805971  
1.000000000000001 0.8414709849578662 0.540302305663524  
1.010000000000001 0.8468318447674701 0.5318607211661038  
1.020000000000001 0.8521080220982451 0.523365951039752  
1.030000000000001 0.8572989893368547 0.5148188447544028  
1.040000000000001 0.8624042273909005 0.5062202570135624  
1.050000000000001 0.8674232257408312 0.49757104766884  
1.060000000000001 0.8723554824909939 0.4888720816339629  
1.070000000000001 0.8772005044198237 0.4801242287982858  
1.080000000000001 0.8819578070291647 0.4713283639398029  
1.090000000000001 0.8866269145927202 0.4624853666376707  
1.100000000000001 0.8912073602036246 0.4535961211842506  
1.110000000000001 0.8956986858211333 0.4446615164966809  
1.120000000000001 0.9001004423164273 0.4356824460279852  
1.130000000000001 0.9044121895175247 0.4266598076777283  
1.140000000000001 0.9086334962532984 0.4175945037022268  
1.150000000000001 0.9127639403965923 0.4084874406243245  
1.160000000000001 0.9168031089064337 0.3993395291427402  
1.170000000000001 0.9207505978693376 0.3901516840409996  
1.180000000000001 0.9246060125396968 0.3809248240959566  
1.190000000000001 0.9283689673792569 0.3716598719859173  
1.200000000000001 0.9320390860956697 0.3623577541983722  
1.210000000000001 0.9356160016801215 0.3530194009373491  
1.220000000000001 0.9390993564440345 0.3436457460303924  
1.230000000000001 0.942488802054835 0.334237726835182  
1.240000000000001 0.9457839995707861 0.3247962841457979  
1.250000000000001 0.9489846194748819 0.3153223620986418  
1.260000000000001 0.9520903417077992 0.3058169080780239  
1.270000000000001 0.9551008556999024 0.2962808726214255  
1.280000000000001 0.958015860402301 0.2867152093244462  
1.290000000000001 0.9608350643169536 0.2771208747454448  
1.300000000000001 0.9635581855258181 0.2674988283098844  
1.310000000000001 0.9661849517190424 0.2578500322143908  
1.320000000000001 0.9687151002221962 0.2481754513305333  
1.330000000000001 0.9711483780225374 0.2384760531083387  
1.340000000000001 0.9734845417943135 0.228752807479547  
1.350000000000001 0.9757233579230941 0.2190066867606189  
1.360000000000001 0.9778646025291317 0.2092386655555049  
1.370000000000001 0.9799080614897498 0.1994497206581862  
1.380000000000001 0.9818535304607554 0.1896408309549955  
1.390000000000001 0.9837008148968723 0.1798129773267296  
1.400000000000001 0.9854497300711962 0.1699671425505621  
1.410000000000001 0.9871001010936669 0.1601043112017662  
1.420000000000001 0.9886517629285574 0.1502254695552583  
1.430000000000001 0.9901045604109771 0.1403316054869712  
1.440000000000001 0.9914583482623883 0.1304237083750675  
1.450000000000001 0.992712991105134 0.1205027690010022  
1.460000000000001 0.9938683634759753 0.1105697794504459  
1.470000000000001 0.9949243498386379 0.1006257330140767  
1.480000000000001 0.9958808445953653 0.09067162408825212  
1.490000000000001 0.9967377520974789 0.08070844807557011  
1.500000000000001 0.9974949866549425 0.07073720128532988  
1.510000000000001 0.9981524725449313 0.06075888083390165  
1.520000000000001 0.9987101440194042 0.05077448454501583  
1.530000000000001 0.9991679453116782 0.04078501084998154  
1.540000000000001 0.9995258306420057 0.03079145868784427  
1.550000000000001 0.9997837642221519 0.02079482740549283  
1.560000000000001 0.9999417202589735 0.01079611665772548  
1.570000000000001 0.9999996829569986 0.0007963263072852875  
1.580000000000001 0.9999576465200055 -0.009203543675125296  
1.590000000000001 0.999815615151603 -0.0192024933108407  
1.600000000000001 0.9995736030548094 -0.02919952271322927  
1.610000000000001 0.9992316344306327 -0.03919363218768106  
1.620000000000001 0.9987897434756504 -0.04918382233157648  
1.630000000000001 0.9982479743785898 -0.05916909413422577  
1.640000000000001 0.9976063813159091 -0.06914844907676915  
1.650000000000001 0.9968650284463798 -0.07912088923202794  
1.660000000000001 0.9960239899046711 -0.08908541736429643  
1.670000000000001 0.9950833497939364 -0.09904103702906461  
1.680000000000001 0.9940432021774029 -0.1089867526726618  
1.690000000000001 0.9929036510689655 -0.1189215697318112  
1.700000000000001 0.9916648104227853 -0.1288444947330853  
1.710000000000001 0.9903268041218948 -0.1387545353922525  
1.720000000000001 0.988889765965809 -0.1486507007135049  
1.730000000000001 0.9873538396571461 -0.1585320010885564  
1.740000000000001 0.985719178787257 -0.1683974483956034  
1.750000000000001 0.9839859468208666 -0.1782460560981359  
1.760000000000001 0.9821543170797272 -0.1880768393435903  
1.770000000000001 0.9802244727252867 -0.1978888150618337  
1.780000000000001 0.9781966067403722 -0.2076810020634705  
1.790000000000001 0.9760709219098926 -0.21745242113796  
1.800000000000001 0.9738476308005597 -0.2272020951515372  
1.810000000000001 0.9715269557396315 -0.2369290491449249  
1.820000000000001 0.9691091287926805 -0.2466323104308289  
1.830000000000001 0.9665943917403866 -0.2563109086912063  
1.840000000000001 0.9639829960543596 -0.2659638760742958  
1.850000000000001 0.9612752028719919 -0.2755902472914028  
1.860000000000001 0.9584712829703453 -0.285189059713427  
1.870000000000001 0.9555715167390738 -0.2947593534671247  
1.880000000000001 0.9525761941523839 -0.3043001715310952  
1.890000000000001 0.9494856147400385 -0.3138105598314822  
1.900000000000001 0.9463000875574032 -0.3232895673373806  
1.910000000000001 0.9430199311545422 -0.3327362461559383  
1.920000000000001 0.9396454735443622 -0.3421496516271452  
1.930000000000001 0.9361770521698125 -0.3515288424182981  
1.940000000000002 0.9326150138701402 -0.3608728806181334  
1.950000000000002 0.9289597148462072 -0.3701808318306172  
1.960000000000002 0.9252115206248699 -0.3794517652683845  
1.970000000000002 0.921370806022427 -0.3886847538458167  
1.980000000000002 0.9174379551071387 -0.3978788742717497  
1.990000000000002 0.9134133611608189 -0.4070332071418021  
2.000000000000001 0.909297426639509 -0.416146837030315  
2.010000000000001 0.9050905631332311 -0.4252188525818938  
2.020000000000001 0.9007931913248304 -0.4342483466025427  
2.030000000000001 0.8964057409479068 -0.4432344161503838  
2.04 0.8919286507438421 -0.4521761626259502  
2.05 0.8873623684179258 -0.4610726918620452  
2.06 0.8827073505945857 -0.4699231142131586  
2.07 0.8779640627717251 -0.47872654464443  
2.08 0.8731329792741738 -0.487482102820152  
2.089999999999999 0.8682145832062558 -0.4961889131918028  
2.099999999999999 0.8632093664034796 -0.5048461050856005  
2.109999999999999 0.8581178293833546 -0.5134528127895694  
2.119999999999999 0.8529404812953402 -0.522008175640111  
2.129999999999999 0.8476778398699309 -0.5305113381080693  
2.139999999999998 0.8423304313668841 -0.5389614498842827  
2.149999999999998 0.8368987905225942 -0.5473576659646151  
2.159999999999998 0.8313834604966194 -0.5556991467344548  
2.169999999999998 0.8257849928173665 -0.5639850580526754  
2.179999999999997 0.8201039473269385 -0.5722145713350497  
2.189999999999997 0.8143408921251503 -0.5803868636371069  
2.199999999999997 0.8084964035127199 -0.5885011177364265  
2.209999999999997 0.8025710659336385 -0.5965565222143601  
2.219999999999997 0.7965654719167264 -0.6045522715371721  
2.229999999999996 0.7904802220163812 -0.6124875661365929  
2.239999999999996 0.784315924752522 -0.6203616124897751  
2.249999999999996 0.7780731965497386 -0.6281736231986442  
2.259999999999996 0.7717526616756494 -0.6359228170686393  
2.269999999999996 0.7653549521784749 -0.6436084191868303  
2.279999999999995 0.7588807078238339 -0.6512296609994097  
2.289999999999995 0.7523305760307668 -0.6587857803885468  
2.299999999999995 0.7457052118069949 -0.6662760217485992  
2.309999999999995 0.7390052776834197 -0.6736996360616722  
2.319999999999995 0.7322314436478707 -0.6810558809725203  
2.329999999999994 0.725384387078107 -0.6883440208627823  
2.339999999999994 0.71846479267408 -0.6955633269245423  
2.349999999999994 0.7114733523894642 -0.7027130772332095  
2.359999999999994 0.7044107653624621 -0.709792556819711  
2.369999999999993 0.6972777378458913 -0.7168010577419872  
2.379999999999993 0.6900749831365597 -0.7237378791557859  
2.389999999999993 0.6828032215039362 -0.730602327384746  
2.399999999999993 0.6754631801181249 -0.7373937159897644  
2.409999999999993 0.6680555929771478 -0.7441113658376399  
2.419999999999992 0.6605812008335465 -0.7507546051689854  
2.429999999999992 0.6530407511203071 -0.7573227696654032  
2.439999999999992 0.6454349978761177 -0.7638152025159169  
2.449999999999992 0.6377647016699648 -0.7702312544826514  
2.459999999999992 0.6300306295250776 -0.7765702839657562  
2.469999999999991 0.622233554842226 -0.7828316570675654  
2.479999999999991 0.614374257322381 -0.7890147476559861  
2.489999999999991 0.6064535228887458 -0.7951189374271117  
2.499999999999991 0.5984721436081634 -0.8011436159670515  
2.50999999999999 0.5904309176119111 -0.8070881808129717  
2.51999999999999 0.582330649015888 -0.8129520375133412  
2.52999999999999 0.574172147840204 -0.8187345996873762  
2.53999999999999 0.5659562299281782 -0.8244352890836777  
2.54999999999999 0.5576837168647557 -0.8300535356380563  
2.559999999999989 0.5493554358943495 -0.8355887775305381  
2.569999999999989 0.5409722198381169 -0.8410404612415462  
2.579999999999989 0.532534907010678 -0.8464080416072522  
2.589999999999989 0.5240443411362847 -0.8516909818740924  
2.599999999999989 0.5155013712644496 -0.8568887537524421  
2.609999999999988 0.5069068516850411 -0.8620008374694446  
2.619999999999988 0.4982616418428557 -0.8670267218209879  
2.629999999999988 0.4895666062516735 -0.8719659042228249  
2.639999999999988 0.4808226144078083 -0.8768178907608312  
2.649999999999987 0.4720305407031584 -0.8815821962403957  
2.659999999999987 0.4631912643377678 -0.8862583442349407  
2.669999999999987 0.4543056692319076 -0.8908458671335631  
2.679999999999987 0.4453746439376842 -0.8953443061877957  
2.689999999999987 0.436399081550185 -0.8997532115574816  
2.699999999999986 0.4273798796181695 -0.9040721423557574  
2.709999999999986 0.4183179400543155 -0.9083006666931424  
2.719999999999986 0.4092141690450282 -0.9124383617207261  
2.729999999999986 0.4000694769598225 -0.9164848136724538  
2.739999999999986 0.3908847782602869 -0.9204396179065021  
2.749999999999985 0.3816609914086379 -0.9243023789457429  
2.759999999999985 0.3723990387758748 -0.928072710517291  
2.769999999999985 0.3630998465495429 -0.931750235591131  
2.779999999999985 0.3537643446411161 -0.93533458641782  
2.789999999999984 0.3443934665930061 -0.9388254045652618  
2.799999999999984 0.3349881494852093 -0.9422223409545506  
2.809999999999984 0.3255493338415991 -0.945525055894878  
2.819999999999984 0.3160779635358747 -0.9487332191175021  
2.829999999999984 0.3065749856971745 -0.9518465098087738  
2.839999999999983 0.2970413506153636 -0.9548646166422182  
2.849999999999983 0.287478011646006 -0.9577872378096669  
2.859999999999983 0.2778859251150298 -0.9606140810514384  
2.869999999999983 0.2682660502230952 -0.963344863685564  
2.879999999999983 0.2586193489496753 -0.965979312636056  
2.889999999999982 0.2489467859568591 -0.9685171644602143  
2.899999999999982 0.239249328492886 -0.9709581653749713  
2.909999999999982 0.2295279462954215 -0.9733020712822694  
2.919999999999982 0.219783611494585 -0.9755486477934712  
2.929999999999982 0.2100172985157366 -0.9776976702527973  
2.939999999999981 0.2002299839820363 -0.9797489237597926  
2.949999999999981 0.1904226466167818 -0.9817022031908157  
2.959999999999981 0.1805962671455374 -0.983557313219551  
2.969999999999981 0.1707518281980622 -0.9853140683365413  
2.97999999999998 0.1608903142100477 -0.986972292867739  
2.98999999999998 0.1510127113246753 -0.9885318209920726  
2.99999999999998 0.1411200072940029 -0.9899924967580291  
3.00999999999998 0.13121319138019 -0.9913541740992491  
3.01999999999998 0.1212932542565729 -0.992616716849133  
3.029999999999979 0.1113611879085979 -0.9937799987544579  
3.039999999999979 0.1014179855346237 -0.9948439034880026  
3.049999999999979 0.09146464144660219 -0.9958083246601801  
3.059999999999979 0.08150215097064824 -0.9966731658296769  
3.069999999999979 0.07153151034750795 -0.9974383405130967  
3.079999999999978 0.0615537166329353 -0.9981037721936086  
3.089999999999978 0.05156976759798749 -0.9986693943285991  
3.099999999999978 0.0415806616292486 -0.9991351503563261  
3.109999999999978 0.03158739762899181 -0.9995009937015746  
3.119999999999977 0.02159097491528996 -0.9997668877803152  
3.129999999999977 0.01159239312208464 -0.9999328060033614  
3.139999999999977 0.001592652099223565 -0.9999987317790292  
3.149999999999977 -0.008407248187523539 -0.9999646585147958  
3.159999999999977 -0.01840630775646069 -0.9998305896179592  
3.169999999999976 -0.02840352670996299 -0.9995965384952975  
3.179999999999976 -0.03839790533446555 -0.9992625285517278  
3.189999999999976 -0.04838844420043401 -0.9988285931879661  
3.199999999999976 -0.05837414426230668 -0.9982947757971873  
3.209999999999976 -0.06835400695839822 -0.9976611297606854  
3.219999999999975 -0.07832703431075502 -0.9969277184425361  
3.229999999999975 -0.08829222902495215 -0.9960946151832601  
3.239999999999975 -0.09824859458982195 -0.9951619032924891  
3.249999999999975 -0.1081951353771044 -0.9941296760406348  
3.259999999999974 -0.1181308567410089 -0.9929980366495624  
3.269999999999974 -0.1280547651176783 -0.9917670982822678  
3.279999999999974 -0.1379658681245444 -0.9904369840315622  
3.289999999999974 -0.1478631746595651 -0.9890078269077621  
3.299999999999974 -0.1577456950003342 -0.9874797698253891  
3.309999999999973 -0.1676124409030524 -0.985852965588878  
3.319999999999973 -0.1774624257013512 -0.9841275768772969  
3.329999999999973 -0.1872946644049586 -0.9823037762280792  
3.339999999999973 -0.1971081737981971 -0.98038174601977  
3.349999999999973 -0.2069019725383048 -0.9783616784537886  
3.359999999999972 -0.2166750812535687 -0.9762437755352084  
3.369999999999972 -0.226426522641261 -0.9740282490525561  
3.379999999999972 -0.2361553215653684 -0.971715320556634  
3.389999999999972 -0.2458605051541055 -0.9693052213383644  
3.399999999999971 -0.2555411028972004 -0.9667981924056607  
3.409999999999971 -0.2651961467429454 -0.9641944844593271  
3.419999999999971 -0.2748246711950013 -0.9614943578679885  
3.429999999999971 -0.2844257134089461 -0.9586980826420543  
3.439999999999971 -0.2939983132885588 -0.9558059384067167  
3.44999999999997 -0.303541513581828 -0.9528182143739894  
3.45999999999997 -0.3130543599766765 -0.9497352093137861  
3.46999999999997 -0.3225359011963916 -0.9465572315240437  
3.47999999999997 -0.3319851890947522 -0.943284598799893  
3.48999999999997 -0.3414012787508422 -0.9399176384018794  
3.499999999999969 -0.3507832285635423 -0.9364566870232369  
3.509999999999969 -0.360130100345689 -0.9329020907562197  
3.519999999999969 -0.3694409594178925 -0.9292542050574922  
3.529999999999969 -0.3787148747020042 -0.9255133947125849  
3.539999999999969 -0.3879509188142234 -0.9216800337994148  
3.549999999999968 -0.3971481681578351 -0.917754505650879  
3.559999999999968 -0.4063057030155687 -0.9137372028165214  
3.569999999999968 -0.4154226076415693 -0.9096285270232778  
3.579999999999968 -0.424497970352971 -0.9054288891353037  
3.589999999999967 -0.4335308836210652 -0.9011387091128886  
3.599999999999967 -0.4425204441620518 -0.8967584159704598  
3.609999999999967 -0.4514657530273676 -0.8922884477336813  
3.619999999999967 -0.46036591569358 -0.8877292513956523  
3.629999999999967 -0.4692200421518385 -0.8830812828722072  
3.639999999999966 -0.4780272469968754 -0.8783450069563256  
3.649999999999966 -0.486786649515545 -0.8735208972716521  
3.659999999999966 -0.4954973737748943 -0.8686094362251354  
3.669999999999966 -0.504158548709756 -0.8636111149587877  
3.679999999999966 -0.5127693082098536 -0.8585264333005705  
3.689999999999965 -0.5213287912064122 -0.8533558997144126  
3.699999999999965 -0.5298361417582647 -0.8481000312493642  
3.709999999999965 -0.5382905091374448 -0.842759353487892  
3.719999999999965 -0.5466910479142595 -0.837334400493322  
3.729999999999964 -0.555036918041831 -0.8318257147564331  
3.739999999999964 -0.5633272849401009 -0.8262338471412086  
3.749999999999964 -0.5715613195792876 -0.8205593568297507  
3.759999999999964 -0.5797381985627884 -0.8148028112663618  
3.769999999999964 -0.5878571042095185 -0.8089647861008015  
3.779999999999963 -0.5959172246356786 -0.8030458651307216  
3.789999999999963 -0.6039177538359424 -0.7970466402432871  
3.799999999999963 -0.6118578917640564 -0.7909677113559876  
3.809999999999963 -0.6197368444128442 -0.7848096863566465  
3.819999999999963 -0.6275538238936061 -0.7785731810426322  
3.829999999999962 -0.635308048514908 -0.7722588190592793  
3.839999999999962 -0.642998742860749 -0.7658672318375246  
3.849999999999962 -0.6506251378681029 -0.7593990585307643  
3.859999999999962 -0.6581864709038241 -0.7528549459509392  
3.869999999999961 -0.6656819858409094 -0.7462355485038542  
3.879999999999961 -0.6731109331341112 -0.7395415281237382  
3.889999999999961 -0.6804725698948904 -0.7327735542070513  
3.899999999999961 -0.687766159965705 -0.7259323035455454  
3.909999999999961 -0.6949909739936257 -0.719018460258586  
3.91999999999996 -0.7021462895032701 -0.7120327157247406  
3.92999999999996 -0.7092313909690493 -0.7049757685126415  
3.93999999999996 -0.7162455698867207 -0.6978483243111296  
3.94999999999996 -0.7231881248442372 -0.6906510958586859  
3.95999999999996 -0.7300583615918882 -0.6833848028721582  
3.969999999999959 -0.7368555931117237 -0.6760501719747903  
3.979999999999959 -0.7435791396862556 -0.6686479366235603  
3.989999999999959 -0.750228328966429 -0.6611788370358349  
3.999999999999959 -0.7568024960388565 -0.6536436201153492  
4.009999999999959 -0.763300983492309 -0.6460430393775162  
4.019999999999959 -0.7697231414834562 -0.6383778548740764  
4.029999999999959 -0.7760683278018503 -0.6306488331170927  
4.039999999999958 -0.7823359079341468 -0.6228567470023006  
4.049999999999958 -0.788525255127555 -0.6150023757318185  
4.059999999999958 -0.7946357504525131 -0.6070865047362285  
4.069999999999958 -0.8006667828645803 -0.599109925596034  
4.079999999999957 -0.8066177492655408 -0.5910734359625024  
4.089999999999957 -0.8124880545637133 -0.5829778394779003  
4.099999999999957 -0.8182771117334596 -0.5748239456951303  
4.109999999999957 -0.8239843418738867 -0.5666125699967761  
4.119999999999957 -0.8296091742667361 -0.5583445335135654  
4.129999999999956 -0.8351510464334555 -0.5500206630422567  
4.139999999999956 -0.8406094041914463 -0.5416417909629612  
4.149999999999956 -0.8459837017094808 -0.5332087551559047  
4.159999999999956 -0.8512734015622856 -0.5247223989176409  
4.169999999999956 -0.8564779747842831 -0.5161835708767222  
4.179999999999955 -0.861596900922488 -0.5075931249088373  
4.189999999999955 -0.8666296680885518 -0.4989519200514249  
4.199999999999955 -0.8715757730099517 -0.4902608204177701  
4.209999999999955 -0.8764347210803169 -0.4815206951105943  
4.219999999999954 -0.8812060264088893 -0.472732418135145  
4.229999999999954 -0.8858892118691118 -0.4638968683117968  
4.239999999999954 -0.8904838091463407 -0.4550149291881695  
4.249999999999954 -0.8949893587846769 -0.4460874889507744  
4.259999999999954 -0.8994054102329108 -0.4371154403361962  
4.269999999999953 -0.9037315218895774 -0.4280996805418201  
4.279999999999953 -0.9079672611471159 -0.4190411111361128  
4.289999999999953 -0.91211220443513 -0.4099406379684666  
4.299999999999953 -0.9161659372627448 -0.4007991710786151  
4.309999999999953 -0.9201280542600554 -0.3916176246056299  
4.319999999999952 -0.9239981592186636 -0.3823969166965074  
4.329999999999952 -0.9277758651312983 -0.3731379694143551  
4.339999999999952 -0.9314607942305162 -0.363841708646186  
4.349999999999952 -0.9350525780264778 -0.3545090640103306  
4.359999999999951 -0.9385508573437965 -0.3451409687634756  
4.369999999999951 -0.9419552823574555 -0.3357383597073395  
4.379999999999951 -0.9452655126277903 -0.326302177094993  
4.389999999999951 -0.9484812171345323 -0.3168333645368343  
4.399999999999951 -0.9516020743099102 -0.3073328689062291  
4.40999999999995 -0.954627772070807 -0.2978016402448239  
4.41999999999995 -0.9575580078499678 -0.2882406316675426  
4.42999999999995 -0.9603924886262565 -0.278650799267276  
4.43999999999995 -0.9631309309539572 -0.2690331020192731  
4.44999999999995 -0.965773060991119 -0.2593885016852445  
4.459999999999949 -0.9683186145269398 -0.2497179627171869  
4.469999999999949 -0.9707673370081872 -0.2400224521609389  
4.479999999999949 -0.9731189835646534 -0.2303029395594771  
4.489999999999949 -0.9753733190336424 -0.2205603968559625  
4.499999999999948 -0.9775301179834858 -0.2107957982965473  
4.509999999999948 -0.9795891647360856 -0.2010101203329507  
4.519999999999948 -0.9815502533884823 -0.191204341524815  
4.529999999999948 -0.983413187833445 -0.1813794424418499  
4.539999999999948 -0.9851777817790812 -0.171536405565777  
4.549999999999947 -0.9868438587674669 -0.1616762151920817  
4.559999999999947 -0.9884112521922915 -0.1517998573315853  
4.569999999999947 -0.9898798053155186 -0.141908319611844  
4.579999999999947 -0.9912493712830595 -0.1320025911783874  
4.589999999999947 -0.9925198131394586 -0.1220836625958045  
4.599999999999946 -0.9936910038415889 -0.1121525257486885  
4.609999999999946 -0.9947628262713561 -0.1022101737424486  
4.619999999999946 -0.9957351732474103 -0.09225760080400078  
4.629999999999946 -0.9966079475358641 -0.08229580218234551  
4.639999999999946 -0.997381061860016 -0.07232577404904407  
4.649999999999945 -0.9980544389090775 -0.06234851339860197  
4.659999999999945 -0.9986280113459051 -0.05236501794877041  
4.669999999999945 -0.9991017218137327 -0.04237628604077536  
4.679999999999945 -0.9994755229419084 -0.03238331653948423  
4.689999999999944 -0.9997493773506309 -0.02238710873352023  
4.699999999999944 -0.9999232576546874 -0.01238866223533432  
4.709999999999944 -0.9999971464661923 -0.002388976881244854  
4.719999999999944 -0.9999710363963261 0.007610947368545288  
4.729999999999944 -0.9998449300560739 0.01761011052994384  
4.739999999999943 -0.9996188400559647 0.02760751269496673  
4.749999999999943 -0.99929278900481 0.03760215413172809  
4.759999999999943 -0.9988668095074432 0.04759303538441254  
4.769999999999943 -0.9983409441614591 0.05757915737322  
4.779999999999943 -0.9977152455529541 0.0675595214942728  
4.789999999999942 -0.9969897762512675 0.07753312971947524  
4.799999999999942 -0.9961646088027251 0.08749898469631558  
4.809999999999942 -0.9952398257233839 0.09745608984760047  
4.819999999999942 -0.9942155194907814 0.1074034494711118  
4.829999999999941 -0.9930917925346872 0.1173400688391762  
4.839999999999941 -0.9918687572268605 0.1272649542981367  
4.849999999999941 -0.990546535869813 0.1371771133677177  
4.859999999999941 -0.9891252606845785 0.1470755548402718  
4.869999999999941 -0.9876050737974913 0.1569592888798998  
4.87999999999994 -0.9859861272259732 0.1668273271214337  
4.88999999999994 -0.9842685828633324 0.1766786827692722  
4.89999999999994 -0.9824526124625739 0.1865123706960593  
4.90999999999994 -0.9805383976192245 0.1963274075411967  
4.91999999999994 -0.9785261297531734 0.2061228118091784  
4.929999999999939 -0.9764160100895305 0.2158976039677398  
4.939999999999939 -0.9742082496385037 0.2256508065458104  
4.949999999999939 -0.9719030691742986 0.2353814442312593  
4.959999999999939 -0.9695006992130405 0.2450885439684264  
4.969999999999938 -0.9670013799897238 0.2547711350554266  
4.979999999999938 -0.9644053614341881 0.2644282492412195  
4.989999999999938 -0.9617129031461257 0.2740589208224336  
4.999999999999938 -0.9589242743691219 0.2836621867399358  
5.009999999999938 -0.9560397539637305 0.2932370866751365  
5.019999999999937 -0.9530596303795886 0.3027826631460208  
5.029999999999937 -0.9499842016265713 0.3122979616028956  
5.039999999999937 -0.946813775244991 0.3217820305238442  
5.049999999999937 -0.9435486682748442 0.3312339215098772  
5.059999999999937 -0.9401892072241069 0.3406526893797722  
5.069999999999936 -0.9367357280360851 0.3500373922645906  
5.079999999999936 -0.9331885760558195 0.359387091701864  
5.089999999999936 -0.9295481059955526 0.3687008527294395  
5.099999999999936 -0.9258146818992568 0.3779777439789753  
5.109999999999935 -0.9219886771062307 0.3872168377690766  
5.119999999999935 -0.9180704742137654 0.3964172101980633  
5.129999999999935 -0.9140604650388853 0.4055779412363587  
5.139999999999935 -0.9099590505791663 0.4146981148184926  
5.149999999999935 -0.9057666409726367 0.4237768189347064  
5.159999999999934 -0.9014836554567638 0.4328131457221534  
5.169999999999934 -0.8971105223265301 0.4418061915556847  
5.179999999999934 -0.8926476788916047 0.4507550571382107  
5.189999999999934 -0.8880955714326122 0.4596588475906299  
5.199999999999934 -0.8834546551565052 0.4685166725413164  
5.209999999999933 -0.8787253941510443 0.4773276462151562  
5.219999999999933 -0.8739082613383892 0.4860908875221239  
5.229999999999933 -0.869003738427807 0.494805520145391  
5.239999999999933 -0.8640123158675019 0.5034706726289567  
5.249999999999932 -0.8589344927955709 0.5120854784647934  
5.259999999999932 -0.8537707769900896 0.5206490761794957  
5.269999999999932 -0.848521684818336 0.5291606094204283  
5.279999999999932 -0.8431877411851532 0.5376192270413593  
5.289999999999932 -0.8377694794804597 0.5460240831875751  
5.299999999999931 -0.8322674415259111 0.5543743373804646  
5.309999999999931 -0.8266821775207183 0.5626691546015666  
5.319999999999931 -0.8210142459866274 0.5709077053760709  
5.329999999999931 -0.815264213712069 0.579089165855765  
5.339999999999931 -0.8094326556954792 0.5872127179014183  
5.34999999999993 -0.8035201550878002 0.5952775491645953  
5.35999999999993 -0.797527303134166 0.6032828531688901  
5.36999999999993 -0.7914546991147783 0.6112278293905727  
5.37999999999993 -0.7853029502849788 0.6191116833386415  
5.38999999999993 -0.7790726718145242 0.6269336266342711  
5.399999999999929 -0.7727644867260702 0.6346928770896496  
5.409999999999929 -0.7663790258328691 0.6423886587861971  
5.419999999999929 -0.7599169276756893 0.6500202021521567  
5.429999999999929 -0.7533788384589617 0.657586744039551  
5.439999999999928 -0.74676541198616 0.6650875278004962  
5.449999999999928 -0.7400773095944206 0.6725218033628665  
5.459999999999928 -0.7333152000884097 0.6798888273053004  
5.469999999999928 -0.7264797596734429 0.6871878629315424  
5.479999999999928 -0.7195716718878661 0.6944181803441121  
5.489999999999927 -0.7125916275347014 0.7015790565172929  
5.499999999999927 -0.7055403246125678 0.7086697753694345  
5.509999999999927 -0.6984184682458817 0.7156896278345604  
5.519999999999927 -0.6912267706143453 0.7226379119332733  
5.529999999999927 -0.6839659508817292 0.7295139328429533  
5.539999999999926 -0.6766367351239562 0.736317002967239  
5.549999999999926 -0.6692398562564947 0.7430464420047868  
5.559999999999926 -0.661776053961068 0.7497015770173003  
5.569999999999926 -0.654246074611686 0.756281742496824  
5.579999999999925 -0.6466506712000093 0.7627862804322929  
5.589999999999925 -0.6389906032600497 0.7692145403753337  
5.599999999999925 -0.6312666367922184 0.7755658795053083  
5.609999999999925 -0.6234795441867258 0.7818396626935963  
5.619999999999925 -0.6156301041463437 0.7880352625671067  
5.629999999999924 -0.6077191016085353 0.7941520595710145  
5.639999999999924 -0.5997473276669624 0.8001894420307166  
5.649999999999924 -0.5917155794923763 0.8061468062129977  
5.659999999999924 -0.5836246602529018 0.8120235563864037  
5.669999999999924 -0.575475379033721 0.8178191048808141  
5.679999999999923 -0.5672685507561651 0.8235328721462088  
5.689999999999923 -0.5590049960962232 0.8291642868106225  
5.699999999999923 -0.5506855414024755 0.8347127857372811  
5.709999999999923 -0.5423110186134589 0.8401778140809154  
5.719999999999922 -0.5338822651744739 0.8455588253432449  
5.729999999999922 -0.5254001239538411 0.8508552814276272  
5.739999999999922 -0.5168654431586143 0.8560666526928673  
5.749999999999922 -0.5082790762497614 0.8611924180061812  
5.759999999999922 -0.4996418818568185 0.8662320647953087  
5.769999999999921 -0.4909547236920276 0.8711850890997702  
5.779999999999921 -0.4822184704639664 0.8760509956212625  
5.789999999999921 -0.473433995790678 0.8808292977731882  
5.799999999999921 -0.4646021781123096 0.8855195177293136  
5.809999999999921 -0.4557239006032699 0.8901211864715514  
5.81999999999992 -0.4468000510839116 0.8946338438368616  
5.82999999999992 -0.4378315219317506 0.8990570385632682  
5.83999999999992 -0.4288192099922288 0.9033903283349842  
5.84999999999992 -0.4197640164890304 0.9076332798266432  
5.859999999999919 -0.4106668469339602 0.9117854687466316  
5.869999999999919 -0.4015286110363933 0.9158464798795173  
5.879999999999919 -0.3923502226123047 0.9198159071275709  
5.889999999999919 -0.3831325994928886 0.9236933535513752  
5.899999999999919 -0.3738766634327761 0.9274784314095188  
5.909999999999918 -0.3645833400178606 0.9311707621973699  
5.919999999999918 -0.3552535585727394 0.9347699766849265  
5.929999999999918 -0.3458882520677829 0.9382757149537387  
5.939999999999918 -0.3364883570258376 0.941687626432901  
5.949999999999918 -0.3270548134285749 0.9450053699341086  
5.959999999999917 -0.3175885646224939 0.9482286136857758  
5.969999999999917 -0.308090557224587 0.9513570353662134  
5.979999999999917 -0.2985617410276796 0.9543903221358601  
5.989999999999917 -0.2890030689054513 0.9573281706685663  
5.999999999999917 -0.2794154967171492 0.9601702871819271  
6.009999999999916 -0.269799983212003 0.9629163874666592  
6.019999999999916 -0.2601574899333509 0.9655661969150223  
6.029999999999916 -0.2504889811224858 0.9681194505482797  
6.039999999999916 -0.2407954236222322 0.9705758930431956  
6.049999999999915 -0.2310777867802628 0.9729352787575672  
6.059999999999915 -0.2213370423521641 0.9751973717547894  
6.069999999999915 -0.2115741644042624 0.9773619458274471  
6.079999999999915 -0.2017901292162172 0.9794287845199368  
6.089999999999915 -0.1919859151833944 0.9813976811501114  
6.099999999999914 -0.1821625027190277 0.9832684388299485  
6.109999999999914 -0.1723208741561779 0.985040870485239  
6.119999999999914 -0.1624620136495004 0.9867147988742944  
6.129999999999914 -0.1525869070768309 0.9882900566056704  
6.139999999999914 -0.1426965419405977 0.9897664861549065  
6.149999999999913 -0.1327919072690732 0.991143939880278  
6.159999999999913 -0.1228739935174711 0.9924222800375603  
6.169999999999913 -0.1129437924689022 0.9936013787938026  
6.179999999999913 -0.1030022971351968 0.994681118240112  
6.189999999999912 -0.09305050165760415 0.9956613904034434  
6.199999999999912 -0.08308940120737947 0.9965420972573973  
6.209999999999912 -0.07311999188626739 0.9973231507320222  
6.219999999999912 -0.06314327062689273 0.9980044727226214  
6.229999999999912 -0.05316023509306805 0.9985859950975635  
6.239999999999911 -0.04317188358002809 0.9990676597050956  
6.249999999999911 -0.03317921491460107 0.9994494183791582  
6.259999999999911 -0.02318322835532687 0.9997312329442022  
6.269999999999911 -0.01318492349253198 0.9999130752190056  
6.279999999999911 -0.003185300148371316 0.9999949270194927  
6.28999999999991 0.006814641723153178 0.9999767801605514  
6.29999999999991 0.01681390213618707 0.9998586364568525  
6.30999999999991 0.02681148117302123 0.9996405077226679  
6.31999999999991 0.03680637908408273 0.9993224157706891  
6.329999999999909 0.04679759638790898 0.9989043924098464  
6.339999999999909 0.05678413397109507 0.9983864794421274  
6.349999999999909 0.06676499318820422 0.9977687286583974  
6.359999999999909 0.07673917596163157 0.9970512018332199  
6.369999999999909 0.08670568488141103 0.9962339707186796  
6.379999999999908 0.09666352330495549 0.9953171170372067  
6.389999999999908 0.1066116954567202 0.9943007324734056  
6.399999999999908 0.1165492065277797 0.9931849186648855  
6.409999999999908 0.1264750627753075 0.9919697871920974  
6.419999999999908 0.1363882716219497 0.9906554595671762  
6.429999999999907 0.1462878417550824 0.9892420672217891  
6.439999999999907 0.1561727832259411 0.9877297514939928  
6.449999999999907 0.1660421075486157 0.9861186636140999  
6.459999999999907 0.1758948277988979 0.984408964689556  
6.469999999999906 0.1857299587129726 0.9826008256888286  
6.479999999999906 0.1955465167859438 0.9806944274243112  
6.489999999999906 0.2053435203701842 0.9786899605342417  
6.499999999999906 0.2151199897734989 0.9765876254636388  
6.509999999999906 0.2248749473570942 0.9743876324442576  
6.519999999999905 0.2346074176333402 0.972090201473567  
6.529999999999905 0.2443164273633192 0.9696955622927493  
6.539999999999905 0.2540010056541484 0.9672039543637275  
6.549999999999905 0.2636601840560687 0.9646156268452181  
6.559999999999905 0.2732929966592887 0.9619308385678161  
6.569999999999904 0.282898480190575 0.9591498580081121  
6.579999999999904 0.2924756741095783 0.9562729632618447  
6.589999999999904 0.3020236207048871 0.9533004420160913  
6.599999999999904 0.3115413651897982 0.9502325915204994  
6.609999999999904 0.3210279557977939 0.9470697185575622  
6.619999999999903 0.3304824438777184 0.9438121394119403  
6.629999999999903 0.3399038839886418 0.940460179838834  
6.639999999999903 0.3492913339944038 0.9370141750314073  
6.649999999999903 0.358643855157826 0.9334744695872694  
6.659999999999902 0.3679605122345855 0.9298414174740153  
6.669999999999902 0.3772403735667379 0.9261153819938288  
6.679999999999902 0.3864825111758826 0.9222967357471532  
6.689999999999902 0.39568600085596 0.918385860595431  
6.699999999999902 0.4048499222656712 0.9143831476229186  
6.709999999999901 0.4139733590205112 0.9102889970975778  
6.719999999999901 0.4230553987844069 0.9061038184310496  
6.729999999999901 0.4320951333609498 0.9018280301377131  
6.739999999999901 0.4410916587842148 0.8974620597928347  
6.749999999999901 0.4500440754091562 0.8930063439898108  
6.7599999999999 0.4589514880015713 0.8884613282965089  
6.7699999999999 0.4678130058276233 0.883827467210711  
6.7799999999999 0.4766277427429135 0.8791052241146644  
6.7899999999999 0.4853948172810956 0.8742950712287436  
6.799999999999899 0.4941133527420211 0.8693974895642291  
6.809999999999899 0.5027824772794089 0.8644129688752062  
6.819999999999899 0.5114013239880292 0.8593420076095905  
6.829999999999899 0.5199690309903927 0.8541851128592827  
6.839999999999899 0.5284847415229387 0.8489428003094608  
6.849999999999898 0.5369476040217097 0.8436155941870115  
6.859999999999898 0.5453567722075078 0.8382040272081079  
6.869999999999898 0.5537114051705215 0.8327086405249386  
6.879999999999898 0.5620106674544164 0.8271299836715927  
6.889999999999898 0.5702537291398795 0.8214686145091069  
6.899999999999897 0.578439765927611 0.8157250991696799  
6.909999999999897 0.5865679592207536 0.8099000120000598  
6.919999999999897 0.5946374962067507 0.8039939355041095  
6.929999999999897 0.6026475699386279 0.798007460284557  
6.939999999999896 0.6105973794156867 0.7919411849839362  
6.949999999999896 0.6184861296636038 0.785795716224722  
6.959999999999896 0.6263130318139278 0.7795716685486695  
6.969999999999896 0.6340773031829657 0.7732696643553599  
6.979999999999896 0.6417781673500504 0.7668903338399612  
6.989999999999895 0.6494148542351821 0.7604343149302092  
6.999999999999895 0.6569866001760357 0.7539022532226151  
7.009999999999895 0.6644926480043265 0.7472948019179066  
7.019999999999895 0.6719322471215263 0.7406126217557084  
7.029999999999895 0.6793046535739226 0.7338563809484685  
7.039999999999894 0.6866091301270133 0.7270267551146379  
7.049999999999894 0.6938449463392299 0.7201244272111088  
7.059999999999894 0.7010113786349805 0.7131500874649201  
7.069999999999894 0.7081077103770071 0.7061044333042349  
7.079999999999893 0.7151332319380488 0.6989881692885981  
7.089999999999893 0.7220872407718036 0.6918020070384815  
7.099999999999893 0.7289690414831828 0.684546665164122  
7.109999999999893 0.7357779458978495 0.6772228691936613  
7.119999999999893 0.7425132731310361 0.6698313515005936  
7.129999999999892 0.7491743496556317 0.662372851230529  
7.139999999999892 0.7557605093695342 0.6548481142272796  
7.149999999999892 0.7622710936622603 0.6472578929582755  
7.159999999999892 0.7687054514808059 0.6396029464393188  
7.169999999999892 0.7750629393947508 0.6318840401586826  
7.179999999999891 0.7813429216606009 0.624101946000563  
7.189999999999891 0.7875447702853627 0.6162574421678911  
7.199999999999891 0.7936678650893416 0.6083513131045136  
7.209999999999891 0.7997115937681594 0.6003843494167488  
7.219999999999891 0.8056753519539842 0.5923573477943266  
7.22999999999989 0.811558543275967 0.5842711109307206  
7.23999999999989 0.8173605794198777 0.5761264474428791  
7.24999999999989 0.8230808801869368 0.5679241717903641  
7.25999999999989 0.8287188735518342 0.559665104193906  
7.269999999999889 0.8342739957199311 0.5513500705533824  
7.279999999999889 0.83974569118364 0.5429799023652285  
7.289999999999889 0.8451334127779736 0.5345554366392885  
7.299999999999889 0.8504366217352621 0.5260775158151151  
7.309999999999889 0.8556547877390288 0.5175469876777261  
7.319999999999888 0.8607873889770215 0.508964705272827  
7.329999999999888 0.8658339121933931 0.5003315268215068  
7.339999999999888 0.8707938527400272 0.4916483156344169  
7.349999999999888 0.8756667146270021 0.4829159400254404  
7.359999999999888 0.8804520105721895 0.4741352732248617  
7.369999999999887 0.8851492620499823 0.465307193292044  
7.379999999999887 0.889757999339147 0.4564325830276245  
7.389999999999887 0.8942777615697948 0.4475123298852344  
7.399999999999887 0.8987080967694688 0.4385473258827551  
7.409999999999886 0.9030485619083409 0.4295384675131163  
7.419999999999886 0.907298722943514 0.4204866556546482  
7.429999999999886 0.911458154862426 0.4113927954809939  
7.439999999999886 0.9155264417253509 0.4022577963705931  
7.449999999999886 0.9195031767069924 0.3930825718157448  
7.459999999999885 0.9233879621371662 0.3838680393312589  
7.469999999999885 0.9271804095405662 0.3746151203627057  
7.479999999999885 0.9308801396756122 0.3653247401942716  
7.489999999999885 0.9344867825723736 0.3559978278562322  
7.499999999999885 0.9379999775695661 0.3466353160320492  
7.509999999999884 0.9414193733506173 0.3372381409651035  
7.519999999999884 0.9447446279787984 0.3278072423650712  
7.529999999999884 0.9479754089314175 0.318343563313954  
7.539999999999884 0.9511113931330714 0.308848050171771  
7.549999999999883 0.954152266987953 0.2993216524819239  
7.559999999999883 0.9570977264112106 0.2897653228762436  
7.569999999999883 0.9599474768593564 0.2801800169797277  
7.579999999999883 0.9627012333597201 0.2705666933149785  
7.589999999999883 0.9653587205389463 0.2609263132063518  
7.599999999999882 0.9679196726505316 0.2512598406838256  
7.609999999999882 0.9703838336013986 0.2415682423865971  
7.619999999999882 0.9727509569775056 0.2318524874664203  
7.629999999999882 0.9750208060684873 0.2221135474906912  
7.639999999999882 0.9771931538913261 0.2123523963452922  
7.649999999999881 0.9792677832130499 0.2025700101372041  
7.659999999999881 0.9812444865724551 0.1927673670968962  
7.669999999999881 0.9831230663008531 0.1829454474805042  
7.679999999999881 0.9849033345418362 0.1731052334718053  
7.68999999999988 0.9865851132700638 0.1632477090840009  
7.69999999999988 0.9881682343090644 0.1533738600613156  
7.70999999999988 0.9896525393480533 0.143484673780424  
7.71999999999988 0.9910378799577634 0.1335811391517137  
7.72999999999988 0.992324117605288 0.1236642465203953  
7.739999999999879 0.9935111236679343 0.1137349875674683  
7.749999999999879 0.9945987794460849 0.1037943552105542  
7.759999999999879 0.9955869761750683 0.09384334350460535  
7.769999999999879 0.9964756150360351 0.08388294754250042  
7.779999999999879 0.9972646071658395 0.07391416335553581  
7.789999999999878 0.9979538736659261 0.06393798781382348  
7.799999999999878 0.9985433456102192 0.05395541852660465  
7.809999999999878 0.9990329640520155 0.04396745374248978  
7.819999999999878 0.9994226800298787 0.03397509224963455  
7.829999999999878 0.9997124545725358 0.02397933327586182  
7.839999999999877 0.9999022587027739 0.01398117638873972  
7.849999999999877 0.9999920734403382 0.003981621395625717  
7.859999999999877 0.9999818898038297 -0.006018331756313272  
7.869999999999877 0.9998717088116036 -0.0160176830800948  
7.879999999999876 0.9996615414816672 -0.02601543264891873  
7.889999999999876 0.9993514088305784 -0.03601058069615908  
7.899999999999876 0.9989413418713438 -0.04600212771533986  
7.909999999999876 0.9984313816103175 -0.05598907456008488  
7.919999999999876 0.9978215790431008 -0.06597042254403157  
7.929999999999875 0.9971119951494422 -0.07594517354069877  
7.939999999999875 0.9963027008871397 -0.08591233008329854  
7.949999999999875 0.9953937771849451 -0.09587089546448205  
7.959999999999875 0.9943853149344714 -0.1058198738360094  
7.969999999999875 0.993277414981103 -0.1157582703083337  
7.979999999999874 0.9920701881139122 -0.1256850910500892  
7.989999999999874 0.9907637550545798 -0.1355993433874735  
7.999999999999874 0.9893582464453229 -0.1455000359035142  
8.009999999999874 0.9878538028358312 -0.1553861785372097  
8.019999999999873 0.9862505746692123 -0.1652567826825345  
8.029999999999873 0.9845487222669466 -0.175110861287299  
8.039999999999873 0.9827484158128562 -0.184947428951854  
8.049999999999873 0.9808498353360865 -0.1947655020276296  
8.059999999999873 0.978853170693103 -0.2045640987154994  
8.069999999999872 0.9767586215487061 -0.2143422391639594  
8.079999999999872 0.9745663973560649 -0.2240989455671129  
8.089999999999872 0.9722767173357719 -0.2338332422624495  
8.099999999999872 0.9698898104539213 -0.2435441558284111  
8.109999999999872 0.9674059153992122 -0.2532307151817329  
8.119999999999871 0.9648252805590802 -0.2628919516745512  
8.129999999999871 0.962148163994859 -0.2725268991912672  
8.139999999999871 0.9593748334159742 -0.2821345942451578  
8.149999999999871 0.9565055661531726 -0.2917140760747235  
8.15999999999987 0.9535406491307897 -0.3012643867397636  
8.16999999999987 0.950480378838057 -0.3107845712171698  
8.17999999999987 0.9473250612994538 -0.3202736774964273  
8.18999999999987 0.9440750120441046 -0.3297307566748151  
8.19999999999987 0.9407305560742266 -0.3391548630522958  
8.209999999999869 0.9372920278326301 -0.3485450542260846  
8.219999999999869 0.9337597711692739 -0.3579003911848886  
8.229999999999869 0.9301341393068808 -0.3672199384028076  
8.239999999999869 0.9264154948056161 -0.3765027639328856  
8.249999999999869 0.9226042095268311 -0.3857479395003047  
8.259999999999868 0.9187006645958777 -0.3949545405952119  
8.269999999999868 0.9147052503639964 -0.4041216465651695  
8.279999999999868 0.9106183663692811 -0.4132483407072191  
8.289999999999868 0.9064404212967255 -0.4223337103595515  
8.299999999999867 0.9021718329373557 -0.4313768469927723  
8.309999999999867 0.8978130281464505 -0.4403768463007535  
8.319999999999867 0.8933644428008569 -0.4493328082910638  
8.329999999999867 0.8888265217554026 -0.4582438373749669  
8.339999999999867 0.8841997187984106 -0.4671090424569799  
8.349999999999866 0.8794844966063214 -0.4759275370239816  
8.359999999999866 0.8746813266974249 -0.4846984392338636  
8.369999999999866 0.8697906893847097 -0.4934208720037135  
8.379999999999866 0.8648130737278318 -0.5020939630975225  
8.389999999999866 0.859748977484209 -0.5107168452134083  
8.399999999999865 0.8545989070592459 -0.5192886560703446  
8.409999999999865 0.8493633774556936 -0.5278085384943884  
8.419999999999865 0.8440429122221496 -0.5362756405043966  
8.429999999999865 0.8386380434007039 -0.5446891153972236  
8.439999999999864 0.8331493114737349 -0.553048121832391  
8.449999999999864 0.8275772653098616 -0.5613518239162206  
8.459999999999864 0.8219224621090573 -0.5695993912854234  
8.469999999999864 0.81618546734693 -0.5777899991901347  
8.479999999999864 0.8103668547181754 -0.5859228285763893  
8.489999999999863 0.8044672060792077 -0.5939970661680254  
8.499999999999863 0.798487111389975 -0.6020119045480119  
8.509999999999863 0.7924271686549629 -0.6099665422391893  
8.519999999999863 0.7862879838633954 -0.617860183784417  
8.529999999999863 0.7800701709286358 -0.6256920398261179  
8.539999999999862 0.7737743516267966 -0.633461327185214  
8.549999999999862 0.7674011555345617 -0.6411672689394434  
8.559999999999862 0.7609512199662296 -0.6488090945010518  
8.569999999999862 0.7544251899099826 -0.6563860396938509  
8.579999999999862 0.7478237179633883 -0.6638973468296349  
8.589999999999861 0.7411474642681404 -0.6713422647839492  
8.599999999999861 0.7343970964440453 -0.6787200490712022  
8.609999999999861 0.7275732895222604 -0.6860299619191128  
8.619999999999861 0.7206767258777917 -0.6932712723424874  
8.62999999999986 0.713708095161257 -0.7004432562163178  
8.63999999999986 0.7066680942299211 -0.7075451963481926  
8.64999999999986 0.6995574270780106 -0.7145763825500165  
8.65999999999986 0.6923768047663158 -0.7215361117090284  
8.66999999999986 0.6851269453510843 -0.7284236878581117  
8.679999999999859 0.6778085738122164 -0.7352384222453907  
8.689999999999859 0.6704224219807677 -0.7419796334031052  
8.699999999999859 0.6629692284657668 -0.7486466472157568  
8.709999999999859 0.6554497385803544 -0.7552387969875196  
8.719999999999859 0.6478647042672533 -0.7617554235089096  
8.729999999999858 0.6402148840235743 -0.7681958751227046  
8.739999999999858 0.6325010428249673 -0.77455950778911  
8.749999999999858 0.6247239520491245 -0.7808456851501617  
8.759999999999858 0.6168843893986428 -0.7870537785933619  
8.769999999999857 0.6089831388232547 -0.7931831673145392  
8.779999999999857 0.601020990441434 -0.799233238379929  
8.789999999999857 0.592998740461384 -0.8052033867874661  
8.799999999999857 0.5849171911014179 -0.8110930155272844  
8.809999999999857 0.5767771505097377 -0.8169015356414178  
8.819999999999856 0.5685794326836194 -0.8226283662826948  
8.829999999999856 0.5603248573880149 -0.8282729347728234  
8.839999999999856 0.5520142500735751 -0.8338346766596579  
8.849999999999856 0.5436484417941064 -0.8393130357736442  
8.859999999999856 0.5352282691234659 -0.8447074642834359  
8.869999999999855 0.5267545740719041 -0.850017422750677  
8.879999999999855 0.5182282040018653 -0.8552423801839454  
8.889999999999855 0.5096500115432516 -0.8603818140918515  
8.899999999999855 0.5010208545081609 -0.8654352105352873  
8.909999999999854 0.4923415958051062 -0.870402064178819  
8.919999999999854 0.4836131033527254 -0.8752818783412213  
8.929999999999854 0.4748362499929907 -0.880074165045144  
8.939999999999854 0.4660119134039243 -0.88477844506591  
8.949999999999854 0.4571409760118321 -0.8893942479794371  
8.959999999999853 0.4482243249030612 -0.8939211122092804  
8.969999999999853 0.4392628517352926 -0.8983585850727888  
8.979999999999853 0.4302574526483756 -0.9027062228263736  
8.989999999999853 0.4212090281747147 -0.9069635907098822  
8.999999999999853 0.4121184831492176 -0.9111302629900739  
9.009999999999852 0.4029867266188119 -0.9152058230031926  
9.019999999999852 0.3938146717515412 -0.919189863196633  
9.029999999999852 0.3846032357452494 -0.9230819851696955  
9.039999999999852 0.3753533397358615 -0.9268817997134261  
9.049999999999851 0.3660659087052706 -0.9305889268495365  
9.059999999999851 0.3567418713888408 -0.9342029958684024  
9.069999999999851 0.3473821601825342 -0.9377236453661332  
9.079999999999851 0.3379877110496722 -0.9411505232807128  
9.089999999999851 0.3285594634273398 -0.9444832869272053  
9.09999999999985 0.319098360132443 -0.9477216030320231  
9.10999999999985 0.3096053472674274 -0.9508651477662542  
9.11999999999985 0.3000813741256693 -0.9539136067780445  
9.12999999999985 0.2905273930965467 -0.956866675224033  
9.13999999999985 0.2809443595702015 -0.9597240577998358  
9.149999999999849 0.2713332318420008 -0.9624854687695764  
9.159999999999849 0.2616949710167087 -0.9651506319944587  
9.169999999999849 0.2520305409123765 -0.9677192809603811  
9.179999999999849 0.2423409079639614 -0.9701911588045872  
9.189999999999849 0.232627041126684 -0.9725660183413524  
9.199999999999848 0.2228899117791338 -0.9748436220867019  
9.209999999999848 0.2131304936261318 -0.9770237422821592  
9.219999999999848 0.203349762601361 -0.979106160917521  
9.229999999999848 0.1935486967697736 -0.9810906697526592  
9.239999999999847 0.183728276229786 -0.9829770703383439  
9.249999999999847 0.1738894830152689 -0.9847651740360884  
9.259999999999847 0.1640333009973454 -0.9864548020370129  
9.269999999999847 0.1541607157860042 -0.988045785379725  
9.279999999999847 0.14427271463154 -0.9895379649672164  
9.289999999999846 0.1343702863258287 -0.9909311915827714  
9.299999999999846 0.1244544211034494 -0.9922253259048898  
9.309999999999846 0.1145261105426616 -0.9934202385212173  
9.319999999999846 0.1045863474662485 -0.9945158099414881  
9.329999999999846 0.09463612584223495 -0.9955119306094732  
9.339999999999845 0.08467644068449219 -0.9964085009139356  
9.349999999999845 0.07470828795323677 -0.9972054311985921  
9.359999999999845 0.06473266445543555 -0.997902641771078  
9.369999999999845 0.05475056774512586 -0.9985000629109172  
9.379999999999844 0.04476299602366088 -0.9989976348764935  
9.389999999999844 0.03477094803989032 -0.9993953079110249  
9.399999999999844 0.0247754229902864 -0.9996930422475393  
9.409999999999844 0.01477742041902503 -0.999890808112851  
9.419999999999844 0.004777940118032233 -0.9999885857305384  
9.429999999999843 -0.005222017972994247 -0.999986365322921  
9.439999999999843 -0.01522145386657805 -0.9998841471120378  
9.449999999999843 -0.02521936762746212 -0.9996819413196246  
9.459999999999843 -0.03521475947260141 -0.9993797681660922  
9.469999999999843 -0.04520662987114035 -0.998977657868504  
9.479999999999842 -0.05519397964436508 -0.9984756506375548  
9.489999999999842 -0.06517581006562052 -0.9978737966735494  
9.499999999999842 -0.07515112296018218 -0.9971721561613824  
9.509999999999842 -0.0851189208050728 -0.9963707992645205  
9.519999999999841 -0.09507820682881385 -0.9954698061179856  
9.529999999999841 -0.1050279851111018 -0.9944692668203415  
9.539999999999841 -0.1149672606823993 -0.9933692814246843  
9.549999999999841 -0.1248950396234315 -0.9921699599286368  
9.559999999999841 -0.1348103291645768 -0.9908714222633492  
9.56999999999984 -0.1447121377851433 -0.9894737982815062  
9.57999999999984 -0.1545994753125199 -0.987977227744341  
9.58999999999984 -0.1644713530211927 -0.9863818603076605  
9.59999999999984 -0.1743267837316169 -0.9846878555068788  
9.60999999999984 -0.1841647819089338 -0.9828953827410644  
9.619999999999839 -0.1939843637615234 -0.9810046212560002  
9.629999999999839 -0.2037845473393829 -0.9790157601262592  
9.639999999999839 -0.2135643526323208 -0.9769289982362971  
9.649999999999839 -0.223322801667957 -0.9747445442605639  
9.659999999999838 -0.2330589186095195 -0.972462616642637  
9.669999999999838 -0.2427717298534271 -0.9700834435733766  
9.679999999999838 -0.2524602641266487 -0.9676072629681071  
9.689999999999838 -0.2621235525838304 -0.9650343224428256  
9.699999999999838 -0.2717606289041785 -0.9623648792894407  
9.709999999999837 -0.2813705293880914 -0.9595992004500433  
9.719999999999837 -0.2909522930535284 -0.9567375624902128  
9.729999999999837 -0.3005049617321072 -0.9537802515713605  
9.739999999999837 -0.31002758016492 -0.9507275634221141  
9.749999999999837 -0.3195191960980586 -0.9475798033087446  
9.759999999999836 -0.3289788603778386 -0.9443372860046404  
9.769999999999836 -0.3384056270457148 -0.94100033575883  
9.779999999999836 -0.3477985534328752 -0.9375692862635574  
9.789999999999836 -0.3571567002545083 -0.9340444806209131  
9.799999999999836 -0.3664791317037297 -0.930426271308524  
9.809999999999835 -0.3757649155451626 -0.9267150201443065  
9.819999999999835 -0.3850131232081606 -0.9229110982502845  
9.829999999999835 -0.3942228298796637 -0.9190148860154775  
9.839999999999835 -0.4033931145966789 -0.9150267730578625  
9.849999999999834 -0.4125230603383759 -0.9109471581854119  
9.859999999999834 -0.4216117541177883 -0.9067764493562135  
9.869999999999834 -0.4306582870731117 -0.9025150636376749  
9.879999999999834 -0.4396617545585886 -0.8981634271648168  
9.889999999999834 -0.448621256234973 -0.8937219750976605  
9.899999999999833 -0.4575358961595629 -0.8891911515777118  
9.909999999999833 -0.4664047828757942 -0.8845714096835471  
9.919999999999833 -0.4752270295023856 -0.8798632113855063  
9.929999999999833 -0.4840017538220258 -0.8750670274994958  
9.939999999999833 -0.4927280783695945 -0.8701833376399079  
9.949999999999832 -0.5014051305199084 -0.8652126301716587  
9.959999999999832 -0.5100320425749829 -0.8601554021613533  
9.969999999999832 -0.5186079518508011 -0.8550121593275786  
9.979999999999832 -0.5271320007635815 -0.8497834159903321  
9.989999999999831 -0.5356033369155356 -0.8444696950195906  
9.999999999999831 -0.5440211131801074 -0.8390715277830233  
