0 0 1  
0.03125 0.03124491373697916 0.9995117584864298  
0.0625 0.06245931734600971 0.998047510718204  
0.09375 0.0936127304921692 0.9956086865084093  
0.125 0.1246747334348762 0.9921976673588813  
0.15625 0.1556149936194435 0.9878177839701859  
0.1875 0.186403298405513 0.9824733132308512  
0.21875 0.2170095835340252 0.976169473924421  
0.25 0.2474039624855265 0.9689124216430434  
0.28125 0.2775567556632268 0.9607092427751823  
0.3125 0.3074385193747454 0.9515679475859087  
0.34375 0.3370200745833801 0.9414974623950089  
0.375 0.3662725354009433 0.9305076208605854  
0.40625 0.3951673372943427 0.9186091543766561  
0.4375 0.4236762649783648 0.9058136815941303  
0.46875 0.4517714799674234 0.8921336970753924  
0.5 0.4794255477593701 0.8775825590935737  
0.53125 0.5066114646248212 0.8621744765884254  
0.5625 0.533302683975843 0.8459244952915288  
0.59375 0.5594731422882456 0.828848483034394  
0.625 0.5850972845521735 0.8109631142537905  
0.65625 0.6101500892261401 0.7922858537094429  
0.6875 0.6346070926701405 0.772834939429988  
0.71875 0.6584444130339812 0.7526293649038494  
0.75 0.6816387735775035 0.7316888605324168  
0.78125 0.7041675253999266 0.7100338743636442  
0.8125 0.7260086695561158 0.6876855521248765  
0.84375 0.7471408785381806 0.664665716574405  
0.875 0.7675435171014253 0.6409968461919134  
0.90625 0.7871966624143167 0.6167020532286233  
0.9375 0.806081123512792 0.5918050611385715  
0.96875 0.8241784600399108 0.5663301814130591  
1 0.8414710002525516 0.5403022898408922  
1.03125 0.8579418582775706 0.5137468022175945  
1.0625 0.8735749506005709 0.4866896495273136  
1.09375 0.8883550117711825 0.4591572526216539  
1.125 0.9022676093095168 0.4311764964201624  
1.15625 0.9152991577992388 0.4027747036576593  
1.1875 0.9274369321534968 0.3739796082040506  
1.21875 0.9386690800407547 0.3448193279826731  
1.25 0.9489846334583931 0.3153223375136183  
1.28125 0.958373519442779 0.2855174401088453  
1.3125 0.9668265699053443 0.2554337397462347  
1.34375 0.9743355305850694 0.2251006126500462  
1.375 0.9808930691086297 0.1945476786055328  
1.40625 0.9864927821503346 0.1638047720357224  
1.4375 0.9911292016848668 0.1329019128686079  
1.46875 0.9947978003267167 0.1018692772231959  
1.5 0.997494995751098 0.07073716794303711  
1.53125 0.9992181541920276 0.03953598500601245  
1.5625 0.9999655930141541 0.00829619583926906  
1.59375 0.9997365823558223 -0.02295169443170673  
1.625 0.9985313458417718 -0.05417717277082823  
1.65625 0.9963510603647712 -0.08534974802687179  
1.6875 0.9931978549364021 -0.1164389807075701  
1.71875 0.9890748086081166 -0.1474145127032611  
1.75 0.9839859474645949 -0.1782460969310687  
1.78125 0.9779362406923426 -0.2089036268706672  
1.8125 0.9709315957273644 -0.239357165962789  
1.84375 0.962978852486653 -0.2695769768417683  
1.875 0.9540857766891261 -0.2995335503735756  
1.90625 0.9442610522725337 -0.3291976344709874  
1.9375 0.9335142729137399 -0.3585402626577549  
1.96875 0.9218559326606605 -0.3875327823538779  
2 0.9092974156850024 -0.4161468828543644  
