0 0 1  
0.005 0.005 0.99999375  
0.01 0.0099999375 0.9999625000390625  
0.015 0.01499968750058594 0.9999062505859373  
0.02 0.01999912500546875 0.9998250027343683  
0.025 0.0249981250246093 0.9997187582030738  
0.03 0.02999656257734327 0.999587519335712  
0.035 0.03499431269550572 0.9994312891008295  
0.04 0.03999125042655552 0.9992500710917951  
0.045 0.04498725083669933 0.999043869526718  
0.05 0.04998218901401519 0.99881268924835  
0.05499999999999999 0.0549759400715756 0.9985565357239721  
0.05999999999999999 0.05996837915057002 0.998275415045266  
0.06499999999999999 0.06495938142342665 0.9979693339281691  
0.06999999999999999 0.06994882209693359 0.9976382997127149  
0.075 0.07493657641535906 0.997282320362857  
0.08 0.07992251966357075 0.996901404466278  
0.08500000000000001 0.08490652717015425 0.9964955612341821  
0.09000000000000001 0.08988847431053035 0.9960648005010737  
0.09500000000000001 0.09486823651007127 0.9956091327245179  
0.1 0.09984568924721568 0.995128568984888  
0.105 0.1048207080565823 0.9946231209850958  
0.11 0.1097931685320824 0.9940928010503067  
0.115 0.1147629463300306 0.9935376221276397  
0.12 0.1197299171722543 0.9929575977858512  
0.125 0.1246939568492012 0.9923527422150038  
0.13 0.1296549412230459 0.9917230702261189  
0.135 0.1346127462307939 0.9910685972508148  
0.14 0.139567247887384 0.990389339340928  
0.145 0.1445183222887894 0.9896853131681201  
0.15 0.1494658456151157 0.9889565360234689  
0.1550000000000001 0.154409694133698 0.9882030258170431  
0.1600000000000001 0.1593497442021948 0.9874248010774632  
0.1650000000000001 0.1642858722716809 0.9866218809514455  
0.1700000000000001 0.1692179548897364 0.9857942852033312  
0.1750000000000001 0.174145868703535 0.9849420342146  
0.1800000000000001 0.1790694904629286 0.9840651489833685  
0.1850000000000001 0.18398869702353 0.9831636511238727  
0.1900000000000001 0.188903365349793 0.9822375628659356  
0.1950000000000001 0.1938133725180892 0.9812869070544187  
0.2000000000000001 0.1987185957197831 0.9803117071486591  
0.2050000000000001 0.2036189122643031 0.9793119872218905  
0.2100000000000001 0.2085141995822109 0.9782877719606489  
0.2150000000000001 0.2134043352282668 0.977239086664163  
0.2200000000000001 0.2182891968844924 0.97616595724373  
0.2250000000000001 0.2231686623632306 0.9750684102220748  
0.2300000000000001 0.2280426096102012 0.9739464727326947  
0.2350000000000001 0.2329109167075546 0.9728001725191892  
0.2400000000000001 0.2377734618769211 0.9716295379345732  
0.2450000000000001 0.2426301234824572 0.9704345979405765  
0.2500000000000001 0.2474807800338883 0.9692153821069271  
0.2550000000000001 0.2523253101895478 0.9679719206106195  
0.2600000000000001 0.2571635927594122 0.966704244235168  
0.2650000000000001 0.2619955067081333 0.9654123843698444  
0.2700000000000001 0.2668209311580655 0.9640963730089015  
0.2750000000000001 0.2716397453922903 0.9627562427507799  
0.2800000000000001 0.2764518288576355 0.9613920267973012  
0.2850000000000001 0.2812570611676916 0.9600037589528455  
0.2900000000000001 0.2860553221058235 0.9585914736235136  
0.2950000000000002 0.2908464916281779 0.9571552058162743  
0.3000000000000002 0.2956304498666866 0.9556949911380971  
0.3050000000000002 0.3004070771320654 0.9542108657950691  
0.3100000000000002 0.3051762539168087 0.9527028665914975  
0.3150000000000002 0.3099378608981792 0.9511710309289972  
0.3200000000000002 0.3146917789411936 0.9496153968055631  
0.3250000000000002 0.319437889101603 0.9480360028146271  
0.3300000000000002 0.3241760726288693 0.9464328881441014  
0.3350000000000002 0.3289062109691359 0.9448060925754062  
0.3400000000000002 0.3336281857681943 0.9431556564824819  
0.3450000000000002 0.3383418788744457 0.9414816208307879  
0.3500000000000002 0.3430471723418567 0.9397840271762855  
0.3550000000000002 0.347743948432911 0.9380629176644064  
0.3600000000000002 0.3524320896215553 0.9363183350290064  
0.3650000000000002 0.3571114785961402 0.9345503225913047  
0.3700000000000002 0.3617819982623555 0.9327589242588078  
0.3750000000000002 0.3664435317461603 0.9309441845242195  
0.3800000000000002 0.371095962396708 0.9291061484643354  
0.3850000000000002 0.3757391737892647 0.927244861738924  
0.3900000000000002 0.3803730497281231 0.9253603705895918  
0.3950000000000002 0.3849974742495103 0.9234527218386349  
0.4000000000000002 0.3896123316244894 0.9215219628878759  
0.4050000000000002 0.3942175063618562 0.9195681417174855  
0.4100000000000003 0.3988128832110288 0.9175913068847904  
0.4150000000000003 0.4033983471649327 0.9155915075230673  
0.4200000000000003 0.4079737834628782 0.9135687933403206  
0.4250000000000003 0.4125390775934332 0.9115232146180479  
0.4300000000000003 0.4170941152972885 0.9094548222099893  
0.4350000000000003 0.4216387825701178 0.9073636675408641  
0.4400000000000003 0.4261729656654311 0.9052498026050914  
0.4450000000000003 0.4306965510974211 0.903113279965498  
0.4500000000000003 0.4352094256438042 0.9009541527520111  
0.4550000000000003 0.439711476348654 0.8987724746603374  
0.4600000000000003 0.4442025905252285 0.8965682999506275  
0.4650000000000003 0.4486826557587908 0.8943416834461266  
0.4700000000000003 0.453151559909423 0.8920926805318111  
0.4750000000000003 0.4576091911148326 0.8898213471530106  
0.4800000000000003 0.4620554377931532 0.8875277398140168  
0.4850000000000003 0.466490188645737 0.8852119155766772  
0.4900000000000003 0.4709133326599414 0.8828739320589761  
0.4950000000000003 0.4753247591119071 0.8805138474336011  
0.5000000000000003 0.4797243575693307 0.878131720426495  
0.5050000000000003 0.4841120178942284 0.8757276103153957  
0.5100000000000003 0.4884876302456935 0.8733015769283601  
0.5150000000000003 0.4928510850826463 0.8708536806422759  
0.5200000000000004 0.4972022731665759 0.8683839823813586  
0.5250000000000004 0.5015410855642753 0.8658925436156358  
0.5300000000000004 0.5058674136505688 0.8633794263594169  
0.5350000000000004 0.5101811491110305 0.8608446931697493  
0.5400000000000004 0.5144821839446974 0.8582884071448619  
0.5450000000000004 0.518770410466772 0.8557106319225938  
0.5500000000000004 0.5230457213113195 0.8531114316788104  
0.5550000000000004 0.5273080094339554 0.8504908711258058  
0.5600000000000004 0.5315571681145255 0.8478490155106915  
0.5650000000000004 0.5357930909597782 0.8451859306137719  
0.5700000000000004 0.5400156719060286 0.8425016827469066  
0.5750000000000004 0.5442248052218137 0.8397963387518593  
0.5800000000000004 0.5484203855105404 0.837069965998633  
0.5850000000000004 0.5526023077131241 0.8343226323837929  
0.5900000000000004 0.5567704671106198 0.8315544063287749  
0.5950000000000004 0.5609247593268443 0.8287653567781822  
0.6000000000000004 0.5650650803309893 0.8259555531980681  
0.6050000000000004 0.5691913264402276 0.8231250655742057  
0.6100000000000004 0.5733033943223084 0.8202739644103447  
0.6150000000000004 0.5774011809981455 0.8174023207264556  
0.6200000000000004 0.5814845838443966 0.8145102060569603  
0.6250000000000004 0.5855535005960324 0.8115976924489505  
0.6300000000000004 0.5896078293488984 0.8086648524603925  
0.6350000000000005 0.593647468562267 0.8057117591583202  
0.6400000000000005 0.5976723170613801 0.802738486117014  
0.6450000000000005 0.6016822740399835 0.7997451074161689  
0.6500000000000005 0.6056772390628516 0.7967316976390476  
0.6550000000000005 0.6096571120683028 0.7936983318706231  
0.6600000000000005 0.6136217933707054 0.7906450856957074  
0.6650000000000005 0.6175711836629754 0.7875720351970682  
0.6700000000000005 0.6215051840190629 0.7844792569535334  
0.6750000000000005 0.6254236958964304 0.7813668280380821  
0.6800000000000005 0.6293266211385214 0.7782348260159248  
0.6850000000000005 0.633213861977219 0.7750833289425696  
0.6900000000000005 0.6370853210352945 0.7719124153618776  
0.6950000000000005 0.6409409013288474 0.7687221643041051  
0.7000000000000005 0.6447805062697346 0.765512655283934  
0.7050000000000005 0.6486040396679901 0.7622839682984898  
0.7100000000000005 0.6524114057342346 0.759036183825348  
0.7150000000000005 0.6562025090820756 0.7557693828205279  
0.7200000000000005 0.6599772547304964 0.7524836467164748  
0.7250000000000005 0.6637355481062367 0.7491790574200303  
0.7300000000000005 0.6674772950461612 0.7458556973103903  
0.7350000000000005 0.6712024017996191 0.7425136492370512  
0.7400000000000005 0.6749107750307931 0.7391529965177454  
0.7450000000000006 0.6786023218210379 0.7357738229363632  
0.7500000000000006 0.6822769496712083 0.7323762127408646  
0.7550000000000006 0.6859345665039772 0.728960250641179  
0.7600000000000006 0.6895750806661425 0.7255260218070926  
0.7650000000000006 0.6931984009309238 0.7220736118661256  
0.7700000000000006 0.6968044365002486 0.7186031069013968  
0.7750000000000006 0.7003930970070275 0.7151145934494775  
0.7800000000000006 0.7039642925174185 0.7116081584982333  
0.7850000000000006 0.7075179335330815 0.7080838894846556  
0.7900000000000006 0.7110539309934202 0.7045418742926809  
0.7950000000000006 0.7145721962778149 0.7009822012509994  
0.8000000000000006 0.7180726412078431 0.6974049591308525  
0.8050000000000006 0.7215551780494898 0.6938102371438187  
0.8100000000000006 0.7250197195153461 0.6901981249395891  
0.8150000000000006 0.728466178766797 0.6865687126037315  
0.8200000000000006 0.7318944694161983 0.6829220906554437  
0.8250000000000006 0.7353045055290417 0.6792583500452961  
0.8300000000000006 0.7386962016261086 0.6755775821529632  
0.8350000000000006 0.7420694726856133 0.6718798787849442  
0.8400000000000006 0.7454242341453338 0.6681653321722737  
0.8450000000000006 0.7487604019047317 0.664434034968221  
0.8500000000000006 0.7520778923270609 0.6606860802459787  
0.8550000000000006 0.7553766222414637 0.656921561496342  
0.8600000000000007 0.7586565089450564 0.6531405726253753  
0.8650000000000007 0.7619174702050024 0.6493432079520711  
0.8700000000000007 0.765159424260574 0.6455295622059964  
0.8750000000000007 0.7683822898252024 0.6416997305249298  
0.8800000000000007 0.7715859860885157 0.637853808452488  
0.8850000000000007 0.7747704327183651 0.6339918919357426  
0.8900000000000007 0.7779355498628393 0.6301140773228261  
0.8950000000000007 0.7810812581522668 0.6262204613605287  
0.9000000000000007 0.784207478701206 0.6223111411918838  
0.9050000000000007 0.7873141331104235 0.6183862143537453  
0.9100000000000007 0.7904011434688604 0.6144457787743535  
0.9150000000000007 0.7934684323555855 0.6104899327708918  
0.9200000000000007 0.7965159228417378 0.6065187750470341  
0.9250000000000007 0.7995435384924552 0.6025324046904814  
0.9300000000000007 0.802551203368792 0.5985309211704898  
0.9350000000000007 0.8055388420296234 0.5945144243353885  
0.9400000000000007 0.8085063795335377 0.5904830144100882  
0.9450000000000007 0.811453741440716 0.5864367919935805  
0.9500000000000007 0.8143808538148 0.5823758580564269  
0.9550000000000007 0.8172876432247458 0.57830031393824  
0.9600000000000007 0.8201740367466668 0.5742102613451542  
0.9650000000000007 0.8230399619656629 0.5701058023472875  
0.9700000000000008 0.825885346977637 0.5659870393761944  
0.9750000000000008 0.8287101203910994 0.5618540752223101  
0.9800000000000008 0.8315142113289585 0.5577070130323845  
0.9850000000000008 0.8342975494302997 0.5535459563069082  
0.9900000000000008 0.8370600648521502 0.5493710088975298  
0.9950000000000008 0.8398016882712326 0.5451822750044634  
1.000000000000001 0.8425223508857032 0.5409798591738885  
1.005000000000001 0.8452219844168796 0.5367638662953401  
1.01 0.8479005211109537 0.5325344015990914  
1.015 0.8505578937406922 0.5282915706535266  
1.02 0.853194035607124 0.5240354793625066  
1.025 0.8558088805412141 0.5197662339627249  
1.03 0.8584023629055243 0.5154839410210565  
1.035 0.8609744175958615 0.5111887074318976  
1.04 0.863524980042911 0.5068806404144969  
1.045 0.8660539862138582 0.5025598475102797  
1.05 0.8685613726139958 0.4982264365801635  
1.054999999999999 0.8710470762883178 0.4938805158018649  
1.059999999999999 0.8735110348231003 0.4895221936671995  
1.064999999999999 0.8759531863474687 0.4851515789793736  
1.069999999999999 0.8783734695349509 0.4807687808502676  
1.074999999999999 0.8807718236050176 0.4763739086977126  
1.079999999999999 0.8831481883246086 0.4719670722427581  
1.084999999999999 0.8855025040096454 0.4675483815069336  
1.089999999999999 0.8878347115265299 0.4631179468095009  
1.094999999999999 0.8901447522936304 0.4586758787647007  
1.099999999999999 0.8924325682827521 0.4542222882789903  
1.104999999999998 0.8946981020205953 0.4497572865482748  
1.109999999999998 0.8969412965901991 0.4452809850551309  
1.114999999999998 0.899162095632371 0.4407934955660233  
1.119999999999998 0.9013604433471034 0.4362949301285141  
1.124999999999998 0.903536284494975 0.4317854010684653  
1.129999999999998 0.9056895643985393 0.4272650209872337  
1.134999999999998 0.907820228943698 0.4227339027588599  
1.139999999999998 0.9099282245810614 0.4181921595272491  
1.144999999999998 0.9120134983272939 0.4136399047033468  
1.149999999999997 0.9140759977664461 0.4090772519623059  
1.154999999999997 0.9161156710512716 0.4045043152406489  
1.159999999999997 0.9181324669045308 0.3999212087334224  
1.164999999999997 0.9201263346202797 0.3953280468913451  
1.169999999999997 0.922097224065145 0.3907249444179506  
1.174999999999997 0.9240450856795844 0.3861120162667223  
1.179999999999997 0.9259698704791326 0.3814893776382227  
1.184999999999997 0.9278715300556332 0.3768571439772168  
1.189999999999997 0.9297500165784564 0.3722154309697888  
1.194999999999997 0.9316052827957017 0.3675643545404529  
1.199999999999996 0.9334372820353865 0.3629040308492585  
1.204999999999996 0.93524596820662 0.3582345762888888  
1.209999999999996 0.9370312958007632 0.3535561074817539  
1.214999999999996 0.9387932198925731 0.3488687412770783  
1.219999999999996 0.9405316961413343 0.3441725947479825  
1.224999999999996 0.9422466807919733 0.3394677851885586  
1.229999999999996 0.9439381306761611 0.3347544301109413  
1.234999999999996 0.945606003213399 0.3300326472423723  
1.239999999999996 0.9472502564120908 0.32530255452226  
1.244999999999995 0.9488708488705996 0.3205642700992338  
1.249999999999995 0.9504677397782904 0.3158179123281927  
1.254999999999995 0.9520408889165577 0.3110635997673492  
1.259999999999995 0.9535902566598388 0.3063014511752679  
1.264999999999995 0.955115803976611 0.3015315855078988  
1.269999999999995 0.9566174924303756 0.2967541219156064  
1.274999999999995 0.958095284180626 0.2919691797401925  
1.279999999999995 0.9595491419838008 0.287176878511916  
1.284999999999995 0.960979029194223 0.2823773379465063  
1.289999999999994 0.962384909765023 0.277570677942173  
1.294999999999994 0.9637667482490478 0.2727570185766107  
1.299999999999994 0.9651245097997544 0.2679364801039994  
1.304999999999994 0.9664581601720882 0.263109182952  
1.309999999999994 0.9677676657233472 0.2582752477187461  
1.314999999999994 0.9690529934140302 0.2534347951698311  
1.319999999999994 0.9703141108086705 0.2485879462352912  
1.324999999999994 0.9715509860766544 0.2437348220065839  
1.329999999999994 0.9727635879930243 0.238875543733563  
1.334999999999994 0.9739518859392672 0.2340102328214496  
1.339999999999993 0.9751158499040873 0.2291390108277981  
1.344999999999993 0.9762554504841644 0.22426199945946  
1.349999999999993 0.9773706588848962 0.2193793205695426  
1.354999999999993 0.9784614469211258 0.2144910961543645  
1.359999999999993 0.9795277870178544 0.2095974483504079  
1.364999999999993 0.9805696522109375 0.2046984994312665  
1.369999999999993 0.9815870161477676 0.1997943718045903  
1.374999999999993 0.9825798530879396 0.1948851880090277  
1.379999999999993 0.9835481379039029 0.189971070711163  
1.384999999999992 0.9844918460815969 0.1850521427024515  
1.389999999999992 0.9854109537210711 0.1801285268961516  
1.394999999999992 0.9863054375370911 0.1752003463242532  
1.399999999999992 0.9871752748597278 0.1702677241344032  
1.404999999999992 0.9880204436349319 0.1653307835868287  
1.409999999999992 0.9888409224250934 0.1603896480512566  
1.414999999999992 0.9896366904095845 0.1554444410038308  
1.419999999999992 0.9904077273852886 0.1504952860240266  
1.424999999999992 0.9911540137671125 0.1455423067915625  
1.429999999999992 0.9918755305884843 0.1405856270833095  
1.434999999999991 0.9925722595018347 0.1356253707701978  
1.439999999999991 0.9932441827790638 0.1306616618141213  
1.444999999999991 0.9938912833119921 0.1256946242648397  
1.449999999999991 0.9945135446127955 0.1207243822568781  
1.454999999999991 0.995110950814426 0.115751060006425  
1.459999999999991 0.9956834866710156 0.1107747818082278  
1.464999999999991 0.996231137558265 0.1057956720324864  
1.469999999999991 0.9967538894738177 0.1008138551217449  
1.474999999999991 0.9972517290376173 0.09582945558778132  
1.47999999999999 0.9977246434922497 0.09084259800849581  
1.48499999999999 0.9981726207032703 0.085853407024797  
1.48999999999999 0.9985956491595149 0.08086200733748675  
1.49499999999999 0.9989937179733951 0.07586852370414331  
1.49999999999999 0.9993668168811785 0.07087308093600318  
1.50499999999999 0.9997149362432529 0.06587580389484143  
1.50999999999999 1.000038067044376 0.06087681748985083  
1.51499999999999 1.000336200893906 0.05587624667451964  
1.51999999999999 1.000609330026023 0.0508742164435084  
1.524999999999989 1.000857447299928 0.04587085182952551  
1.529999999999989 1.00108054620003 0.04086627790020193  
1.534999999999989 1.001278620836117 0.03586061975496491  
1.539999999999989 1.001451665943512 0.03085400252191085  
1.544999999999989 1.001599676883209 0.02584655135467753  
1.549999999999989 1.001722649642002 0.02083839142931552  
1.554999999999989 1.001820580832588 0.01582964794115908  
1.559999999999989 1.001893467693663 0.01082044610169651  
1.564999999999989 1.001941308089999 0.005810911135440055  
1.569999999999989 1.0019641005125 0.0008011682767954647  
1.574999999999988 1.001961844078256 -0.004208657233068768  
1.579999999999988 1.001934538530565 -0.009218440149352343  
1.584999999999988 1.001882184238953 -0.01422805522675424  
1.589999999999988 1.001804782199167 -0.01923737722260383  
1.594999999999988 1.001702334033166 -0.02424628089999203  
1.599999999999988 1.001574841989078 -0.02925464103090223  
1.604999999999988 1.001422308941161 -0.03426233239934118  
1.609999999999988 1.001244738389734 -0.03926922980446949  
1.614999999999988 1.001042134461096 -0.04427520806373188  
1.619999999999987 1.000814501907437 -0.04928014201598696  
1.624999999999987 1.00056184610672 -0.05428390652463655  
1.629999999999987 1.000284173062559 -0.05928637648075438  
1.634999999999987 0.9999814894040737 -0.06428742680621416  
1.639999999999987 0.9996538023857339 -0.069286932456817  
1.644999999999987 0.9993011198871848 -0.07428476842541781  
1.649999999999987 0.9989234504130584 -0.07928080974505108  
1.654999999999987 0.998520803092768 -0.08427493149205546  
1.659999999999987 0.9980931876802884 -0.08926700878919748  
1.664999999999986 0.9976406145539194 -0.09425691680879399  
1.669999999999986 0.9971630947160345 -0.09924453077583353  
1.674999999999986 0.9966606397928134 -0.1042297259710964  
1.679999999999986 0.9961332620339592 -0.1092123777342731  
1.684999999999986 0.9955809743124001 -0.1141923614670821  
1.689999999999986 0.9950037901239752 -0.1191695526363849  
1.694999999999986 0.994401723587105 -0.1241438267773008  
1.699999999999986 0.993774789442446 -0.129115059496319  
1.704999999999986 0.9931230030525304 -0.1340831264744093  
1.709999999999986 0.9924463804013893 -0.1390479034701315  
1.714999999999985 0.9917449380941612 -0.1440092663227418  
1.719999999999985 0.9910186933566844 -0.1489670909552981  
1.724999999999985 0.9902676640350744 -0.153921253377763  
1.729999999999985 0.9894918685952854 -0.1588716296901048  
1.734999999999985 0.9886913261226561 -0.1638180960853957  
1.739999999999985 0.9878660563214409 -0.1687605288529084  
1.744999999999985 0.9870160795143244 -0.1736988043812103  
1.749999999999985 0.9861414166419213 -0.1786327991612545  
1.754999999999985 0.9852420892622611 -0.1835623897894694  
1.759999999999984 0.9843181195502558 -0.1884874529708445  
1.764999999999984 0.9833695302971545 -0.1934078655220147  
1.769999999999984 0.9823963449099801 -0.198323504374341  
1.774999999999984 0.9813985874109526 -0.2032342465769885  
1.779999999999984 0.9803762824368963 -0.2081399693000022  
1.784999999999984 0.9793294552386311 -0.2130405498373785  
1.789999999999984 0.978258131680349 -0.2179358656101352  
1.794999999999984 0.9771623382389754 -0.2228257941693769  
1.799999999999984 0.9760421020035145 -0.2277102131993582  
1.804999999999984 0.9748974506743802 -0.2325890005205433  
1.809999999999983 0.9737284125627107 -0.2374620340926619  
1.814999999999983 0.9725350165896689 -0.2423291920177624  
1.819999999999983 0.9713172922857264 -0.2471903525432606  
1.824999999999983 0.9700752697899333 -0.2520453940649859  
1.829999999999983 0.9688089798491721 -0.2568941951302227  
1.834999999999983 0.967518453817397 -0.261736634440749  
1.839999999999983 0.9662037236548568 -0.2665725908558707  
1.844999999999983 0.9648648219273046 -0.2714019433954521  
1.849999999999983 0.9635017818051903 -0.2762245712429425  
1.854999999999982 0.9621146370628393 -0.2810403537483981  
1.859999999999982 0.9607034220776156 -0.2858491704315014  
1.864999999999982 0.9592681718290701 -0.2906509009845743  
1.869999999999982 0.9578089218980733 -0.2954454252755885  
1.874999999999982 0.9563257084659336 -0.3002326233511708  
1.879999999999982 0.9548185683134998 -0.3050123754396046  
1.884999999999982 0.9532875388202497 -0.3097845619538256  
1.889999999999982 0.951732657963363 -0.3145490634944146  
1.894999999999982 0.9501539643167787 -0.3193057608525846  
1.899999999999981 0.9485514970502388 -0.3240545350131632  
1.904999999999981 0.9469252959283164 -0.3287952671575705  
1.909999999999981 0.945275401309429 -0.3335278386667924  
1.914999999999981 0.9436018541448369 -0.3382521311243478  
1.919999999999981 0.9419046959776267 -0.3429680263192525  
1.924999999999981 0.9401839689416805 -0.3476754062489761  
1.929999999999981 0.9384397157606298 -0.3523741531223955  
1.934999999999981 0.9366719797467943 -0.3570641493627417  
1.939999999999981 0.9348808048001072 -0.3617452776105421  
1.944999999999981 0.9330662354070245 -0.3664174207265576  
1.94999999999998 0.9312283166394204 -0.3710804617947132  
1.95499999999998 0.9293670941534679 -0.3757342841250241  
1.95999999999998 0.9274826141885043 -0.3803787712565156  
1.96499999999998 0.925574923565883 -0.3850138069601378  
1.96999999999998 0.92364406968781 -0.3896392752416737  
1.97499999999998 0.9216901005361661 -0.3942550603446425  
1.97999999999998 0.9197130646713145 -0.3988610467531962  
1.98499999999998 0.9177130112308943 -0.4034571191950106  
1.98999999999998 0.9156899899285991 -0.4080431626441701  
1.994999999999979 0.9136440510529411 -0.4126190623240466  
1.999999999999979 0.9115752454660018 -0.4171847037101718  
