0 0 1  
0.0025 0.0025 0.999996875  
0.0075 0.007499953125 0.9999718750390625  
0.0175 0.01749929687773438 0.9998468769140605  
0.03750000000000001 0.03749273455664004 0.999296921601123  
0.04750000000000001 0.04748382913592344 0.9988720294094766  
0.0675 0.06745177295828578 0.9977225784208763  
0.0775 0.07742562615384663 0.9969981745623724  
0.0975 0.09735010451986331 0.995250262404383  
0.1075 0.1072977396386812 0.9942269988460641  
0.1275 0.1271608200676747 0.9918821986535213  
0.1375 0.1370732840132065 0.9905609963429119  
0.1575 0.1568570892832621 0.9876214184633793  
0.1675 0.1667254606134318 0.9860034664996234  
0.1875 0.1864121848513016 0.9824717565940548  
0.1975 0.1962275818079995 0.9805585111577121  
0.2175 0.2157995065147922 0.9764378478193205  
0.2275 0.2255530950176597 0.9742310308617816  
0.2475 0.2449926050158918 0.969525122755256  
0.2575 0.2546756066131936 0.9670267204489593  
0.2775 0.2739652059008501 0.9617398029726056  
0.2875 0.2835689056702811 0.9589520639234486  
0.3075000000000001 0.302691233167616 0.9530888953972583  
0.3175000000000001 0.3122069875599303 0.9500143286208123  
0.3375000000000001 0.3311448327348345 0.9435801860038895  
0.3475000000000001 0.3405640773532367 0.940221558667241  
0.3675000000000001 0.3593003957111108 0.9332222328084429  
0.3775000000000001 0.3686146530194097 0.9295825677396913  
0.3975000000000001 0.3871325814435996 0.9220243581657551  
0.4075000000000001 0.396333468396185 0.9181069311334108  
0.4275000000000002 0.414616340325174 0.9099966403792604  
0.4375000000000002 0.4236955759119503 0.9058049771439898  
0.4575000000000002 0.4417269363396478 0.897149904630322  
0.4675000000000002 0.450676349039134 0.8926877777716939  
0.4875000000000002 0.4684399693247601 0.8834957132353569  
0.4975000000000002 0.4772515044586474 0.8787671387564475  
0.5175000000000002 0.4947313969328846 0.8690463552395232  
0.5275000000000002 0.5033971239154332 0.8640555889524324  
0.5475000000000002 0.5205775562696988 0.8538148353563333  
0.5575000000000002 0.5290896757454486 0.8485663690518684  
0.5775000000000002 0.5459551851913369 0.8378148622631491  
0.5875000000000002 0.5543060360547089 0.8323134196681226  
0.6075000000000003 0.5708414432408604 0.8210608362630948  
0.6175000000000003 0.5790235095313293 0.815311368788873  
0.6375000000000003 0.5952139322052005 0.8035678363244887  
0.6475000000000003 0.6032198498718351 0.7975755186106205  
0.6675000000000003 0.6190507162740732 0.7853516065094617  
0.6775000000000003 0.6268732798033541 0.7791218317663955  
0.6975000000000003 0.6423303417827213 0.7664285418039751  
0.7075000000000004 0.6499625106836719 0.7599669169590577  
0.7275000000000004 0.6650318565207164 0.7468156733619925  
0.7375000000000004 0.6724667616615103 0.7401280140131172  
0.7575000000000004 0.6871348285894403 0.7265306531770844  
0.7675000000000004 0.6943657783797816 0.7196229783585312  
0.7875000000000004 0.7086193647912763 0.7055917381952639  
0.7975000000000004 0.7156398512049894 0.6984702649604414  
0.8175000000000004 0.7294661285339572 0.6840177738833495  
0.8275000000000005 0.7362698329663639 0.6766889117093158  
0.8475000000000005 0.749656357233957 0.6618281772676466  
0.8575000000000005 0.7562371561887717 0.6542985222864437  
0.8775000000000005 0.7691718792032629 0.639042919458211  
0.8875000000000005 0.7755238498038849 0.6313192485202055  
0.9075000000000005 0.7879951300043282 0.6156825076744238  
0.9175000000000005 0.7941125553245723 0.6077717722489968  
0.9375000000000006 0.8061091682584873 0.5917679667880555  
0.9475000000000006 0.811986542467955 0.5836772867071313  
0.9675000000000006 0.823497690893604 0.5673208204004307  
0.9775000000000006 0.8291297242130636 0.5590574774504747  
0.9975000000000006 0.8401450478172305 0.5423630714707234  
1.007500000000001 0.8455266712795469 0.5339345028389776  
1.027500000000001 0.8560362560020706 0.5169171825128188  
1.037500000000001 0.8611626260143986 0.5083309740936724  
1.057500000000001 0.8711570129710692 0.4910060553785657  
1.067500000000001 0.8760235156742063 0.4822699349460861  
1.087500000000001 0.8854937096699932 0.4646530106456128  
1.097500000000001 0.8900959650909658 0.4557748408983806  
1.117500000000001 0.8990334427159152 0.4378817666283816  
1.127500000000001 0.9033673087100632 0.428869538112891  
1.147500000000001 0.911764026010579 0.4107164180310672  
1.157500000000001 0.9158256019895892 0.4015782419500598  
1.177500000000001 0.9236740017081925 0.383181414261878  
1.187500000000001 0.9274596321507258 0.373925515174083  
1.207500000000001 0.9347526505277773 0.3553015374280337  
1.217500000000001 0.9382589282695313 0.3459362458458845  
1.237500000000001 0.944990001400795 0.3271018800313247  
1.247500000000001 0.9482137707010383 0.3176356249233152  
1.267500000000001 0.9543768404453644 0.2986078223843097  
1.277500000000001 0.9573151998271853 0.2890491235887369  
1.297500000000001 0.9629047192589946 0.2698450097674754  
1.307500000000001 0.9655550241207064 0.2602024703243971  
1.327500000000001 0.9705659625223702 0.2408393293479181  
1.337500000000001 0.9729258275177232 0.231121627756227  
1.357500000000001 0.9773536749073441 0.2116168868803213  
1.367500000000001 0.979420976092402 0.2018327692869038  
1.387500000000001 0.9832617472829216 0.1822039832111984  
1.397500000000001 0.9850346240276694 0.1723622555392086  
1.417500000000001 0.9882848622136481 0.1526270906075474  
1.427500000000001 0.9897617188766129 0.1427366106308805  
1.447500000000001 0.9924184987454552 0.1229128289312221  
1.457500000000001 0.9935980061098302 0.112982498302321  
1.477500000000001 0.9956589364746546 0.09308794168046391  
1.487500000000001 0.9965400329446356 0.08312669791863335  
1.507500000000001 0.9980032588964193 0.0631792719201569  
1.517500000000001 0.998585151452676 0.0531960803675967  
1.537500000000001 0.9994493560297374 0.03321373812246967  
1.547500000000001 0.9997315209431606 0.02321758387526617  
1.567500000000001 0.9999959263164774 0.003218309939627902  
1.577500000000001 0.9999781096195578 -0.006781810239033853  
1.597500000000001 0.9996424777928532 -0.0267800160693772  
1.607500000000001 0.9993246955082697 -0.03677510184650226  
1.627500000000001 0.9983893285322381 -0.05675424073629835  
1.637500000000001 0.9977718666584484 -0.06673529630958391  
1.657500000000001 0.996237606358925 -0.08667738658349097  
1.667500000000001 0.9953210206127722 -0.09663542877775105  
1.687500000000001 0.9931892478330946 -0.1165225221042509  
1.697500000000001 0.9919743631496605 -0.1264485884564767  
1.717500000000001 0.989246996507901 -0.1462627860017786  
1.727500000000001 0.9877349062980578 -0.1561479428275575  
1.747500000000001 0.9844144004602471 -0.1758714113649532  
1.757500000000001 0.9826064656265745 -0.1857067617989874  
1.777500000000001 0.9786958090974694 -0.2053217497591591  
1.787500000000001 0.976593656809423 -0.2150984417626458  
1.807500000000001 0.9720963692428082 -0.2345872952104818  
1.817500000000001 0.9697018914722412 -0.2442965295381493  
1.837500000000001 0.9646220205031837 -0.2636417080616865  
1.847500000000001 0.9619373723215416 -0.2732747461813153  
1.867500000000001 0.956279489923451 -0.2924588386785098  
1.877500000000001 0.9533070875621698 -0.3020070106358104  
1.897500000000001 0.9470762859319412 -0.3210127509849266  
1.907500000000001 0.9438188046077953 -0.3304674632066968  
1.927500000000001 0.9370206915827398 -0.3492777458062113  
1.937500000000001 0.9334810630900986 -0.3586304888347485  
1.957500000000001 0.9261217571007856 -0.3772283839987835  
1.967500000000001 0.9223031671729427 -0.3864707401505914  
1.987500000000001 0.9143892917364963 -0.4048395093460201  
1.997500000000001 0.9102951771784493 -0.4139631602879178  
