0 0 1  
0.0025 0.002499997395833333 0.9999968750016276  
0.0075 0.007499929687670898 0.9999718751318357  
0.0175 0.01749910678365066 0.9998468789078456  
0.03750000000000001 0.03749121152793967 0.9992969573941792  
0.07750000000000001 0.07742244168600153 0.9969983778650781  
0.1575 0.1568496150412019 0.9876224959799518  
0.3175 0.3121916054083659 0.9500190343069744  
0.4775 0.4595585769329395 0.8881471984582289  
0.5175000000000001 0.5951867815162578 0.8035870995994382  
0.5975 0.6575015948029688 0.7534528390867588  
0.6375000000000001 0.7691422660765604 0.6390772271043993  
0.7175 0.8177539670728886 0.5755675228567132  
0.7575000000000001 0.899007411313722 0.4379328695203758  
0.8375 0.9311293811935977 0.3646883541373422  
0.8775000000000001 0.9773378231879327 0.2116844333061339  
0.9575 0.9911287010697981 0.1329037780335312  
1.1175 0.999643193623396 -0.02669774281070322  
