0 0 1  
0.00125 0.00125 0.99999921875  
0.00375 0.003749994140625 0.9999929687524414  
0.008750000000000001 0.00874991210946045 0.9999617188696288  
0.01875 0.01874909180255126 0.9998242216625908  
0.02375 0.02374797854721668 0.9997179784008072  
0.03375 0.0337439709322974 0.999430512716415  
0.03875 0.03874070169624282 0.9992492999803446  
0.04875 0.04873125766096145 0.9988119304983831  
0.05375 0.05372470817273261 0.9985557890609471  
0.06375 0.06370757982793344 0.9979686141897668  
0.06875000000000001 0.06869662655413443 0.9976376016829498  
0.07875 0.07866956773963622 0.9969007535373243  
0.08375 0.08365308813772609 0.9964949444392069  
0.09375 0.09361385492771128 0.9956085888106078  
0.09875 0.09859072769857773 0.9951280744286091  
0.10875 0.1085370789064789 0.9940924107479019  
0.11375 0.1135061842467321 0.9935372991982352  
0.12375 0.1234358819295021 0.992352560490808  
0.12875 0.128396101783432 0.9917229766741543  
0.13875 0.1383069117450844 0.9903894295074863  
0.14375 0.143257130056225 0.9896855150808921  
0.15375 0.1531468223505311 0.9882034595045758  
0.15875 0.1580859253127746 0.9874253728495793  
0.16875 0.1679522747450048 0.9857951423278091  
0.17375 0.1728791510532095 0.9849430585148049  
0.1837500000000001 0.1827199376808049 0.9831650198513471  
0.1887500000000001 0.1876334787808406 0.982239130600195  
0.1987500000000001 0.1974464884129035 0.9803136838558566  
0.2037500000000001 0.2023455887510776 0.9793141974927438  
0.2137500000000001 0.2121286134465675 0.9772417758953584  
0.2187500000000001 0.2170121707183762 0.9761689173059269  
0.2287500000000001 0.2267630092828996 0.9739499871528778  
0.2337500000000001 0.2316299246810479 0.972803997731624  
0.2437500000000001 0.2413463831621301 0.9704390582849269  
0.2487500000000001 0.2461955616237652 0.9692201958808877  
0.2587500000000001 0.2558754538044929 0.966709779254856  
0.2637500000000001 0.2607058042575946 0.9654183181135929  
0.2737500000000001 0.2703469521485177 0.9627629891551113  
0.2787500000000001 0.2751573877573913 0.9613992198570043  
0.2887500000000001 0.2847576220865735 0.9585995760184375  
0.2937500000000001 0.2895470604963896 0.9571638054133044  
0.3037500000000001 0.2991042211974979 0.9542204766180699  
0.3087500000000001 0.3038715847778232 0.9527130277561247  
0.3187500000000001 0.3133835214761456 0.9496266762569586  
0.3237500000000001 0.3181277375634119 0.9480478883161246  
0.3337500000000002 0.327592310059695 0.9448192085460747  
0.3387500000000002 0.3323123111985496 0.9431694367556694  
0.3487500000000002 0.3417273899505464 0.9397991551718462  
0.3537500000000002 0.3464221141340312 0.9380787707326538  
0.3637500000000002 0.355785580735651 0.9345676456527768  
0.3687500000000002 0.3604539716441557 0.9327770356535279  
0.3787500000000002 0.3697637193021088 0.9291258570853036  
0.3837500000000002 0.374404726541044 0.9272654244155795  
0.3937500000000002 0.3836586605488728 0.9234750138789483  
0.3987500000000002 0.3882712398850107 0.9215451771385305  
0.4087500000000002 0.3974672780944017 0.9176163874808234  
0.4137500000000002 0.4020503916908297 0.9156175808855079  
0.4237500000000002 0.4111864649801002 0.9115512960895553  
0.4287500000000002 0.4157390816297357 0.9094839693734537  
0.4387500000000003 0.4248131343693888 0.9052811043586876  
0.4437500000000003 0.4293342297270026 0.9031457226730362  
0.4537500000000003 0.4383442202422466 0.8988072230896325  
0.4587500000000003 0.4428327770549417 0.8966042668981326  
0.4687500000000003 0.4517766780850703 0.8921311089142382  
0.4737500000000003 0.4562316864211655 0.8898610738849514  
0.4837500000000003 0.4651074855756939 0.8852542639670455  
0.4887500000000003 0.4695279430519594 0.8829176608608675  
0.4987500000000003 0.4783336432634155 0.8781782355473049  
0.5037500000000003 0.4827185552706112 0.8757755901030435  
0.5137500000000003 0.4914521752438781 0.8709046157708322  
0.5187500000000003 0.4958005551705417 0.8684364685869157  
0.5287500000000003 0.5044601298286524 0.8634350412117809  
0.5337500000000003 0.5087709992830884 0.8609019476246226  
0.5437500000000003 0.5173545802093705 0.8557711925344105  
0.5487500000000003 0.52162696923979 0.8531737224934569  
0.5587500000000003 0.5301326251162626 0.8479147941149343  
0.5637500000000003 0.5343655724290233 0.8452535320544265  
0.5737500000000003 0.5427913894709461 0.8398676136535336  
0.5787500000000003 0.5469839426468454 0.8371431583610082  
0.5887500000000003 0.5553280250333231 0.8316314617766216  
0.5937500000000003 0.5594792407418934 0.8288444262581828  
0.6037500000000003 0.5677397110424381 0.8232081916294509  
0.6087500000000003 0.5718486552541974 0.8203592029718434  
0.6187500000000004 0.5800236548511531 0.8145996984591528  
0.6237500000000004 0.5840894030477632 0.8116893976886663  
0.6337500000000004 0.5921770925544976 0.8058079191883043  
0.6387500000000004 0.5961987299367821 0.8028369611265419  
0.6487500000000004 0.6041972896115507 0.7968348319791178  
0.6537500000000004 0.6081739113053262 0.7938038850956602  
0.6637500000000004 0.6160815414607175 0.7876824557883522  
0.6687500000000004 0.620012252720391 0.7845922020503512  
0.6787500000000004 0.6278271741282584 0.7783528499130448  
0.6837500000000004 0.631711090538147 0.7752039846317795  
0.6937500000000004 0.6394315448299379 0.7688481135271664  
0.6987500000000004 0.6432677925032634 0.7656413452015977  
0.7087500000000004 0.6508920425656541 0.7591703852093049  
0.7137500000000004 0.6546797583411685 0.7559064353666616  
0.7237500000000004 0.6622060887069181 0.7493218424614816  
0.7287500000000005 0.6659444203431166 0.7460014454949162  
0.7387500000000005 0.6733711375770486 0.7393047012192103  
0.7437500000000005 0.6770592439439249 0.7359286042225598  
0.7537500000000005 0.6843846770239533 0.7291212153529094  
0.7587500000000005 0.6880217282922551 0.7256901779525977  
0.7687500000000005 0.6952442289853664 0.7187736761607776  
0.7737500000000005 0.698829406813308 0.7152884703448987  
0.7837500000000005 0.7059473500464163 0.7082644118532484  
0.7887500000000005 0.7094798477638069 0.7047258217978681  
0.7987500000000005 0.7164916319893974 0.6975957870291402  
0.8037500000000005 0.7199706547791432 0.6940046089218553  
0.8137500000000005 0.7268747023356228 0.6867702021436178  
0.8187500000000005 0.7302994674125617 0.6831272440044129  
0.8287500000000005 0.7370942248792351 0.6757900929680871  
0.8337500000000005 0.7404639616662646 0.6720961744675289  
0.8437500000000006 0.7471479002128566 0.6646579300421429  
0.8487500000000006 0.7504618505143147 0.6609138823169531  
0.8587500000000006 0.7570334662449585 0.6533762181176942  
0.8637500000000006 0.7602908844172189 0.6495828835837429  
0.8737500000000006 0.7667486987088354 0.6419474955953915  
0.8787500000000006 0.7699488518280785 0.6381057277581524  
0.8887500000000006 0.7762914116630686 0.6303743339534837  
0.8937500000000006 0.7794335796901902 0.6264849972159939  
0.9037500000000006 0.7856594579833657 0.6186593371692313  
0.9087500000000006 0.788742933925987 0.6147233066375998  
0.9187500000000006 0.7948507298456667 0.606805141133008  
0.9237500000000006 0.7978748199172087 0.6028233024195155  
0.9337500000000006 0.803863159200408 0.5948144130552224  
0.9387500000000006 0.806827182976194 0.5907876620790572  
0.9487500000000006 0.8126947182378358 0.5826898508661913  
0.9537500000000007 0.8155980088081888 0.5786190936518663  
0.9637500000000007 0.8213434198442671 0.5704341826091017  
0.9687500000000007 0.8241853239645646 0.5663203350825978  
0.9787500000000007 0.8298073180491923 0.558050165826198  
0.9837500000000007 0.8325871962868476 0.5538941536088793  
0.9937500000000007 0.8380845084631221 0.5455405869383304  
0.9987500000000007 0.840801735341458 0.5413433451386781  
1.008750000000001 0.8461731287060776 0.5329082606180066  
1.013750000000001 0.8488270928450589 0.5286707336212184  
1.023750000000001 0.8540713588266288 0.5201560291560867  
1.02875 0.8566614630804239 0.5158791704115891  
1.038750000000001 0.8617774217113858 0.5072867618222643  
1.04375 0.8643030833027258 0.5029715336291846  
1.05375 0.8692895834848525 0.4943033542194759  
1.05875 0.8717502341361564 0.4899507275101239  
1.06875 0.8766061538995508 0.4812087276323868  
1.07375 0.8790012399607889 0.4768196817537936  
1.08375 0.8837254867163289 0.4680058283700981  
1.08875 0.8860544692895954 0.4635813508636618  
1.09875 0.8906459800747676 0.4546976271032227  
1.10375 0.8929083351355328 0.4502387134825101  
1.11375 0.8973660768536011 0.4412871181954807  
1.11875 0.8995612953686178 0.4367947717222352  
1.12875 0.9038842650210718 0.427777319029963  
1.13375 0.9060118530629089 0.4232525504883697  
1.14375 0.9101990779751394 0.4141712693302163  
1.14875 0.9122585568333158 0.4096150967994739  
1.15875 0.9163090948734689 0.4004720304763008  
1.16375 0.9183000011621645 0.3958854791015525  
1.17375 0.9222129409531219 0.3866826848159758  
1.17875 0.9241348267154399 0.38206678657765  
1.18875 0.9279092878398806 0.3728063349711667  
1.193749999999999 0.9297617206486384 0.3681621284527802  
1.203749999999999 0.9333968538471338 0.3588461031398711  
1.208749999999999 0.93517941690216 0.3541746332943462  
1.218749999999999 0.9386744042642583 0.3448051303936599  
1.223749999999999 0.9403866964861733 0.3401074483082087  
1.233749999999999 0.9437407516344312 0.3306865759709315  
1.238749999999999 0.9453823877548904 0.3259637386305598  
1.248749999999999 0.9485947560218082 0.3164936165660793  
1.253749999999999 0.9501653666701884 0.3117466866157632  
1.263749999999999 0.9532353252680125 0.3022294456147305  
1.268749999999999 0.9547345570545203 0.2974594911203203  
1.278749999999999 0.9576614152378707 0.2878972725752191  
1.283749999999999 0.9590889308330564 0.2831053667831225  
1.293749999999999 0.961872030054346 0.2735003222064528  
1.298749999999999 0.9632275082650026 0.2686875433021535  
1.308749999999999 0.9658662223226109 0.2590418338423384  
1.313749999999999 0.9671493581640436 0.2542092647078023  
1.323749999999999 0.9696430933432134 0.2445250606629265  
1.328749999999999 0.9708535981078612 0.2396737886329521  
1.338749999999999 0.9732017933142854 0.2299532689624419  
1.343749999999998 0.9743393946366812 0.2250843855800084  
1.353749999999998 0.9765415215227494 0.2153297374143626  
1.358749999999998 0.9776059634408022 0.2104443381850312  
1.368749999999998 0.9796615265244805 0.2006577563337139  
1.373749999999998 0.9806525695370675 0.1957569404791373  
1.383749999999998 0.982561106313382 0.1859406269367427  
1.388749999999998 0.9834785274342368 0.1810254971473391  
1.398749999999998 0.9852396084793384 0.1711816605981393  
1.403749999999998 0.9860832012872232 0.1662533227849852  
1.413749999999998 0.9876964303550086 0.1563841781059737  
1.418749999999998 0.988466005040159 0.1514437411519723  
1.428749999999998 0.9899310191514268 0.1415515089145131  
1.433749999999998 0.99062640255826 0.1366000844248945  
1.443749999999998 0.991942872082381 0.1266869903950907  
1.448749999999998 0.9925639077484554 0.1217256924472989  
1.458749999999998 0.993731536477541 0.1117939670851919  
1.463749999999998 0.994278084668761 0.1068239119782157  
1.473749999999998 0.9952966098843097 0.09687578993592914  
1.478749999999998 0.9957685476263658 0.0918980959391334  
1.488749999999998 0.9966377401583758 0.08193581555807278  
1.493749999999997 0.9970349612644142 0.07695160265958642  
1.503749999999997 0.9977546255429468 0.0669774054668093  
1.508749999999997 0.9980770406374616 0.06198779512152623  
1.518749999999997 0.998647014736645 0.05200392532539554  
1.523749999999997 0.9988945512755877 0.04701004020264574  
1.533749999999997 0.9993147069500503 0.03701874418787973  
1.538749999999997 0.9994873092371528 0.03202170791882713  
1.548749999999997 0.9997575519508792 0.02202523374105966  
1.553749999999997 0.9998551811501851 0.0170261706658835  
1.563749999999997 0.9999754500977864 0.007026767545848354  
1.568749999999997 0.9999980842423895 0.002026802460765098  
1.578749999999997 0.999968352362785 -0.007973279721781835  
1.583749999999997 0.9999159863597716 -0.01297302181759924  
1.593749999999997 0.9997362603422777 -0.02297153303010608  
1.598749999999997 0.9996089059738729 -0.02796992718765459  
1.608749999999997 0.9992792262566976 -0.03796461775103394  
1.613749999999997 0.9990769121776143 -0.04296053932459554  
1.623749999999997 0.9985973529387595 -0.05294916041940545  
1.628749999999997 0.9983201246697507 -0.057941485319594  
1.638749999999997 0.9976907938103213 -0.06792178949202553  
1.643749999999996 0.9973387137279386 -0.07290939443870849  
1.653749999999997 0.9965597528478651 -0.08287913610626593  
1.658749999999996 0.9961329001704232 -0.08786089888130393  
1.668749999999996 0.9952044845366017 -0.0978178348380641  
1.673749999999996 0.9947029553063547 -0.1027926345378116  
1.683749999999996 0.9936252938132112 -0.1127345244591483  
1.688749999999996 0.9930492008747428 -0.1177012417466586  
1.698749999999996 0.9918225359972325 -0.1276258486933187  
1.703749999999996 0.9911720089720659 -0.1325833660501962  
1.713749999999996 0.9897966167111154 -0.1424884569716143  
1.718749999999996 0.9890718019685485 -0.1474356589494578  
1.728749999999996 0.9875479917889555 -0.1573190051861958  
1.733749999999996 0.9867490524131272 -0.1622547786575757  
1.743749999999996 0.9850771671739308 -0.1721141564427741  
1.748749999999996 0.9842042829271272 -0.1770373908516882  
1.758749999999996 0.982384698804464 -0.1868705818114169  
1.763749999999996 0.9814380660866718 -0.1917801694231666  
1.773749999999996 0.9794711924891358 -0.2015849610755621  
1.778749999999996 0.9784510242938519 -0.2064797972259944  
1.788749999999996 0.9763373037703773 -0.2162539834790716  
1.793749999999996 0.9752438296366848 -0.22113296682313  
1.803749999999996 0.9729837377769717 -0.2308743484711556  
1.808749999999995 0.9718172037378937 -0.2357363812306846  
1.818749999999995 0.9694112490654 -0.245442766449002  
1.823749999999995 0.9681719175925416 -0.2502867546597484  
1.833749999999995 0.9656206414500645 -0.2599559594979409  
1.838749999999995 0.9643087913945567 -0.2647808132556975  
1.848749999999995 0.96161276782243 -0.2744106621289802  
1.853749999999995 0.9602286943521873 -0.2792152958348158  
1.863749999999995 0.9573885299591215 -0.2888036220135459  
1.868749999999995 0.9559325444924293 -0.2935869546180664  
1.878749999999995 0.952948878319024 -0.3031316007152598  
1.883749999999995 0.9514213084544687 -0.3078925559618459  
1.893749999999995 0.9482948118294275 -0.3173913744185926  
1.898749999999995 0.9466960012721867 -0.3221288810855595  
1.908749999999995 0.9434273776612675 -0.3315797346542271  
1.913749999999995 0.9417576861457756 -0.3362927267958503  
1.923749999999995 0.9383476709935098 -0.3456934890209682  
1.928749999999995 0.9366074742025176 -0.350380906207323  
1.938749999999995 0.9330568347667342 -0.3597294619040379  
1.943749999999995 0.9312465242467795 -0.3643902494595977  
1.953749999999995 0.9275560594259711 -0.3736844951895926  
1.958749999999994 0.9256760424992803 -0.3783176044305325  
1.968749999999994 0.92184658265285 -0.3875554489753038  
1.973749999999994 0.9198972823256903 -0.3921598374454558  
1.983749999999994 0.9159296890871195 -0.4013392022768405  
1.988749999999994 0.9139115439546217 -0.4059138339822476  
1.998749999999994 0.9098067100376015 -0.4150326537300947  
