0 0 1  
0.01 0.01 0.999975  
0.02 0.0199995 0.99985  
0.03 0.0299975 0.999625  
0.04 0.039993 0.9993  
0.05 0.049985 0.998875  
0.06 0.0599725 0.99835  
0.07 0.0699545 0.997726  
0.08 0.07993 0.997001  
0.09 0.089898 0.996177  
0.1 0.0998575 0.995253  
0.11 0.109808 0.99423  
0.12 0.119747 0.993107  
0.13 0.129675 0.991884  
0.14 0.139591 0.990563  
0.15 0.149493 0.989142  
0.16 0.159381 0.987622  
0.17 0.169253 0.986004  
0.18 0.179109 0.984287  
0.19 0.188947 0.982471  
0.2 0.198767 0.980557  
0.21 0.208568 0.978545  
0.22 0.218348 0.976435  
0.23 0.228107 0.974227  
0.24 0.237843 0.971921  
0.25 0.247557 0.969519  
0.26 0.257246 0.967019  
0.27 0.266909 0.964422  
0.28 0.276547 0.961729  
0.29 0.286157 0.95894  
0.3 0.29574 0.956054  
0.31 0.305293 0.953073  
0.32 0.314816 0.949996  
0.33 0.324308 0.946824  
0.34 0.333768 0.943557  
0.35 0.343195 0.940196  
0.36 0.352589 0.936741  
0.37 0.361947 0.933191  
0.38 0.37127 0.929548  
0.39 0.380556 0.925813  
0.4 0.389805 0.921984  
0.41 0.399015 0.918063  
0.42 0.408186 0.91405  
0.43 0.417316 0.909945  
0.44 0.426405 0.905749  
0.45 0.435452 0.901462  
0.46 0.444455 0.897085  
0.47 0.453415 0.892618  
0.48 0.46233 0.888062  
0.49 0.471199 0.883416  
0.5 0.480022 0.878682  
0.51 0.488796 0.87386  
0.52 0.497523 0.86895  
0.53 0.5062 0.863953  
0.54 0.514827 0.85887  
0.55 0.523402 0.8537  
0.56 0.531926 0.848445  
0.57 0.540398 0.843104  
0.58 0.548815 0.837679  
0.59 0.557178 0.83217  
0.6 0.565486 0.826577  
0.61 0.573738 0.820902  
0.62 0.581932 0.815144  
0.63 0.590069 0.809304  
0.64 0.598147 0.803383  
0.65 0.606166 0.797382  
0.66 0.614125 0.7913  
0.67 0.622023 0.785139  
0.68 0.629858 0.778899  
0.69 0.637632 0.772581  
0.7 0.645342 0.766186  
0.71 0.652987 0.759713  
0.72 0.660568 0.753164  
0.73 0.668083 0.74654  
0.74 0.675532 0.73984  
0.75 0.682913 0.733066  
0.76 0.690227 0.726219  
0.77 0.697472 0.719298  
0.78 0.704648 0.712306  
0.79 0.711753 0.705241  
0.8 0.718788 0.698106  
0.81 0.725751 0.690901  
0.82 0.732642 0.683626  
0.83 0.739459 0.676283  
0.84 0.746204 0.668871  
0.85 0.752874 0.661392  
0.86 0.759469 0.653847  
0.87 0.765988 0.646236  
0.88 0.772432 0.63856  
0.89 0.778798 0.63082  
0.9 0.785087 0.623016  
0.91 0.791297 0.61515  
0.92 0.797429 0.607221  
0.93 0.803481 0.599232  
0.94 0.809453 0.591182  
0.95 0.815345 0.583073  
0.96 0.821155 0.574905  
0.97 0.826884 0.566679  
0.98 0.83253 0.558396  
0.99 0.838093 0.550056  
