0 0 1  
0.00125 0.001249999674479167 0.9999992187501017  
0.00375 0.003749991210942841 0.9999929687582397  
0.008750000000000001 0.008749888346754709 0.9999617189942418  
0.01875 0.01874890138563908 0.99982422389979  
0.03875000000000001 0.03874030310938523 0.9992493126913272  
0.07875000000000001 0.07866862884751444 0.9969008209332919  
0.15875 0.1580840203009393 0.9874256624322336  
0.31875 0.3133788849923387 0.949628052699565  
0.47875 0.4606684016118104 0.8875720565217502  
0.51875 0.5961908001395604 0.8028424885139489  
0.59875 0.6584428969335088 0.7526303736723318  
0.63875 0.7699405115100912 0.6381153002431569  
0.71875 0.8184727874188971 0.5745448810019994  
0.75875 0.8995541249086177 0.4368087684138696  
0.83875 0.9315845140728216 0.3635241578012127  
0.87875 0.9776016651155829 0.2104625959668508  
0.95875 0.9912940564298803 0.1316647636487639  
1.11875 0.9996090404824302 -0.02794727561971896  
