0 0 1  
0.000625 0.0006249999593098958 0.9999998046875064  
0.00125 0.001249999674479191 0.9999992187501018  
0.001875 0.001874998901367378 0.999998242188015  
0.0025 0.002499997395834144 0.9999968750016276  
0.003125 0.003124994913739459 0.9999951171914736  
0.00375 0.003749991210943676 0.9999929687582397  
0.004375 0.004374986043307623 0.9999904297027651  
0.005 0.004999979166692703 0.9999875000260416  
0.005625 0.005624970336960984 0.9999841797292137  
0.006249999999999999 0.006249959309975299 0.9999804688135783  
0.006874999999999999 0.006874945841599338 0.9999763672805849  
0.007499999999999999 0.007499929687697745 0.9999718751318358  
0.008124999999999999 0.008124910604136212 0.9999669923690857  
0.008749999999999999 0.00874988834678158 0.9999617189942419  
0.009375 0.009374862671501923 0.9999560550093644  
0.01 0.009999833334166654 0.9999500004166655  
0.010625 0.01062480009064662 0.9999435552185104  
0.01125 0.01124976269681418 0.9999367194174168  
0.011875 0.01187472090854333 0.9999294930160549  
0.0125 0.01249967448170978 0.9999218760172476  
0.013125 0.01312462317219104 0.9999138684239701  
0.01375 0.01374956673586654 0.9999054702393505  
0.014375 0.01437450492861771 0.9998966814666692  
0.015 0.01499943750632808 0.9998875021093595  
0.015625 0.01562436422488336 0.999877932171007  
0.01625 0.01624928484017156 0.9998679716553499  
0.016875 0.01687419910808308 0.9998576205662791  
0.01750000000000001 0.01749910678451079 0.9998468789078381  
0.01812500000000001 0.01812400762535013 0.9998357466842226  
0.01875000000000001 0.01874890138649922 0.9998242238997813  
0.01937500000000001 0.01937378782385895 0.9998123105590153  
0.02000000000000001 0.01999866669333306 0.9998000066665782  
0.02062500000000001 0.02062353775082824 0.9997873122272761  
0.02125000000000001 0.02124840075225426 0.999774227246068  
0.02187500000000001 0.02187325545352399 0.999760751728065  
0.02250000000000001 0.0224981016105536 0.9997468856785311  
0.02312500000000001 0.02312293897926255 0.9997326291028827  
0.02375000000000001 0.02374776731557375 0.9997179820066888  
0.02437500000000001 0.02437258637541365 0.9997029443956709  
0.02500000000000001 0.02499739591471231 0.999687516275703  
0.02562500000000001 0.0256221956894035 0.9996716976528117  
0.02625000000000001 0.02624698545542483 0.9996554885331763  
0.02687500000000001 0.0268717649687178 0.9996388889231285  
0.02750000000000001 0.02749653398522792 0.9996218988291523  
0.02812500000000001 0.0281212922609048 0.9996045182578847  
0.02875000000000002 0.02874603955170225 0.9995867472161147  
0.02937500000000002 0.02937077561357837 0.9995685857107844  
0.03000000000000002 0.02999550020249564 0.999550033748988  
0.03062500000000002 0.03062021307442101 0.9995310913379724  
0.03125000000000001 0.03124491398532605 0.9995117584851368  
0.03187500000000001 0.03186960269118696 0.9994920351980334  
0.03250000000000001 0.03249427894798472 0.9994719214843665  
0.03312500000000002 0.03311894251170518 0.9994514173519928  
0.03375000000000002 0.03374359313833915 0.9994305228089221  
0.03437500000000002 0.03436823058388247 0.999409237863316  
0.03500000000000002 0.03499285460433616 0.9993875625234891  
0.03562500000000002 0.03561746495570647 0.9993654967979083  
0.03625000000000002 0.03624206139400497 0.9993430406951931  
0.03687500000000002 0.03686664367524871 0.9993201942241152  
0.03750000000000002 0.03749121155546023 0.9992969573935992  
0.03812500000000002 0.03811576479066772 0.999273330212722  
0.03875000000000002 0.03874030313690506 0.9992493126907128  
0.03937500000000002 0.03936482635021199 0.9992249048369536  
0.04000000000000002 0.03998933418663413 0.9992001066609786  
0.04062500000000002 0.0406138264022231 0.9991749181724746  
0.04125000000000002 0.04123830275303666 0.9991493393812809  
0.04187500000000002 0.04186276299513873 0.9991233702973893  
0.04250000000000002 0.04248720688459953 0.9990970109309438  
0.04312500000000002 0.04311163417749569 0.9990702612922412  
0.04375000000000002 0.04373604462991029 0.9990431213917305  
0.04437500000000003 0.04436043799793302 0.999015591240013  
0.04500000000000003 0.04498481403766021 0.998987670847843  
0.04562500000000003 0.045609172505195 0.9989593602261267  
0.04625000000000003 0.04623351315664735 0.9989306593859232  
0.04687500000000003 0.04685783574813421 0.9989015683384435  
0.04750000000000003 0.04748214003577959 0.9988720870950513  
0.04812500000000003 0.04810642577571461 0.9988422156672628  
0.04875000000000003 0.04873069272407768 0.9988119540667466  
0.04937500000000003 0.04935494063701452 0.9987813023053235  
0.05000000000000003 0.0499791692706783 0.9987502603949668  
0.05062500000000003 0.05060337838122973 0.9987188283478025  
0.05125000000000003 0.05122756772483711 0.9986870061761084  
0.05187500000000003 0.0518517370576765 0.9986547938923153  
0.05250000000000003 0.05247588613593177 0.998622191509006  
0.05312500000000003 0.05310001471579468 0.9985891990389159  
0.05375000000000003 0.05372412255346502 0.9985558164949325  
0.05437500000000003 0.05434820940515066 0.9985220438900961  
0.05500000000000003 0.0549722750270677 0.998487881237599  
0.05562500000000004 0.05559631917544051 0.9984533285507859  
0.05625000000000004 0.05622034160650184 0.9984183858431541  
0.05687500000000004 0.05684434207649295 0.9983830531283531  
0.05750000000000004 0.05746832034166366 0.9983473304201845  
0.05812500000000004 0.05809227615827246 0.9983112177326028  
0.05875000000000004 0.05871620928258663 0.9982747150797143  
0.05937500000000004 0.0593401194708823 0.998237822475778  
0.06000000000000004 0.05996400647944455 0.9982005399352049  
0.06062500000000004 0.06058787006456754 0.9981628674725586  
0.06125000000000004 0.06121170998255455 0.9981248051025549  
0.06187500000000004 0.06183552598971813 0.9980863528400619  
0.06250000000000004 0.06245931784238015 0.9980475107000999  
0.06312500000000004 0.06308308529687194 0.9980082786978418  
0.06375000000000004 0.06370682810953433 0.9979686568486126  
0.06437500000000004 0.06433054603671781 0.9979286451678894  
0.06500000000000004 0.06495423883478256 0.9978882436713019  
0.06562500000000004 0.06557790626009859 0.9978474523746319  
0.06625000000000004 0.06620154806904581 0.9978062712938135  
0.06687500000000005 0.06682516401801417 0.997764700444933  
0.06750000000000005 0.06744875386340368 0.9977227398442292  
0.06812500000000005 0.06807231736162457 0.9976803895080928  
0.06875000000000005 0.06869585426909736 0.9976376494530669  
0.06937500000000005 0.06931936434225294 0.9975945196958469  
0.07000000000000005 0.06994284733753271 0.9975510002532804  
0.07062500000000005 0.07056630301138864 0.997507091142367  
0.07125000000000005 0.07118973112028334 0.9974627923802588  
0.07187500000000005 0.07181313142069023 0.99741810398426  
0.07250000000000005 0.07243650366909357 0.9973730259718271  
0.07312500000000005 0.07305984762198858 0.9973275583605685  
0.07375000000000005 0.07368316303588156 0.9972817011682452  
0.07437500000000005 0.0743064496672899 0.9972354544127701  
0.07500000000000005 0.07492970727274229 0.9971888181122082  
0.07562500000000005 0.07555293560877872 0.997141792284777  
0.07625000000000005 0.07617613443195065 0.9970943769488457  
0.07687500000000005 0.07679930349882103 0.9970465721229362  
0.07750000000000005 0.07742244256596445 0.9969983778257222  
0.07812500000000006 0.07804555138996724 0.9969497940760295  
0.07875000000000006 0.07866862972742751 0.996900820892836  
0.07937500000000006 0.07929167733495529 0.9968514582952722  
0.08000000000000006 0.07991469396917263 0.9968017063026201  
0.08062500000000006 0.08053767938671363 0.9967515649343142  
0.08125000000000006 0.08116063334422466 0.9967010342099408  
0.08187500000000006 0.08178355559836432 0.9966501141492388  
0.08250000000000006 0.08240644590580362 0.9965988047720985  
0.08312500000000006 0.08302930402322603 0.9965471060985628  
0.08375000000000006 0.08365212970732762 0.9964950181488265  
0.08437500000000006 0.0842749227148171 0.9964425409432363  
0.08500000000000006 0.08489768280241596 0.9963896745022912  
0.08562500000000006 0.08552040972685855 0.9963364188466423  
0.08625000000000006 0.08614310324489219 0.9962827739970923  
0.08687500000000006 0.08676576311327722 0.9962287399745965  
0.08750000000000006 0.08738838908878713 0.9961743168002618  
0.08812500000000006 0.08801098092820867 0.9961195044953473  
0.08875000000000006 0.0886335383883419 0.9960643030812639  
0.08937500000000007 0.08925606122600033 0.9960087125795749  
0.09000000000000007 0.08987854919801097 0.9959527330119952  
0.09062500000000007 0.09050100206121447 0.9958963644003918  
0.09125000000000007 0.0911234195724652 0.9958396067667836  
0.09187500000000007 0.09174580148863132 0.9957824601333418  
0.09250000000000007 0.09236814756659489 0.9957249245223891  
0.09312500000000007 0.092990457563252 0.9956669999564005  
0.09375000000000007 0.09361273123551281 0.9956086864580027  
0.09437500000000007 0.09423496834030166 0.9955499840499744  
0.09500000000000007 0.0948571686345572 0.9954908927552463  
0.09562500000000007 0.09547933187523246 0.9954314125969007  
0.09625000000000007 0.09610145781929491 0.9953715435981723  
0.09687500000000007 0.09672354622372663 0.9953112857824473  
0.09750000000000007 0.09734559684552434 0.995250639173264  
0.09812500000000007 0.09796760944169951 0.9951896037943123  
0.09875000000000007 0.09858958376927848 0.9951281796694345  
0.09937500000000007 0.09921151958530255 0.9950663668226241  
0.1000000000000001 0.09983341664682806 0.9950041652780267  
0.1006250000000001 0.1004552747109265 0.99494157505994  
0.1012500000000001 0.1010770935346844 0.9948785961928132  
0.1018750000000001 0.101698872875204 0.9948152287012473  
0.1025000000000001 0.1023206124896027 0.9947514726099954  
0.1031250000000001 0.1029423121350135 0.9946873279439622  
0.1037500000000001 0.1035639715685848 0.9946227947282041  
0.1043750000000001 0.1041855905474811 0.9945578729879295  
0.1050000000000001 0.1048071688288824 0.9944925627484984  
0.1056250000000001 0.1054287061699847 0.9944268640354226  
0.1062500000000001 0.106050202328 0.9943607768743656  
0.1068750000000001 0.1066716570601564 0.9942943012911429  
0.1075000000000001 0.1072930701236981 0.9942274373117215  
0.1081250000000001 0.1079144412758856 0.9941601849622199  
0.1087500000000001 0.1085357702739959 0.9940925442689087  
0.1093750000000001 0.1091570568753223 0.99402451525821  
0.1100000000000001 0.1097783008371747 0.9939560979566977  
0.1106250000000001 0.1103995019168798 0.9938872923910973  
0.1112500000000001 0.1110206598717808 0.993818098588286  
0.1118750000000001 0.111641774459238 0.9937485165752925  
0.1125000000000001 0.1122628454366285 0.9936785463792974  
0.1131250000000001 0.1128838725613464 0.9936081880276327  
0.1137500000000001 0.113504855590803 0.9935374415477822  
0.1143750000000001 0.1141257942824268 0.9934663069673813  
0.1150000000000001 0.1147466883936637 0.9933947843142168  
0.1156250000000001 0.1153675376819769 0.9933228736162273  
0.1162500000000001 0.1159883419048472 0.9932505749015029  
0.1168750000000001 0.1166091008197729 0.9931778881982853  
0.1175000000000001 0.11722981418427 0.9931048135349678  
0.1181250000000001 0.1178504817558725 0.9930313509400952  
0.1187500000000001 0.118471103292132 0.9929575004423637  
0.1193750000000001 0.1190916785506184 0.9928832620706213  
0.1200000000000001 0.1197122072889193 0.9928086358538671  
0.1206250000000001 0.1203326892646407 0.9927336218212522  
0.1212500000000001 0.120953124235407 0.992658220002079  
0.1218750000000001 0.1215735119588606 0.9925824304258012  
0.1225000000000001 0.1221938521926627 0.9925062531220241  
0.1231250000000001 0.1228141446944928 0.9924296881205046  
0.1237500000000001 0.1234343892220491 0.9923527354511507  
0.1243750000000001 0.1240545855330488 0.9922753951440221  
0.1250000000000001 0.1246747333852276 0.9921976672293299  
0.1256250000000001 0.1252948325363402 0.9921195517374366  
0.1262500000000001 0.1259148827441605 0.992041048698856  
0.126875 0.1265348837664813 0.9919621581442534  
0.1275 0.1271548353611147 0.9918828801044454  
0.128125 0.1277747372858922 0.9918032146103999  
0.12875 0.1283945892986646 0.9917231616932364  
0.129375 0.1290143911573021 0.9916427213842254  
0.13 0.1296341426196948 0.991561893714789  
0.130625 0.1302538434437521 0.9914806787165005  
0.13125 0.1308734933874035 0.9913990764210844  
0.1318749999999999 0.1314930922085982 0.9913170868604168  
0.1324999999999999 0.1321126396653054 0.9912347100665246  
0.1331249999999999 0.1327321355155144 0.9911519460715865  
0.1337499999999999 0.1333515795172347 0.9910687949079321  
0.1343749999999999 0.133970971428496 0.9909852566080422  
0.1349999999999999 0.1345903110073482 0.990901331204549  
0.1356249999999999 0.1352095980118619 0.990817018730236  
0.1362499999999998 0.1358288322001281 0.9907323192180376  
0.1368749999999998 0.1364480133302584 0.9906472327010396  
0.1374999999999998 0.1370671411603853 0.9905617592124789  
0.1381249999999998 0.1376862154486619 0.9904758987857436  
0.1387499999999998 0.1383052359532624 0.990389651454373  
0.1393749999999998 0.1389242024323818 0.9903030172520574  
0.1399999999999998 0.1395431146442364 0.9902159962126382  
0.1406249999999998 0.1401619723470636 0.9901285883701081  
0.1412499999999997 0.1407807752991221 0.9900407937586108  
0.1418749999999997 0.1413995232586921 0.9899526124124409  
0.1424999999999997 0.1420182159840751 0.9898640443660445  
0.1431249999999997 0.1426368532335943 0.9897750896540183  
0.1437499999999997 0.1432554347655945 0.9896857483111103  
0.1443749999999997 0.1438739603384424 0.9895960203722195  
0.1449999999999997 0.1444924297105263 0.9895059058723957  
0.1456249999999996 0.1451108426402566 0.9894154048468401  
0.1462499999999996 0.145729198886066 0.9893245173309045  
0.1468749999999996 0.1463474982064089 0.989233243360092  
0.1474999999999996 0.1469657403597621 0.9891415829700563  
0.1481249999999996 0.1475839251046249 0.9890495361966023  
0.1487499999999996 0.1482020521995188 0.9889571030756859  
0.1493749999999996 0.1488201214029879 0.9888642836434136  
0.1499999999999996 0.1494381324735991 0.9887710779360431  
0.1506249999999995 0.1500560851699416 0.988677485989983  
0.1512499999999995 0.1506739792506278 0.9885835078417924  
0.1518749999999995 0.1512918144742927 0.9884891435281816  
0.1524999999999995 0.1519095905995946 0.9883943930860117  
0.1531249999999995 0.1525273073852145 0.9882992565522946  
0.1537499999999995 0.1531449645898569 0.9882037339641929  
0.1543749999999995 0.1537625619722495 0.9881078253590202  
0.1549999999999994 0.1543800992911433 0.9880115307742408  
0.1556249999999994 0.1549975763053127 0.9879148502474697  
0.1562499999999994 0.1556149927735559 0.9878177838164729  
0.1568749999999994 0.1562323484546945 0.9877203315191668  
0.1574999999999994 0.156849643107574 0.9876224933936187  
0.1581249999999994 0.1574668764910636 0.9875242694780467  
0.1587499999999994 0.1580840483640566 0.9874256598108195  
0.1593749999999994 0.1587011584854702 0.9873266644304566  
0.1599999999999993 0.1593182066142458 0.9872272833756278  
0.1606249999999993 0.159935192509349 0.9871275166851541  
0.1612499999999993 0.1605521159297696 0.9870273643980066  
0.1618749999999993 0.161168976634522 0.9869268265533075  
0.1624999999999993 0.161785774382645 0.9868259031903294  
0.1631249999999993 0.1624025089332019 0.9867245943484954  
0.1637499999999993 0.1630191800452807 0.9866229000673792  
0.1643749999999992 0.1636357874779945 0.9865208203867053  
0.1649999999999992 0.1642523309904808 0.9864183553463485  
0.1656249999999992 0.1648688103419025 0.9863155049863341  
0.1662499999999992 0.1654852252914472 0.9862122693468381  
0.1668749999999992 0.1661015755983279 0.986108648468187  
0.1674999999999992 0.1667178610217827 0.9860046423908576  
0.1681249999999992 0.1673340813210752 0.9859002511554773  
0.1687499999999992 0.1679502362554943 0.9857954748028239  
0.1693749999999991 0.1685663255843545 0.9856903133738257  
0.1699999999999991 0.1691823490669959 0.9855847669095614  
0.1706249999999991 0.1697983064627843 0.98547883545126  
0.1712499999999991 0.1704141975311115 0.9853725190403011  
0.1718749999999991 0.1710300220313949 0.9852658177182144  
0.1724999999999991 0.1716457797230781 0.9851587315266803  
0.1731249999999991 0.1722614703656308 0.9850512605075292  
0.173749999999999 0.1728770937185489 0.984943404702742  
0.174374999999999 0.1734926495413544 0.9848351641544498  
0.174999999999999 0.1741081375935959 0.9847265389049342  
0.175624999999999 0.1747235576348483 0.9846175289966268  
0.176249999999999 0.1753389094247133 0.9845081344721097  
0.176874999999999 0.175954192722819 0.9843983553741151  
0.177499999999999 0.1765694072888204 0.9842881917455254  
0.178124999999999 0.1771845528823993 0.9841776436293733  
0.1787499999999989 0.1777996292632645 0.9840667110688417  
0.1793749999999989 0.1784146361911518 0.9839553941072636  
0.1799999999999989 0.1790295734258241 0.9838436927881222  
0.1806249999999989 0.1796444407270716 0.9837316071550508  
0.1812499999999989 0.1802592378547117 0.9836191372518329  
0.1818749999999989 0.1808739645685892 0.983506283122402  
0.1824999999999989 0.1814886206285767 0.9833930448108417  
0.1831249999999988 0.1821032057945741 0.9832794223613858  
0.1837499999999988 0.182717719826509 0.983165415818418  
0.1843749999999988 0.1833321624843369 0.9830510252264721  
0.1849999999999988 0.1839465335280412 0.9829362506302322  
0.1856249999999988 0.1845608327176331 0.9828210920745317  
0.1862499999999988 0.1851750598131522 0.9827055496043547  
0.1868749999999988 0.1857892145746658 0.9825896232648349  
0.1874999999999988 0.1864032967622699 0.982473313101256  
0.1881249999999987 0.1870173061360885 0.9823566191590516  
0.1887499999999987 0.1876312424562743 0.9822395414838053  
0.1893749999999987 0.1882451054830084 0.9821220801212507  
0.1899999999999987 0.1888588949765006 0.982004235117271  
0.1906249999999987 0.1894726106969893 0.9818860065178994  
0.1912499999999987 0.1900862524047419 0.981767394369319  
0.1918749999999987 0.1906998198600545 0.9816483987178627  
0.1924999999999986 0.1913133128232524 0.9815290196100132  
0.1931249999999986 0.19192673105469 0.9814092570924028  
0.1937499999999986 0.1925400743147506 0.9812891112118138  
0.1943749999999986 0.1931533423638472 0.9811685820151783  
0.1949999999999986 0.1937665349624219 0.9810476695495779  
0.1956249999999986 0.1943796518709463 0.980926373862244  
0.1962499999999986 0.1949926928499217 0.9808046950005579  
0.1968749999999986 0.1956056576598789 0.9806826330120502  
0.1974999999999985 0.1962185460613786 0.9805601879444015  
0.1981249999999985 0.1968313578150112 0.9804373598454418  
0.1987499999999985 0.1974440926813972 0.9803141487631509  
0.1993749999999985 0.198056750421187 0.9801905547456581  
0.1999999999999985 0.1986693307950612 0.9800665778412423  
0.2006249999999985 0.1992818335637306 0.979942218098332  
0.2012499999999985 0.1998942584879362 0.9798174755655052  
0.2018749999999984 0.2005066053284497 0.9796923502914895  
0.2024999999999984 0.201118873846073 0.9795668423251619  
0.2031249999999984 0.2017310638016388 0.979440951715549  
0.2037499999999984 0.2023431749560103 0.9793146785118267  
0.2043749999999984 0.2029552070700817 0.9791880227633207  
0.2049999999999984 0.203567159904778 0.9790609845195057  
0.2056249999999984 0.2041790332210549 0.9789335638300061  
0.2062499999999984 0.2047908267798997 0.9788057607445955  
0.2068749999999983 0.2054025403423303 0.9786775753131971  
0.2074999999999983 0.2060141736693962 0.9785490075858833  
0.2081249999999983 0.2066257265221781 0.9784200576128758  
0.2087499999999983 0.2072371986617882 0.9782907254445458  
0.2093749999999983 0.2078485898493703 0.9781610111314135  
0.2099999999999983 0.2084598998460996 0.9780309147241488  
0.2106249999999983 0.2090711284131831 0.9779004362735705  
0.2112499999999982 0.2096822753118598 0.9777695758306466  
0.2118749999999982 0.2102933403034003 0.9776383334464946  
0.2124999999999982 0.2109043231491075 0.9775067091723811  
0.2131249999999982 0.2115152236103161 0.9773747030597217  
0.2137499999999982 0.2121260414483932 0.9772423151600814  
0.2143749999999982 0.212736776424738 0.9771095455251742  
0.2149999999999982 0.2133474283007823 0.9769763942068631  
0.2156249999999982 0.2139579968379901 0.9768428612571605  
0.2162499999999981 0.2145684817978581 0.9767089467282276  
0.2168749999999981 0.2151788829419156 0.9765746506723748  
0.2174999999999981 0.2157892000317247 0.9764399731420615  
0.2181249999999981 0.2163994328288803 0.9763049141898962  
0.2187499999999981 0.2170095810950102 0.9761694738686361  
0.2193749999999981 0.2176196445917752 0.9760336522311877  
0.2199999999999981 0.2182296230808694 0.9758974493306063  
0.220624999999998 0.2188395163240197 0.9757608652200962  
0.221249999999998 0.2194493240829868 0.9756238999530105  
0.221874999999998 0.2200590461195645 0.9754865535828513  
0.222499999999998 0.2206686821955801 0.9753488261632695  
0.223124999999998 0.2212782320728945 0.9752107177480649  
0.223749999999998 0.2218876955134023 0.975072228391186  
0.224374999999998 0.2224970722790319 0.9749333581467303  
0.224999999999998 0.2231063621317455 0.9747941070689441  
0.2256249999999979 0.2237155648335392 0.9746544752122221  
0.2262499999999979 0.2243246801464432 0.9745144626311082  
0.2268749999999979 0.2249337078325218 0.9743740693802947  
0.2274999999999979 0.2255426476538738 0.9742332955146227  
0.2281249999999979 0.2261514993726318 0.974092141089082  
0.2287499999999979 0.2267602627509633 0.9739506061588111  
0.2293749999999979 0.22736893755107 0.9738086907790972  
0.2299999999999978 0.2279775235351884 0.9736663950053757  
0.2306249999999978 0.2285860204655896 0.973523718893231  
0.2312499999999978 0.2291944281045794 0.9733806624983961  
0.2318749999999978 0.2298027462144987 0.9732372258767522  
0.2324999999999978 0.2304109745577231 0.9730934090843294  
0.2331249999999978 0.2310191128966635 0.972949212177306  
0.2337499999999978 0.2316271609937659 0.972804635212009  
0.2343749999999978 0.2322351186115115 0.9726596782449137  
0.2349999999999977 0.2328429855124168 0.972514341332644  
0.2356249999999977 0.2334507614590339 0.972368624531972  
0.2362499999999977 0.2340584462139502 0.9722225278998184  
0.2368749999999977 0.234666039539789 0.9720760514932523  
0.2374999999999977 0.235273541199209 0.9719291953694909  
0.2381249999999977 0.235880950954905 0.9717819595858999  
0.2387499999999977 0.2364882685696076 0.9716343441999933  
0.2393749999999976 0.2370954938060832 0.9714863492694333  
0.2399999999999976 0.2377026264271346 0.9713379748520306  
0.2406249999999976 0.2383096661956006 0.9711892210057437  
0.2412499999999976 0.2389166128743562 0.9710400877886797  
0.2418749999999976 0.239523466226313 0.9708905752590937  
0.2424999999999976 0.2401302260144188 0.9707406834753892  
0.2431249999999976 0.2407368920016581 0.9705904124961175  
0.2437499999999976 0.2413434639510521 0.9704397623799783  
0.2443749999999975 0.2419499416256585 0.9702887331858193  
0.2449999999999975 0.242556324788572 0.9701373249726363  
0.2456249999999975 0.2431626132029243 0.969985537799573  
0.2462499999999975 0.2437688066318839 0.9698333717259213  
0.2468749999999975 0.2443749048386564 0.9696808268111211  
0.2474999999999975 0.2449809075864849 0.9695279031147602  
0.2481249999999975 0.2455868146386495 0.9693746006965746  
0.2487499999999974 0.2461926257584677 0.9692209196164479  
0.2493749999999974 0.2467983407092946 0.9690668599344117  
0.2499999999999974 0.2474039592545229 0.9689124217106457  
0.2506249999999974 0.2480094811575826 0.9687576050054774  
0.2512499999999974 0.248614906181942 0.9686024098793818  
0.2518749999999974 0.2492202340911068 0.9684468363929822  
0.2524999999999974 0.2498254646486208 0.9682908846070495  
0.2531249999999974 0.2504305976180659 0.9681345545825023  
0.2537499999999974 0.251035632763062 0.9679778463804071  
0.2543749999999974 0.2516405698472672 0.9678207600619778  
0.2549999999999973 0.252245408634378 0.9676632956885765  
0.2556249999999973 0.2528501488881293 0.9675054533217126  
0.2562499999999973 0.2534547903722943 0.9673472330230433  
0.2568749999999973 0.2540593328506852 0.9671886348543733  
0.2574999999999973 0.2546637760871523 0.9670296588776552  
0.2581249999999973 0.2552681198455851 0.966870305154989  
0.2587499999999973 0.2558723638899119 0.966710573748622  
0.2593749999999972 0.2564765079840998 0.9665504647209495  
0.2599999999999972 0.2570805518921551 0.966389978134514  
0.2606249999999972 0.257684495378123 0.9662291140520056  
0.2612499999999972 0.2582883382060882 0.9660678725362618  
0.2618749999999972 0.2588920801401745 0.9659062536502676  
0.2624999999999972 0.2594957209445453 0.9657442574571553  
0.2631249999999972 0.2600992603834035 0.9655818840202047  
0.2637499999999972 0.2607026982209913 0.965419133402843  
0.2643749999999971 0.261306034221591 0.9652560056686446  
0.2649999999999971 0.2619092681495244 0.9650925008813311  
0.2656249999999971 0.2625123997691532 0.9649286191047719  
0.2662499999999971 0.2631154288448793 0.9647643604029831  
0.2668749999999971 0.2637183551411442 0.9645997248401282  
0.2674999999999971 0.2643211784224301 0.9644347124805182  
0.2681249999999971 0.264923898453259 0.9642693233886107  
0.268749999999997 0.2655265149981934 0.9641035576290111  
0.269374999999997 0.2661290278218363 0.9639374152664716  
0.269999999999997 0.266731436688831 0.9637708963658914  
0.270624999999997 0.2673337413638617 0.9636040009923171  
0.271249999999997 0.2679359416116531 0.9634367292109423  
0.271874999999997 0.2685380371969707 0.9632690810871073  
0.272499999999997 0.269140027884621 0.9631010566862998  
0.273124999999997 0.2697419134394513 0.9629326560741542  
0.2737499999999969 0.27034369362635 0.9627638793164521  
0.2743749999999969 0.2709453682102469 0.9625947264791219  
0.2749999999999969 0.2715469369561128 0.962425197628239  
0.2756249999999969 0.2721483996289598 0.9622552928300254  
0.2762499999999969 0.2727497559938417 0.9620850121508503  
0.2768749999999969 0.2733510058158537 0.9619143556572295  
0.2774999999999969 0.2739521488601325 0.9617433234158258  
0.2781249999999968 0.2745531848918566 0.9615719154934487  
0.2787499999999968 0.2751541136762464 0.9614001319570542  
0.2793749999999968 0.275754934978564 0.9612279728737454  
0.2799999999999968 0.2763556485641136 0.961055438310772  
0.2806249999999968 0.2769562541982415 0.9608825283355302  
0.2812499999999968 0.2775567516463362 0.960709243015563  
0.2818749999999968 0.2781571406738283 0.96053558241856  
0.2824999999999968 0.2787574210461908 0.9603615466123572  
0.2831249999999967 0.2793575925289393 0.9601871356649375  
0.2837499999999967 0.2799576548876318 0.9600123496444302  
0.2843749999999967 0.2805576078878689 0.9598371886191109  
0.2849999999999967 0.281157451295294 0.9596616526574021  
0.2856249999999967 0.2817571848755932 0.9594857418278725  
0.2862499999999967 0.2823568083944957 0.9593094561992371  
0.2868749999999967 0.2829563216177735 0.9591327958403576  
0.2874999999999966 0.2835557243112417 0.9589557608202419  
0.2881249999999966 0.2841550162407587 0.9587783512080443  
0.2887499999999966 0.2847541971722262 0.9586005670730655  
0.2893749999999966 0.285353266871589 0.9584224084847524  
0.2899999999999966 0.2859522251048355 0.9582438755126981  
0.2906249999999966 0.2865510716379977 0.9580649682266421  
0.2912499999999966 0.2871498062371513 0.9578856866964701  
0.2918749999999966 0.2877484286684154 0.957706030992214  
0.2924999999999965 0.2883469386979532 0.9575260011840516  
0.2931249999999965 0.2889453360919718 0.9573455973423073  
0.2937499999999965 0.2895436206167221 0.9571648195374511  
0.2943749999999965 0.2901417920384993 0.9569836678400995  
0.2949999999999965 0.2907398501236427 0.9568021423210148  
0.2956249999999965 0.2913377946385359 0.9566202430511054  
0.2962499999999965 0.2919356253496067 0.9564379701014257  
0.2968749999999964 0.2925333420233275 0.9562553235431761  
0.2974999999999964 0.2931309444262154 0.9560723034477029  
0.2981249999999964 0.2937284323248318 0.9558889098864983  
0.2987499999999964 0.2943258054857831 0.9557051429312006  
0.2993749999999964 0.2949230636757203 0.9555210026535934  
0.2999999999999964 0.2955202066613395 0.9553364891256068  
0.3006249999999964 0.2961172342093819 0.9551516024193162  
0.3012499999999964 0.2967141460866333 0.9549663426069431  
0.3018749999999963 0.2973109420599251 0.9547807097608546  
0.3024999999999963 0.2979076218961341 0.9545947039535635  
0.3031249999999963 0.298504185362182 0.9544083252577282  
0.3037499999999963 0.2991006322250363 0.954221573746153  
0.3043749999999963 0.2996969622517099 0.9540344494917877  
0.3049999999999963 0.3002931752092615 0.9538469525677278  
0.3056249999999963 0.3008892708647953 0.9536590830472141  
0.3062499999999962 0.3014852489854615 0.9534708410036332  
0.3068749999999962 0.3020811093384562 0.9532822265105172  
0.3074999999999962 0.3026768516910214 0.9530932396415436  
0.3081249999999962 0.3032724758104452 0.9529038804705353  
0.3087499999999962 0.303867981464062 0.9527141490714609  
0.3093749999999962 0.3044633684192524 0.9525240455184341  
0.3099999999999962 0.3050586364434434 0.952333569885714  
0.3106249999999962 0.3056537853041085 0.9521427222477055  
0.3112499999999961 0.3062488147687675 0.9519515026789581  
0.3118749999999961 0.3068437246049872 0.9517599112541671  
0.3124999999999961 0.3074385145803809 0.9515679480481729  
0.3131249999999961 0.3080331844626086 0.9513756131359611  
0.3137499999999961 0.3086277340193777 0.9511829065926625  
0.3143749999999961 0.309222163018442 0.9509898284935531  
0.3149999999999961 0.3098164712276029 0.950796378914054  
0.315624999999996 0.3104106584147086 0.9506025579297315  
0.316249999999996 0.3110047243476547 0.9504083656162968  
0.316874999999996 0.3115986687943845 0.9502138020496065  
0.317499999999996 0.3121924915228881 0.9500188673056618  
0.318124999999996 0.3127861923012038 0.9498235614606091  
0.318749999999996 0.3133797708974171 0.9496278845907399  
0.319374999999996 0.3139732270796614 0.9494318367724903  
0.319999999999996 0.3145665606161178 0.9492354180824416  
0.3206249999999959 0.3151597712750154 0.9490386285973197  
0.3212499999999959 0.3157528588246314 0.9488414683939955  
0.3218749999999959 0.316345823033291 0.9486439375494848  
0.3224999999999959 0.3169386636693675 0.9484460361409481  
0.3231249999999959 0.3175313805012824 0.9482477642456907  
0.3237499999999959 0.318123973297506 0.9480491219411623  
0.3243749999999959 0.3187164418265565 0.9478501093049577  
0.3249999999999958 0.3193087858570009 0.9476507264148163  
0.3256249999999958 0.319901005157455 0.9474509733486219  
0.3262499999999958 0.3204930994965829 0.9472508501844031  
0.3268749999999958 0.321085068643098 0.947050357000333  
0.3274999999999958 0.3216769123657622 0.9468494938747293  
0.3281249999999958 0.3222686304333866 0.946648260886054  
0.3287499999999958 0.3228602226148313 0.9464466581129138  
0.3293749999999958 0.3234516886790057 0.9462446856340599  
0.3299999999999957 0.3240430283948683 0.9460423435283877  
0.3306249999999957 0.3246342415314271 0.945839631874937  
0.3312499999999957 0.3252253278577393 0.9456365507528922  
0.3318749999999957 0.3258162871429121 0.9454331002415818  
0.3324999999999957 0.3264071191561018 0.9452292804204786  
0.3331249999999957 0.3269978236665147 0.9450250913691998  
0.3337499999999957 0.3275884004434069 0.9448205331675066  
0.3343749999999956 0.3281788492560844 0.9446156058953047  
0.3349999999999956 0.328769169873903 0.9444103096326437  
0.3356249999999956 0.3293593620662689 0.9442046444597176  
0.3362499999999956 0.3299494256026381 0.9439986104568643  
0.3368749999999956 0.3305393602525172 0.9437922077045657  
0.3374999999999956 0.3311291657854628 0.943585436283448  
0.3381249999999956 0.3317188419710823 0.9433782962742813  
0.3387499999999956 0.3323083885790334 0.9431707877579796  
0.3393749999999955 0.3328978053790244 0.9429629108156009  
0.3399999999999955 0.3334870921408143 0.9427546655283472  
0.3406249999999955 0.3340762486342132 0.9425460519775641  
0.3412499999999955 0.3346652746290817 0.9423370702447416  
0.3418749999999955 0.3352541698953315 0.9421277204115129  
0.3424999999999955 0.3358429342029255 0.9419180025596555  
0.3431249999999955 0.3364315673218776 0.9417079167710903  
0.3437499999999954 0.337020069022253 0.9414974631278821  
0.3443749999999954 0.3376084390741682 0.9412866417122393  
0.3449999999999954 0.3381966772477911 0.941075452606514  
0.3456249999999954 0.3387847833133414 0.9408638958932021  
0.3462499999999954 0.3393727570410899 0.9406519716549427  
0.3468749999999954 0.3399605982013596 0.9404396799745189  
0.3474999999999954 0.3405483065645249 0.9402270209348571  
0.3481249999999954 0.3411358819010123 0.9400139946190271  
0.3487499999999953 0.3417233239813002 0.9398006011102426  
0.3493749999999953 0.3423106325759189 0.93958684049186  
0.3499999999999953 0.3428978074554512 0.9393727128473799  
0.3506249999999953 0.3434848483905318 0.9391582182604458  
0.3512499999999953 0.3440717551518479 0.9389433568148445  
0.3518749999999953 0.344658527510139 0.9387281285945065  
0.3524999999999953 0.3452451652361971 0.9385125336835052  
0.3531249999999952 0.345831668100867 0.9382965721660573  
0.3537499999999952 0.3464180358750459 0.9380802441265229  
0.3543749999999952 0.347004268329684 0.9378635496494051  
0.3549999999999952 0.3475903652357842 0.9376464888193501  
0.3556249999999952 0.3481763263644023 0.9374290617211474  
0.3562499999999952 0.3487621514866474 0.9372112684397292  
0.3568749999999952 0.3493478403736815 0.9369931090601713  
0.3574999999999952 0.3499333927967199 0.9367745836676921  
0.3581249999999951 0.3505188085270312 0.936555692347653  
0.3587499999999951 0.3511040873359374 0.9363364351855585  
0.3593749999999951 0.3516892289948139 0.936116812267056  
0.3599999999999951 0.3522742332750898 0.9358968236779356  
0.3606249999999951 0.3528590999482479 0.9356764695041303  
0.3612499999999951 0.3534438287858245 0.935455749831716  
0.3618749999999951 0.3540284195594099 0.9352346647469113  
0.362499999999995 0.3546128720406485 0.9350132143360776  
0.363124999999995 0.3551971860012385 0.934791398685719  
0.363749999999995 0.3557813612129321 0.9345692178824822  
0.364374999999995 0.3563653974475361 0.9343466720131565  
0.364999999999995 0.3569492944769112 0.9341237611646739  
0.365624999999995 0.3575330520729727 0.933900485424109  
0.366249999999995 0.3581166700076903 0.9336768448786787  
0.366874999999995 0.3587001480530883 0.9334528396157429  
0.3674999999999949 0.3592834859812454 0.9332284697228035  
0.3681249999999949 0.3598666835642955 0.9330037352875049  
0.3687499999999949 0.3604497405744268 0.9327786363976341  
0.3693749999999949 0.3610326567838828 0.9325531731411204  
0.3699999999999949 0.3616154319649618 0.9323273456060353  
0.3706249999999949 0.3621980658900174 0.9321011538805926  
0.3712499999999949 0.362780558331458 0.9318745980531484  
0.3718749999999948 0.3633629090617477 0.9316476782122013  
0.3724999999999948 0.3639451178534056 0.9314203944463918  
0.3731249999999948 0.3645271844790065 0.9311927468445025  
0.3737499999999948 0.3651091087111806 0.9309647354954583  
0.3743749999999948 0.3656908903226137 0.9307363604883262  
0.3749999999999948 0.3662725290860475 0.9305076219123151  
0.3756249999999948 0.3668540247742792 0.930278519856776  
0.3762499999999948 0.3674353771601622 0.9300490544112019  
0.3768749999999947 0.3680165860166056 0.9298192256652278  
0.3774999999999947 0.3685976511165748 0.9295890337086304  
0.3781249999999947 0.3691785722330912 0.9293584786313286  
0.3787499999999947 0.3697593491392325 0.9291275605233829  
0.3793749999999947 0.3703399816081328 0.9288962794749956  
0.3799999999999947 0.3709204694129825 0.928664635576511  
0.3806249999999947 0.3715008123270285 0.9284326289184149  
0.3812499999999946 0.3720810101235745 0.928200259591335  
0.3818749999999946 0.3726610625759806 0.9279675276860405  
0.3824999999999946 0.3732409694576638 0.9277344332934423  
0.3831249999999946 0.3738207305420981 0.9275009765045928  
0.3837499999999946 0.3744003456028143 0.9272671574106862  
0.3843749999999946 0.3749798144134003 0.927032976103058  
0.3849999999999946 0.375559136747501 0.9267984326731854  
0.3856249999999946 0.3761383123788187 0.9265635272126868  
0.3862499999999945 0.3767173410811129 0.9263282598133221  
0.3868749999999945 0.3772962226282006 0.9260926305669928  
0.3874999999999945 0.3778749567939561 0.9258566395657414  
0.3881249999999945 0.3784535433523114 0.9256202869017519  
0.3887499999999945 0.3790319820772561 0.9253835726673496  
0.3893749999999945 0.3796102727428377 0.9251464969550011  
0.3899999999999945 0.3801884151231613 0.9249090598573139  
0.3906249999999944 0.38076640899239 0.9246712614670369  
0.3912499999999944 0.3813442541247451 0.9244331018770602  
0.3918749999999944 0.3819219502945058 0.9241945811804149  
0.3924999999999944 0.3824994972760095 0.923955699470273  
0.3931249999999944 0.3830768948436519 0.9237164568399477  
0.3937499999999944 0.3836541427718871 0.9234768533828933  
0.3943749999999944 0.3842312408352277 0.9232368891927047  
0.3949999999999944 0.3848081888082448 0.9229965643631181  
0.3956249999999943 0.385384986465568 0.9227558789880101  
0.3962499999999943 0.3859616335818858 0.9225148331613988  
0.3968749999999943 0.3865381299319453 0.9222734269774425  
0.3974999999999943 0.3871144752905528 0.9220316605304405  
0.3981249999999943 0.3876906694325732 0.9217895339148328  
0.3987499999999943 0.3882667121329309 0.9215470472252001  
0.3993749999999943 0.3888426031666091 0.9213042005562638  
0.3999999999999942 0.3894183423086503 0.9210609940028859  
0.4006249999999942 0.3899939293341566 0.9208174276600689  
0.4012499999999942 0.3905693640182891 0.9205735016229559  
0.4018749999999942 0.3911446461362688 0.9203292159868306  
0.4024999999999942 0.3917197754633761 0.920084570847117  
0.4031249999999942 0.392294751774951 0.9198395662993797  
0.4037499999999942 0.3928695748463936 0.9195942024393234  
0.4043749999999942 0.3934442444531634 0.9193484793627935  
0.4049999999999941 0.3940187603707803 0.9191023971657756  
0.4056249999999941 0.3945931223748239 0.9188559559443954  
0.4062499999999941 0.395167330240934 0.9186091557949191  
0.4068749999999941 0.3957413837448109 0.918361996813753  
0.4074999999999941 0.3963152826622147 0.9181144790974436  
0.4081249999999941 0.3968890267689663 0.9178666027426775  
0.4087499999999941 0.3974626158409469 0.9176183678462814  
0.409374999999994 0.3980360496540982 0.9173697745052219  
0.409999999999994 0.3986093279844227 0.917120822816606  
0.410624999999994 0.3991824506079835 0.9168715128776803  
0.411249999999994 0.3997554173009046 0.9166218447858315  
0.411874999999994 0.4003282278393709 0.9163718186385863  
0.412499999999994 0.4009008819996284 0.9161214345336111  
0.413124999999994 0.4014733795579838 0.9158706925687121  
0.413749999999994 0.4020457202908055 0.9156195928418356  
0.4143749999999939 0.4026179039745229 0.9153681354510672  
0.4149999999999939 0.4031899303856265 0.9151163204946325  
0.4156249999999939 0.4037617993006687 0.9148641480708969  
0.4162499999999939 0.4043335104962633 0.914611618278365  
0.4168749999999939 0.4049050637490854 0.9143587312156813  
0.4174999999999939 0.4054764588358722 0.91410548698163  
0.4181249999999939 0.4060476955334223 0.9138518856751343  
0.4187499999999938 0.4066187736185966 0.9135979273952575  
0.4193749999999938 0.4071896928683176 0.9133436122412019  
0.4199999999999938 0.40776045305957 0.9130889403123092  
0.4206249999999938 0.4083310539694007 0.9128339117080609  
0.4212499999999938 0.4089014953749185 0.9125785265280775  
0.4218749999999938 0.409471777053295 0.9123227848721187  
0.4224999999999938 0.4100418987817637 0.9120666868400837  
0.4231249999999938 0.4106118603376209 0.9118102325320108  
0.4237499999999937 0.4111816614982254 0.9115534220480773  
0.4243749999999937 0.4117513020409986 0.9112962554886  
0.4249999999999937 0.4123207817434247 0.9110387329540345  
0.4256249999999937 0.4128901003830506 0.9107808545449755  
0.4262499999999937 0.4134592577374864 0.9105226203621568  
0.4268749999999937 0.4140282535844048 0.9102640305064511  
0.4274999999999937 0.414597087701542 0.91000508507887  
0.4281249999999936 0.415165759866697 0.9097457841805642  
0.4287499999999936 0.4157342698577324 0.9094861279128229  
0.4293749999999936 0.4163026174525739 0.9092261163770745  
0.4299999999999936 0.4168708024292107 0.908965749674886  
0.4306249999999936 0.4174388245656956 0.908705027907963  
0.4312499999999936 0.418006683640145 0.9084439511781501  
0.4318749999999936 0.4185743794307389 0.9081825195874303  
0.4324999999999936 0.4191419117157212 0.9079207332379254  
0.4331249999999935 0.4197092802733996 0.9076585922318956  
0.4337499999999935 0.4202764848821457 0.9073960966717397  
0.4343749999999935 0.4208435253203952 0.9071332466599951  
0.4349999999999935 0.421410401366648 0.9068700422993375  
0.4356249999999935 0.4219771127994681 0.9066064836925812  
0.4362499999999935 0.4225436593974839 0.9063425709426788  
0.4368749999999935 0.4231100409393881 0.9060783041527211  
0.4374999999999934 0.4236762572039379 0.9058136834259373  
0.4381249999999934 0.4242423079699552 0.9055487088656949  
0.4387499999999934 0.4248081930163263 0.9052833805754997  
0.4393749999999934 0.4253739121220024 0.9050176986589955  
0.4399999999999934 0.4259394650659996 0.9047516632199643  
0.4406249999999934 0.4265048516273985 0.9044852743623261  
0.4412499999999934 0.4270700715853453 0.904218532190139  
0.4418749999999934 0.4276351247190507 0.9039514368075994  
0.4424999999999933 0.428200010807791 0.9036839883190412  
0.4431249999999933 0.4287647296309076 0.9034161868289365  
0.4437499999999933 0.429329280967807 0.9031480324418955  
0.4443749999999933 0.4298936645979616 0.9028795252626657  
0.4449999999999933 0.4304578803009089 0.9026106653961329  
0.4456249999999933 0.4310219278562521 0.9023414529473204  
0.4462499999999933 0.4315858070436603 0.9020718880213893  
0.4468749999999932 0.4321495176428681 0.9018019707236383  
0.4474999999999932 0.432713059433676 0.9015317011595041  
0.4481249999999932 0.4332764321959506 0.9012610794345606  
0.4487499999999932 0.4338396357096244 0.9009901056545193  
0.4493749999999932 0.4344026697546959 0.9007187799252295  
0.4499999999999932 0.4349655341112302 0.9004471023526778  
0.4506249999999932 0.4355282285593582 0.900175073042988  
0.4512499999999932 0.4360907528792775 0.8999026921024219  
0.4518749999999931 0.4366531068512519 0.8996299596373781  
0.4524999999999931 0.4372152902556121 0.8993568757543928  
0.4531249999999931 0.437777302872755 0.8990834405601393  
0.4537499999999931 0.4383391444831446 0.8988096541614283  
0.4543749999999931 0.4389008148673115 0.8985355166652076  
0.4549999999999931 0.4394623138058531 0.898261028178562  
0.4556249999999931 0.440023641079434 0.8979861888087137  
0.4562499999999931 0.4405847964687857 0.8977109986630218  
0.456874999999993 0.4411457797547069 0.8974354578489826  
0.457499999999993 0.4417065907180635 0.897159566474229  
0.458124999999993 0.4422672291397887 0.8968833246465312  
0.458749999999993 0.4428276948008831 0.8966067324737961  
0.459374999999993 0.4433879874824149 0.8963297900640675  
0.459999999999993 0.4439481069655197 0.8960524975255261  
0.460624999999993 0.4445080530314008 0.8957748549664892  
0.4612499999999929 0.4450678254613294 0.8954968624954111  
0.4618749999999929 0.4456274240366444 0.8952185202208823  
0.4624999999999929 0.4461868485387525 0.8949398282516305  
0.4631249999999929 0.4467460987491286 0.8946607866965197  
0.4637499999999929 0.4473051744493155 0.8943813956645504  
0.4643749999999929 0.4478640754209243 0.8941016552648599  
0.4649999999999929 0.4484228014456344 0.8938215656067215  
0.4656249999999929 0.4489813523051934 0.8935411267995456  
0.4662499999999928 0.4495397277814173 0.8932603389528783  
0.4668749999999928 0.4500979276561907 0.8929792021764025  
0.4674999999999928 0.4506559517114669 0.8926977165799371  
0.4681249999999928 0.4512137997292677 0.8924158822734376  
0.4687499999999928 0.4517714714916837 0.8921336993669954  
0.4693749999999928 0.4523289667808744 0.8918511679708382  
0.4699999999999928 0.4528862853790682 0.8915682881953298  
0.4706249999999927 0.4534434270685626 0.8912850601509703  
0.4712499999999927 0.454000391631724 0.8910014839483955  
0.4718749999999927 0.4545571788509882 0.8907175596983773  
0.4724999999999927 0.4551137885088601 0.8904332875118237  
0.4731249999999927 0.4556702203879143 0.8901486674997785  
0.4737499999999927 0.4562264742707944 0.8898636997734214  
0.4743749999999927 0.4567825499402138 0.8895783844440679  
0.4749999999999927 0.4573384471789554 0.8892927216231692  
0.4756249999999926 0.4578941657698719 0.8890067114223125  
0.4762499999999926 0.4584497054958858 0.8887203539532204  
0.4768749999999926 0.4590050661399892 0.8884336493277513  
0.4774999999999926 0.4595602474852445 0.8881465976578993  
0.4781249999999926 0.460115249314784 0.8878591990557938  
0.4787499999999926 0.4606700714118101 0.8875714536337  
0.4793749999999926 0.4612247135595954 0.8872833615040184  
0.4799999999999925 0.4617791755414828 0.886994922779285  
0.4806249999999925 0.4623334571408856 0.8867061375721712  
0.4812499999999925 0.4628875581412877 0.8864170059954837  
0.4818749999999925 0.4634414783262432 0.8861275281621644  
0.4824999999999925 0.4639952174793772 0.8858377041852908  
0.4831249999999925 0.4645487753843852 0.8855475341780753  
0.4837499999999925 0.4651021518250337 0.8852570182538655  
0.4843749999999925 0.4656553465851601 0.8849661565261442  
0.4849999999999924 0.4662083594486726 0.8846749491085292  
0.4856249999999924 0.4667611901995507 0.8843833961147735  
0.4862499999999924 0.4673138386218448 0.8840914976587648  
0.4868749999999924 0.4678663044996766 0.8837992538545262  
0.4874999999999924 0.4684185876172391 0.8835066648162153  
0.4881249999999924 0.4689706877587969 0.8832137306581247  
0.4887499999999924 0.4695226047086857 0.8829204514946818  
0.4893749999999923 0.4700743382513131 0.8826268274404487  
0.4899999999999923 0.470625888171158 0.8823328586101225  
0.4906249999999923 0.4711772542527713 0.8820385451185344  
0.4912499999999923 0.4717284362807757 0.881743887080651  
0.4918749999999923 0.4722794340398656 0.8814488846115729  
0.4924999999999923 0.4728302473148077 0.8811535378265354  
0.4931249999999923 0.4733808758904404 0.8808578468409084  
0.4937499999999923 0.4739313195516744 0.8805618117701962  
0.4943749999999922 0.4744815780834928 0.8802654327300374  
0.4949999999999922 0.4750316512709508 0.8799687098362052  
0.4956249999999922 0.475581538899176 0.8796716432046069  
0.4962499999999922 0.4761312407533687 0.8793742329512841  
0.4968749999999922 0.4766807566188015 0.8790764791924128  
0.4974999999999922 0.4772300862808198 0.878778382044303  
0.4981249999999922 0.4777792295248417 0.8784799416233989  
0.4987499999999921 0.4783281861363581 0.8781811580462788  
0.4993749999999921 0.478876955900933 0.8778820314296549  
0.4999999999999921 0.479425538604203 0.8775825618903738  
0.5006249999999921 0.4799739340318781 0.8772827495454155  
0.5012499999999921 0.4805221419697413 0.8769825945118943  
0.5018749999999921 0.4810701622036489 0.8766820969070583  
0.5024999999999921 0.4816179945195305 0.8763812568482894  
0.5031249999999921 0.4821656387033892 0.8760800744531031  
0.503749999999992 0.4827130945413013 0.8757785498391488  
0.504374999999992 0.4832603618194171 0.8754766831242097  
0.504999999999992 0.4838074403239601 0.8751744744262023  
0.505624999999992 0.4843543298412279 0.874871923863177  
0.506249999999992 0.4849010301575918 0.8745690315533177  
0.506874999999992 0.485447541059497 0.8742657976149414  
0.507499999999992 0.4859938623334626 0.8739622221664991  
0.5081249999999919 0.4865399937660819 0.8736583053265748  
0.5087499999999919 0.4870859351440223 0.8733540472138862  
0.5093749999999919 0.4876316862540255 0.873049447947284  
0.5099999999999919 0.4881772468829074 0.8727445076457523  
0.5106249999999919 0.4887226168175585 0.8724392264284083  
0.5112499999999919 0.4892677958449436 0.8721336044145026  
0.5118749999999919 0.4898127837521022 0.8718276417234188  
0.5124999999999919 0.4903575803261483 0.8715213384746735  
0.5131249999999918 0.4909021853542709 0.8712146947879165  
0.5137499999999918 0.4914465986237336 0.8709077107829304  
0.5143749999999918 0.491990819921875 0.8706003865796308  
0.5149999999999918 0.4925348490361086 0.8702927222980663  
0.5156249999999918 0.493078685753923 0.8699847180584183  
0.5162499999999918 0.4936223298628821 0.8696763739810007  
0.5168749999999918 0.4941657811506248 0.8693676901862607  
0.5174999999999917 0.4947090394048656 0.8690586667947777  
0.5181249999999917 0.4952521044133941 0.8687493039272641  
0.5187499999999917 0.4957949759640757 0.8684396017045647  
0.5193749999999917 0.4963376538448511 0.8681295602476569  
0.5199999999999917 0.4968801378437367 0.8678191796776507  
0.5206249999999917 0.4974224277488248 0.8675084601157884  
0.5212499999999917 0.4979645233482834 0.8671974016834449  
0.5218749999999917 0.4985064244303564 0.8668860045021275  
0.5224999999999916 0.4990481307833637 0.8665742686934755  
0.5231249999999916 0.4995896421957013 0.8662621943792609  
0.5237499999999916 0.5001309584558412 0.8659497816813876  
0.5243749999999916 0.5006720793523318 0.8656370307218918  
0.5249999999999916 0.5012130046737978 0.8653239416229419  
0.5256249999999916 0.5017537342089402 0.8650105145068383  
0.5262499999999916 0.5022942677465366 0.8646967494960135  
0.5268749999999915 0.5028346050754411 0.8643826467130319  
0.5274999999999915 0.5033747459845843 0.8640682062805899  
0.5281249999999915 0.5039146902629738 0.8637534283215158  
0.5287499999999915 0.5044544376996938 0.8634383129587698  
0.5293749999999915 0.5049939880839055 0.8631228603154438  
0.5299999999999915 0.5055333412048471 0.8628070705147615  
0.5306249999999915 0.5060724968518335 0.8624909436800782  
0.5312499999999915 0.5066114548142574 0.8621744799348809  
0.5318749999999914 0.5071502148815882 0.8618576794027885  
0.5324999999999914 0.5076887768433728 0.8615405422075509  
0.5331249999999914 0.5082271404892353 0.8612230684730501  
0.5337499999999914 0.5087653056088776 0.860905258323299  
0.5343749999999914 0.5093032719920788 0.8605871118824424  
0.5349999999999914 0.5098410394286959 0.8602686292747561  
0.5356249999999914 0.5103786077086634 0.8599498106246475  
0.5362499999999913 0.5109159766219937 0.859630656056655  
0.5368749999999913 0.5114531459587772 0.8593111656954484  
0.5374999999999913 0.5119901155091821 0.8589913396658286  
0.5381249999999913 0.5125268850634546 0.8586711780927277  
0.5387499999999913 0.5130634544119191 0.8583506811012088  
0.5393749999999913 0.5135998233449783 0.858029848816466  
0.5399999999999913 0.5141359916531131 0.8577086813638245  
0.5406249999999913 0.5146719591268826 0.8573871788687402  
0.5412499999999912 0.5152077255569246 0.8570653414568  
0.5418749999999912 0.5157432907339554 0.8567431692537217  
0.5424999999999912 0.5162786544487699 0.8564206623853539  
0.5431249999999912 0.5168138164922415 0.8560978209776756  
0.5437499999999912 0.5173487766553225 0.8557746451567969  
0.5443749999999912 0.5178835347290444 0.8554511350489584  
0.5449999999999912 0.5184180905045169 0.8551272907805312  
0.5456249999999911 0.5189524437729295 0.8548031124780168  
0.5462499999999911 0.5194865943255503 0.8544786002680475  
0.5468749999999911 0.5200205419537269 0.8541537542773857  
0.5474999999999911 0.5205542864488859 0.8538285746329246  
0.5481249999999911 0.5210878276025334 0.8535030614616874  
0.5487499999999911 0.5216211652062548 0.8531772148908277  
0.5493749999999911 0.5221542990517152 0.8528510350476292  
0.5499999999999911 0.5226872289306591 0.852524522059506  
0.550624999999991 0.5232199546349109 0.8521976760540022  
0.551249999999991 0.5237524759563745 0.851870497158792  
0.551874999999991 0.524284792687034 0.8515429855016798  
0.552499999999991 0.5248169046189529 0.8512151412105997  
0.553124999999991 0.5253488115442752 0.8508869644136159  
0.553749999999991 0.5258805132552246 0.8505584552389224  
0.554374999999991 0.5264120095441052 0.8502296138148431  
0.5549999999999909 0.5269433002033013 0.8499004402698317  
0.5556249999999909 0.5274743850252774 0.8495709347324717  
0.5562499999999909 0.5280052638025786 0.8492410973314761  
0.5568749999999909 0.5285359363278304 0.8489109281956877  
0.5574999999999909 0.5290664023937387 0.8485804274540787  
0.5581249999999909 0.5295966617930903 0.8482495952357511  
0.5587499999999909 0.5301267143187526 0.8479184316699361  
0.5593749999999909 0.5306565597636739 0.8475869368859945  
0.5599999999999908 0.5311861979208833 0.8472551110134164  
0.5606249999999908 0.5317156285834909 0.8469229541818214  
0.5612499999999908 0.5322448515446878 0.8465904665209582  
0.5618749999999908 0.5327738665977464 0.8462576481607047  
0.5624999999999908 0.5333026735360201 0.8459244992310682  
0.5631249999999908 0.5338312721529438 0.8455910198621849  
0.5637499999999908 0.5343596622420336 0.8452572101843202  
0.5643749999999907 0.534887843596887 0.8449230703278686  
0.5649999999999907 0.5354158160111834 0.8445886004233534  
0.5656249999999907 0.5359435792786834 0.8442538006014269  
0.5662499999999907 0.5364711331932296 0.8439186709928702  
0.5668749999999907 0.5369984775487462 0.8435832117285934  
0.5674999999999907 0.5375256121392393 0.8432474229396353  
0.5681249999999907 0.5380525367587971 0.8429113047571632  
0.5687499999999907 0.5385792512015894 0.8425748573124736  
0.5693749999999906 0.5391057552618687 0.842238080736991  
0.5699999999999906 0.5396320487339691 0.8419009751622688  
0.5706249999999906 0.5401581314123074 0.8415635407199888  
0.5712499999999906 0.5406840030913824 0.8412257775419616  
0.5718749999999906 0.5412096635657757 0.8408876857601256  
0.5724999999999906 0.5417351126301511 0.8405492655065481  
0.5731249999999906 0.5422603500792549 0.8402105169134244  
0.5737499999999905 0.5427853757079163 0.8398714401130782  
0.5743749999999905 0.5433101893110472 0.8395320352379615  
0.5749999999999905 0.5438347906836424 0.8391923024206541  
0.5756249999999905 0.5443591796207794 0.8388522417938643  
0.5762499999999905 0.5448833559176187 0.8385118534904282  
0.5768749999999905 0.5454073193694041 0.83817113764331  
0.5774999999999905 0.5459310697714623 0.8378300943856017  
0.5781249999999905 0.5464546069192033 0.8374887238505236  
0.5787499999999904 0.5469779306081205 0.8371470261714233  
0.5793749999999904 0.5475010406337905 0.8368050014817766  
0.5799999999999904 0.5480239367918733 0.8364626499151868  
0.5806249999999904 0.548546618878113 0.8361199716053851  
0.5812499999999904 0.5490690866883365 0.83577696668623  
0.5818749999999904 0.5495913400184551 0.835433635291708  
0.5824999999999904 0.5501133786644634 0.8350899775559328  
0.5831249999999903 0.5506352024224402 0.8347459936131458  
0.5837499999999903 0.5511568110885481 0.8344016835977156  
0.5843749999999903 0.5516782044590336 0.8340570476441383  
0.5849999999999903 0.5521993823302275 0.8337120858870375  
0.5856249999999903 0.5527203444985447 0.8333667984611637  
0.5862499999999903 0.5532410907604843 0.8330211855013948  
0.5868749999999903 0.5537616209126299 0.832675247142736  
0.5874999999999903 0.5542819347516494 0.8323289835203193  
0.5881249999999902 0.5548020320742952 0.8319823947694039  
0.5887499999999902 0.5553219126774043 0.8316354810253763  
0.5893749999999902 0.5558415763578982 0.8312882424237494  
0.5899999999999902 0.5563610229127836 0.8309406791001634  
0.5906249999999902 0.5568802521391514 0.8305927911903852  
0.5912499999999902 0.5573992638341777 0.8302445788303086  
0.5918749999999902 0.5579180577951237 0.8298960421559538  
0.5924999999999901 0.5584366338193355 0.8295471813034682  
0.5931249999999901 0.5589549917042443 0.8291979964091254  
0.5937499999999901 0.5594731312473666 0.8288484876093257  
0.5943749999999901 0.5599910522463042 0.8284986550405962  
0.5949999999999901 0.560508754498744 0.8281484988395901  
0.5956249999999901 0.5610262378024587 0.8277980191430871  
0.5962499999999901 0.5615435019553064 0.8274472160879934  
0.5968749999999901 0.5620605467552309 0.8270960898113415  
0.59749999999999 0.5625773720002614 0.8267446404502901  
0.59812499999999 0.5630939774885131 0.8263928681421239  
0.59874999999999 0.563610363018187 0.826040773024254  
0.59937499999999 0.56412652838757 0.8256883552342178  
0.59999999999999 0.5646424733950351 0.8253356149096783  
0.60062499999999 0.5651581978390412 0.8249825521884248  
0.60124999999999 0.5656737015181335 0.8246291672083722  
0.6018749999999899 0.5661889842309432 0.8242754601075617  
0.6024999999999899 0.5667040457761882 0.82392143102416  
0.6031249999999899 0.5672188859526724 0.82356708009646  
0.6037499999999899 0.5677335045592866 0.8232124074628796  
0.6043749999999899 0.5682479013950078 0.822857413261963  
0.6049999999999899 0.5687620762588997 0.8225020976323799  
0.6056249999999899 0.5692760289501129 0.8221464607129254  
0.6062499999999899 0.5697897592678844 0.8217905026425201  
0.6068749999999898 0.5703032670115386 0.8214342235602101  
0.6074999999999898 0.5708165519804862 0.821077623605167  
0.6081249999999898 0.5713296139742255 0.8207207029166876  
0.6087499999999898 0.5718424527923417 0.8203634616341942  
0.6093749999999898 0.572355068234507 0.8200058998972339  
0.6099999999999898 0.5728674601004811 0.8196480178454795  
0.6106249999999898 0.5733796281901108 0.8192898156187284  
0.6112499999999897 0.5738915723033305 0.8189312933569035  
0.6118749999999897 0.5744032922401622 0.8185724512000526  
0.6124999999999897 0.574914787800715 0.8182132892883484  
0.6131249999999897 0.5754260587851863 0.8178538077620884  
0.6137499999999897 0.5759371049938605 0.8174940067616951  
0.6143749999999897 0.5764479262271105 0.8171338864277159  
0.6149999999999897 0.5769585222853967 0.8167734469008227  
0.6156249999999897 0.5774688929692674 0.8164126883218121  
0.6162499999999896 0.5779790380793591 0.8160516108316056  
0.6168749999999896 0.5784889574163965 0.815690214571249  
0.6174999999999896 0.5789986507811922 0.8153284996819127  
0.6181249999999896 0.5795081179746473 0.8149664663048916  
0.6187499999999896 0.5800173587977512 0.8146041145816049  
0.6193749999999896 0.5805263730515816 0.8142414446535963  
0.6199999999999896 0.581035160537305 0.8138784566625338  
0.6206249999999895 0.5815437210561761 0.8135151507502094  
0.6212499999999895 0.5820520544095387 0.8131515270585397  
0.6218749999999895 0.5825601603988249 0.812787585729565  
0.6224999999999895 0.5830680388255558 0.81242332690545  
0.6231249999999895 0.5835756894913415 0.8120587507284833  
0.6237499999999895 0.5840831121978809 0.8116938573410774  
0.6243749999999895 0.584590306746962 0.8113286468857688  
0.6249999999999895 0.585097272940462 0.8109631195052178  
0.6256249999999894 0.5856040105803472 0.8105972753422086  
0.6262499999999894 0.5861105194686732 0.810231114539649  
0.6268749999999894 0.586616799407585 0.8098646372405706  
0.6274999999999894 0.587122850199317 0.8094978435881285  
0.6281249999999894 0.587628671646193 0.8091307337256016  
0.6287499999999894 0.5881342635506267 0.8087633077963922  
0.6293749999999894 0.5886396257151212 0.8083955659440258  
0.6299999999999893 0.5891447579422694 0.8080275083121519  
0.6306249999999893 0.5896496600347539 0.8076591350445427  
0.6312499999999893 0.5901543317953476 0.8072904462850942  
0.6318749999999893 0.5906587730269128 0.8069214421778254  
0.6324999999999893 0.5911629835324024 0.8065521228668785  
0.6331249999999893 0.591666963114859 0.8061824884965189  
0.6337499999999893 0.5921707115774157 0.8058125392111349  
0.6343749999999893 0.5926742287232958 0.8054422751552381  
0.6349999999999892 0.5931775143558128 0.8050716964734628  
0.6356249999999892 0.5936805682783708 0.8047008033105663  
0.6362499999999892 0.5941833902944643 0.8043295958114287  
0.6368749999999892 0.5946859802076786 0.803958074121053  
0.6374999999999892 0.5951883378216893 0.8035862383845648  
0.6381249999999892 0.5956904629402633 0.8032140887472125  
0.6387499999999892 0.5961923553672577 0.8028416253543669  
0.6393749999999891 0.5966940149066208 0.8024688483515217  
0.6399999999999891 0.5971954413623919 0.8020957578842928  
0.6406249999999891 0.5976966345387014 0.8017223540984186  
0.6412499999999891 0.5981975942397706 0.8013486371397601  
0.6418749999999891 0.5986983202699122 0.8009746071543004  
0.6424999999999891 0.59919881243353 0.8006002642881449  
0.6431249999999891 0.5996990705351194 0.8002256086875214  
0.6437499999999891 0.6001990943792669 0.7998506404987796  
0.644374999999989 0.6006988837706508 0.7994753598683916  
0.644999999999989 0.601198438514041 0.7990997669429513  
0.645624999999989 0.6016977584142986 0.7987238618691747  
0.646249999999989 0.6021968432763771 0.7983476447938996  
0.646874999999989 0.6026956929053213 0.7979711158640861  
0.647499999999989 0.6031943071062682 0.7975942752268155  
0.648124999999989 0.6036926856844465 0.7972171230292913  
0.6487499999999889 0.6041908284451771 0.7968396594188385  
0.6493749999999889 0.6046887351938731 0.7964618845429039  
0.6499999999999889 0.6051864057360395 0.7960837985490559  
0.6506249999999889 0.6056838398772739 0.7957054015849842  
0.6512499999999889 0.6061810374232661 0.7953266937985  
0.6518749999999889 0.6066779981797983 0.7949476753375362  
0.6524999999999889 0.607174721952745 0.7945683463501468  
0.6531249999999889 0.6076712085480738 0.7941887069845073  
0.6537499999999888 0.6081674577718444 0.7938087573889141  
0.6543749999999888 0.6086634694302097 0.7934284977117853  
0.6549999999999888 0.6091592433294148 0.7930479281016596  
0.6556249999999888 0.6096547792757984 0.7926670487071971  
0.6562499999999888 0.6101500770757915 0.7922858596771787  
0.6568749999999888 0.6106451365359185 0.7919043611605064  
0.6574999999999888 0.6111399574627967 0.7915225533062032  
0.6581249999999887 0.6116345396631369 0.7911404362634127  
0.6587499999999887 0.6121288829437428 0.7907580101813992  
0.6593749999999887 0.6126229871115115 0.7903752752095482  
0.6599999999999887 0.6131168519734338 0.7899922314973653  
0.6606249999999887 0.6136104773365936 0.789608879194477  
0.6612499999999887 0.6141038630081684 0.7892252184506303  
0.6618749999999887 0.6145970087954296 0.7888412494156927  
0.6624999999999887 0.6150899145057419 0.7884569722396521  
0.6631249999999886 0.6155825799465643 0.7880723870726166  
0.6637499999999886 0.6160750049254492 0.7876874940648151  
0.6643749999999886 0.6165671892500432 0.7873022933665962  
0.6649999999999886 0.6170591327280867 0.7869167851284289  
0.6656249999999886 0.6175508351674143 0.7865309695009024  
0.6662499999999886 0.6180422963759548 0.7861448466347259  
0.6668749999999886 0.618533516161731 0.7857584166807288  
0.6674999999999885 0.6190244943328604 0.7853716797898601  
0.6681249999999885 0.6195152306975547 0.784984636113189  
0.6687499999999885 0.6200057250641198 0.7845972858019045  
0.6693749999999885 0.6204959772409564 0.7842096290073151  
0.6699999999999885 0.6209859870365598 0.7838216658808493  
0.6706249999999885 0.62147575425952 0.7834333965740553  
0.6712499999999885 0.6219652787185215 0.7830448212386008  
0.6718749999999885 0.6224545602223439 0.7826559400262728  
0.6724999999999884 0.6229435985798616 0.7822667530889783  
0.6731249999999884 0.6234323936000441 0.7818772605787433  
0.6737499999999884 0.6239209450919557 0.7814874626477133  
0.6743749999999884 0.6244092528647561 0.7810973594481532  
0.6749999999999884 0.6248973167277001 0.7807069511324469  
0.6756249999999884 0.6253851364901376 0.7803162378530978  
0.6762499999999884 0.6258727119615142 0.7799252197627282  
0.6768749999999883 0.6263600429513706 0.7795338970140796  
0.6774999999999883 0.6268471292693432 0.7791422697600123  
0.6781249999999883 0.6273339707251638 0.7787503381535058  
0.6787499999999883 0.6278205671286602 0.7783581023476583  
0.6793749999999883 0.6283069182897555 0.777965562495687  
0.6799999999999883 0.6287930240184688 0.7775727187509278  
0.6806249999999883 0.6292788841249152 0.7771795712668352  
0.6812499999999883 0.6297644984193054 0.7767861201969826  
0.6818749999999882 0.6302498667119464 0.7763923656950615  
0.6824999999999882 0.6307349888132412 0.7759983079148826  
0.6831249999999882 0.6312198645336891 0.7756039470103744  
0.6837499999999882 0.6317044936838854 0.7752092831355842  
0.6843749999999882 0.6321888760745219 0.7748143164446778  
0.6849999999999882 0.6326730115163867 0.7744190470919388  
0.6856249999999882 0.6331568998203644 0.7740234752317693  
0.6862499999999881 0.6336405407974361 0.7736276010186897  
0.6868749999999881 0.6341239342586797 0.7732314246073383  
0.6874999999999881 0.6346070800152696 0.7728349461524715  
0.6881249999999881 0.6350899778784769 0.7724381658089636  
0.6887499999999881 0.6355726276596696 0.7720410837318071  
0.6893749999999881 0.6360550291703128 0.771643700076112  
0.6899999999999881 0.6365371822219682 0.7712460149971064  
0.6906249999999881 0.6370190866262949 0.770848028650136  
0.691249999999988 0.637500742195049 0.7704497411906642  
0.691874999999988 0.6379821487400839 0.7700511527742722  
0.692499999999988 0.6384633060733499 0.7696522635566583  
0.693124999999988 0.6389442140068952 0.7692530736936387  
0.693749999999988 0.6394248723528649 0.7688535833411471  
0.694374999999988 0.6399052809235021 0.7684537926552342  
0.694999999999988 0.640385439531147 0.7680537017920683  
0.6956249999999879 0.6408653479882378 0.767653310907935  
0.6962499999999879 0.6413450061073102 0.7672526201592368  
0.6968749999999879 0.6418244137009976 0.7668516297024937  
0.6974999999999879 0.6423035705820317 0.7664503396943424  
0.6981249999999879 0.6427824765632416 0.766048750291537  
0.6987499999999879 0.6432611314575548 0.7656468616509482  
0.6993749999999879 0.6437395350779967 0.7652446739295637  
0.6999999999999879 0.644217687237691 0.7648421872844883  
0.7006249999999878 0.6446955877498594 0.7644394018729431  
0.7012499999999878 0.645173236427822 0.7640363178522663  
0.7018749999999878 0.6456506330849973 0.7636329353799126  
0.7024999999999878 0.6461277775349022 0.7632292546134533  
0.7031249999999878 0.6466046695911524 0.762825275710576  
0.7037499999999878 0.6470813090674616 0.7624209988290851  
0.7043749999999878 0.6475576957776428 0.7620164241269013  
0.7049999999999877 0.6480338295356072 0.7616115517620614  
0.7056249999999877 0.6485097101553652 0.7612063818927188  
0.7062499999999877 0.6489853374510259 0.7608009146771431  
0.7068749999999877 0.6494607112367975 0.7603951502737196  
0.7074999999999877 0.649935831326987 0.7599890888409503  
0.7081249999999877 0.6504106975360006 0.7595827305374528  
0.7087499999999877 0.6508853096783438 0.7591760755219609  
0.7093749999999877 0.6513596675686212 0.7587691239533241  
0.7099999999999876 0.6518337710215367 0.7583618759905079  
0.7106249999999876 0.6523076198518937 0.7579543317925935  
0.7112499999999876 0.652781213874595 0.757546491518778  
0.7118749999999876 0.6532545529046428 0.7571383553283738  
0.7124999999999876 0.6537276367571393 0.7567299233808092  
0.7131249999999876 0.654200465247286 0.756321195835628  
0.7137499999999876 0.6546730381903842 0.7559121728524891  
0.7143749999999875 0.6551453554018353 0.7555028545911674  
0.7149999999999875 0.6556174166971402 0.7550932412115527  
0.7156249999999875 0.6560892218919001 0.7546833328736503  
0.7162499999999875 0.656560770801816 0.7542731297375805  
0.7168749999999875 0.6570320632426891 0.7538626319635791  
0.7174999999999875 0.6575030990304209 0.7534518397119966  
0.7181249999999875 0.657973877981013 0.7530407531432988  
0.7187499999999875 0.6584443999105675 0.7526293724180664  
0.7193749999999874 0.6589146646352865 0.752217697696995  
0.7199999999999874 0.659384671971473 0.7518057291408949  
0.7206249999999874 0.6598544217355304 0.7513934669106915  
0.7212499999999874 0.6603239137439628 0.7509809111674246  
0.7218749999999874 0.6607931478133747 0.7505680620722488  
0.7224999999999874 0.6612621237604717 0.7501549197864333  
0.7231249999999874 0.66173084140206 0.7497414844713619  
0.7237499999999873 0.6621993005550467 0.7493277562885325  
0.7243749999999873 0.6626675010364401 0.748913735399558  
0.7249999999999873 0.6631354426633493 0.748499421966165  
0.7256249999999873 0.6636031252529847 0.748084816150195  
0.7262499999999873 0.6640705486226578 0.7476699181136031  
0.7268749999999873 0.6645377125897812 0.7472547280184588  
0.7274999999999873 0.6650046169718691 0.746839246026946  
0.7281249999999873 0.6654712615865369 0.7464234723013622  
0.7287499999999872 0.6659376462515016 0.746007407004119  
0.7293749999999872 0.6664037707845818 0.745591050297742  
0.7299999999999872 0.6668696350036974 0.7451744023448704  
0.7306249999999872 0.6673352387268704 0.7447574633082574  
0.7312499999999872 0.6678005817722242 0.7443402333507697  
0.7318749999999872 0.6682656639579843 0.7439227126353879  
0.7324999999999872 0.6687304851024778 0.7435049013252059  
0.7331249999999871 0.6691950450241342 0.7430867995834312  
0.7337499999999871 0.6696593435414846 0.7426684075733848  
0.7343749999999871 0.6701233804731624 0.7422497254585012  
0.7349999999999871 0.6705871556379033 0.7418307534023281  
0.7356249999999871 0.671050668854545 0.7414114915685264  
0.7362499999999871 0.6715139199420277 0.7409919401208702  
0.7368749999999871 0.671976908719394 0.7405720992232468  
0.7374999999999871 0.6724396350057888 0.7401519690396566  
0.738124999999987 0.6729020986204598 0.739731549734213  
0.738749999999987 0.6733642993827571 0.739310841471142  
0.739374999999987 0.6738262371121335 0.738889844414783  
0.739999999999987 0.6742879116281446 0.7384685587295879  
0.740624999999987 0.6747493227504487 0.7380469845801215  
0.741249999999987 0.6752104702988073 0.7376251221310611  
0.741874999999987 0.6756713540930845 0.7372029715471968  
0.7424999999999869 0.6761319739532476 0.736780532993431  
0.7431249999999869 0.676592329699367 0.736357806634779  
0.7437499999999869 0.6770524211516161 0.7359347926363681  
0.7443749999999869 0.6775122481302719 0.7355114911634382  
0.7449999999999869 0.6779718104557143 0.7350879023813414  
0.7456249999999869 0.6784311079484269 0.7346640264555421  
0.7462499999999869 0.6788901404289965 0.7342398635516167  
0.7468749999999869 0.6793489077181137 0.7338154138352541  
0.7474999999999868 0.6798074096365725 0.7333906774722546  
0.7481249999999868 0.6802656460052705 0.7329656546285311  
0.7487499999999868 0.6807236166452092 0.7325403454701082  
0.7493749999999868 0.6811813213774939 0.732114750163122  
0.7499999999999868 0.6816387600233335 0.7316888688738209  
0.7506249999999868 0.6820959324040411 0.7312627017685647  
0.7512499999999868 0.6825528383410339 0.7308362490138249  
0.7518749999999867 0.6830094776558328 0.7304095107761847  
0.7524999999999867 0.6834658501700631 0.7299824872223386  
0.7531249999999867 0.6839219557054544 0.7295551785190927  
0.7537499999999867 0.6843777940838406 0.7291275848333645  
0.7543749999999867 0.6848333651271596 0.7286997063321827  
0.7549999999999867 0.6852886686574541 0.7282715431826874  
0.7556249999999867 0.6857437044968711 0.7278430955521298  
0.7562499999999867 0.6861984724676622 0.7274143636078723  
0.7568749999999866 0.6866529723921837 0.7269853475173882  
0.7574999999999866 0.6871072040928966 0.726556047448262  
0.7581249999999866 0.6875611673923667 0.726126463568189  
0.7587499999999866 0.6880148621132646 0.7256965960449754  
0.7593749999999866 0.6884682880783656 0.7252664450465381  
0.7599999999999866 0.6889214451105503 0.7248360107409051  
0.7606249999999866 0.6893743330328044 0.7244052932962145  
0.7612499999999865 0.6898269516682184 0.7239742928807155  
0.7618749999999865 0.6902793008399881 0.7235430096627675  
0.7624999999999865 0.6907313803714148 0.7231114438108406  
0.7631249999999865 0.6911831900859048 0.7226795954935151  
0.7637499999999865 0.6916347298069699 0.7222474648794819  
0.7643749999999865 0.6920859993582276 0.7218150521375418  
0.7649999999999865 0.6925369985634005 0.7213823574366062  
0.7656249999999865 0.6929877272463171 0.7209493809456964  
0.7662499999999864 0.6934381852309116 0.7205161228339438  
0.7668749999999864 0.6938883723412238 0.7200825832705899  
0.7674999999999864 0.6943382884013993 0.7196487624249861  
0.7681249999999864 0.6947879332356898 0.7192146604665935  
0.7687499999999864 0.6952373066684526 0.7187802775649834  
0.7693749999999864 0.6956864085241514 0.7183456138898365  
0.7699999999999864 0.6961352386273558 0.7179106696109433  
0.7706249999999863 0.6965837968027414 0.7174754448982039  
0.7712499999999863 0.6970320828750902 0.717039939921628  
0.7718749999999863 0.6974800966692906 0.7166041548513347  
0.7724999999999863 0.697927838010337 0.7161680898575524  
0.7731249999999863 0.6983753067233306 0.7157317451106192  
0.7737499999999863 0.6988225026334789 0.7152951207809822  
0.7743749999999863 0.6992694255660959 0.7148582170391977  
0.7749999999999863 0.6997160753466025 0.7144210340559313  
0.7756249999999862 0.7001624518005261 0.7139835720019575  
0.7762499999999862 0.7006085547535008 0.7135458310481599  
0.7768749999999862 0.7010543840312677 0.7131078113655313  
0.7774999999999862 0.7014999394596748 0.7126695131251728  
0.7781249999999862 0.701945220864677 0.7122309364982948  
0.7787499999999862 0.7023902280723362 0.7117920816562163  
0.7793749999999862 0.7028349609088215 0.711352948770365  
0.7799999999999861 0.703279419200409 0.7109135380122772  
0.7806249999999861 0.7037236027734824 0.7104738495535976  
0.7812499999999861 0.7041675114545325 0.7100338835660795  
0.7818749999999861 0.7046111450701573 0.7095936402215848  
0.7824999999999861 0.7050545034470626 0.7091531196920833  
0.7831249999999861 0.7054975864120614 0.7087123221496534  
0.7837499999999861 0.7059403937920745 0.7082712477664818  
0.7843749999999861 0.7063829254141303 0.707829896714863  
0.784999999999986 0.7068251811053647 0.7073882691671998  
0.785624999999986 0.7072671606930219 0.7069463652960029  
0.786249999999986 0.7077088640044533 0.706504185273891  
0.786874999999986 0.7081502908671188 0.7060617292735908  
0.787499999999986 0.7085914411085859 0.7056189974679365  
0.788124999999986 0.7090323145565303 0.7051759900298704  
0.788749999999986 0.7094729110387358 0.7047327071324421  
0.7893749999999859 0.7099132303830945 0.704289148948809  
0.7899999999999859 0.7103532724176066 0.7038453156522361  
0.7906249999999859 0.7107930369703807 0.7034012074160957  
0.7912499999999859 0.7112325238696338 0.7029568244138676  
0.7918749999999859 0.7116717329436912 0.702512166819139  
0.7924999999999859 0.7121106640209871 0.7020672348056041  
0.7931249999999859 0.7125493169300638 0.7016220285470645  
0.7937499999999859 0.7129876914995728 0.7011765482174289  
0.7943749999999858 0.7134257875582737 0.7007307939907131  
0.7949999999999858 0.7138636049350354 0.7002847660410398  
0.7956249999999858 0.7143011434588357 0.6998384645426388  
0.7962499999999858 0.7147384029587608 0.6993918896698463  
0.7968749999999858 0.7151753832640063 0.6989450415971059  
0.7974999999999858 0.7156120842038769 0.6984979204989675  
0.7981249999999858 0.7160485056077861 0.6980505265500878  
0.7987499999999857 0.716484647305257 0.69760285992523  
0.7993749999999857 0.7169205091259215 0.6971549207992639  
0.7999999999999857 0.7173560908995213 0.6967067093471657  
0.8006249999999857 0.7177913924559073 0.6962582257440181  
0.8012499999999857 0.7182264136250397 0.6958094701650098  
0.8018749999999857 0.7186611542369884 0.6953604427854362  
0.8024999999999857 0.7190956141219329 0.6949111437806984  
0.8031249999999857 0.7195297931101623 0.6944615733263039  
0.8037499999999856 0.7199636910320754 0.6940117315978661  
0.8043749999999856 0.7203973077181808 0.6935616187711046  
0.8049999999999856 0.720830642999097 0.6931112350218445  
0.8056249999999856 0.7212636967055526 0.692660580526017  
0.8062499999999856 0.7216964686683858 0.6922096554596591  
0.8068749999999856 0.722128958718545 0.6917584599989133  
0.8074999999999856 0.7225611666870889 0.6913069943200278  
0.8081249999999855 0.7229930924051863 0.6908552585993566  
0.8087499999999855 0.7234247357041161 0.6904032530133587  
0.8093749999999855 0.7238560964152678 0.6899509777385989  
0.8099999999999855 0.724287174370141 0.6894984329517472  
0.8106249999999855 0.7247179694003459 0.6890456188295788  
0.8112499999999855 0.7251484813376033 0.6885925355489744  
0.8118749999999855 0.7255787100137444 0.6881391832869195  
0.8124999999999855 0.7260086552607111 0.6876855622205049  
0.8131249999999854 0.726438316910556 0.6872316725269263  
0.8137499999999854 0.7268676947954427 0.6867775143834843  
0.8143749999999854 0.7272967887476453 0.6863230879675846  
0.8149999999999854 0.727725598599549 0.6858683934567373  
0.8156249999999854 0.72815412418365 0.6854134310285576  
0.8162499999999854 0.7285823653325556 0.6849582008607651  
0.8168749999999854 0.729010321878984 0.6845027031311841  
0.8174999999999853 0.7294379936557646 0.6840469380177434  
0.8181249999999853 0.7298653804958382 0.6835909056984762  
0.8187499999999853 0.7302924822322568 0.6831346063515202  
0.8193749999999853 0.730719298698184 0.6826780401551172  
0.8199999999999853 0.7311458297268943 0.6822212072876136  
0.8206249999999853 0.7315720751517742 0.6817641079274595  
0.8212499999999853 0.7319980348063215 0.6813067422532093  
0.8218749999999853 0.7324237085241458 0.6808491104435217  
0.8224999999999852 0.7328490961389683 0.680391212677159  
0.8231249999999852 0.733274197484622 0.6799330491329875  
0.8237499999999852 0.7336990123950515 0.6794746199899773  
0.8243749999999852 0.7341235407043136 0.6790159254272022  
0.8249999999999852 0.734547782246577 0.6785569656238399  
0.8256249999999852 0.7349717368561223 0.6780977407591716  
0.8262499999999852 0.7353954043673422 0.6776382510125819  
0.8268749999999851 0.7358187846147416 0.677178496563559  
0.8274999999999851 0.7362418774329377 0.6767184775916946  
0.8281249999999851 0.7366646826566597 0.6762581942766834  
0.8287499999999851 0.7370872001207495 0.6757976467983237  
0.8293749999999851 0.7375094296601611 0.6753368353365168  
0.8299999999999851 0.7379313711099611 0.6748757600712672  
0.8306249999999851 0.7383530243053287 0.6744144211826824  
0.8312499999999851 0.7387743890815555 0.6739528188509728  
0.831874999999985 0.7391954652740459 0.673490953256452  
0.832499999999985 0.7396162527183171 0.6730288245795362  
0.833124999999985 0.740036751249999 0.6725664330007443  
0.833749999999985 0.7404569607048344 0.672103778700698  
0.834374999999985 0.7408768809186789 0.6716408618601218  
0.834999999999985 0.7412965117275012 0.6711776826598425  
0.835624999999985 0.7417158529673831 0.6707142412807893  
0.8362499999999849 0.7421349044745194 0.6702505379039941  
0.8368749999999849 0.742553666085218 0.6697865727105912  
0.8374999999999849 0.7429721376359002 0.6693223458818167  
0.8381249999999849 0.7433903189631006 0.6688578575990095  
0.8387499999999849 0.7438082099034672 0.6683931080436102  
0.8393749999999849 0.7442258102937612 0.6679280973971615  
0.8399999999999849 0.7446431199708575 0.6674628258413082  
0.8406249999999849 0.7450601387717446 0.6669972935577971  
0.8412499999999848 0.7454768665335244 0.6665315007284767  
0.8418749999999848 0.7458933030934127 0.6660654475352973  
0.8424999999999848 0.746309448288739 0.6655991341603109  
0.8431249999999848 0.7467253019569465 0.6651325607856712  
0.8437499999999848 0.7471408639355924 0.6646657275936334  
0.8443749999999848 0.7475561340623479 0.6641986347665542  
0.8449999999999848 0.747971112174998 0.6637312824868917  
0.8456249999999847 0.7483857981114419 0.6632636709372055  
0.8462499999999847 0.7488001917096929 0.6627958003001563  
0.8468749999999847 0.7492142928078787 0.662327670758506  
0.8474999999999847 0.7496281012442407 0.6618592824951176  
0.8481249999999847 0.7500416168571353 0.6613906356929555  
0.8487499999999847 0.7504548394850329 0.6609217305350847  
0.8493749999999847 0.7508677689665183 0.6604525672046714  
0.8499999999999847 0.7512804051402909 0.6599831458849824  
0.8506249999999846 0.7516927478451649 0.6595134667593854  
0.8512499999999846 0.7521047969200688 0.6590435300113489  
0.8518749999999846 0.752516552204046 0.6585733358244418  
0.8524999999999846 0.7529280135362546 0.6581028843823338  
0.8531249999999846 0.7533391807559674 0.657632175868795  
0.8537499999999846 0.7537500537025723 0.6571612104676958  
0.8543749999999846 0.7541606322155721 0.6566899883630072  
0.8549999999999846 0.7545709161345845 0.6562185097388001  
0.8556249999999845 0.7549809052993424 0.655746774779246  
0.8562499999999845 0.7553905995496937 0.6552747836686165  
0.8568749999999845 0.7557999987256017 0.6548025365912828  
0.8574999999999845 0.7562091026671448 0.6543300337317166  
0.8581249999999845 0.7566179112145168 0.6538572752744893  
0.8587499999999845 0.7570264242080269 0.6533842614042722  
0.8593749999999845 0.7574346414880997 0.6529109923058363  
0.8599999999999844 0.7578425628952752 0.6524374681640522  
0.8606249999999844 0.7582501882702092 0.6519636891638906  
0.8612499999999844 0.758657517453673 0.651489655490421  
0.8618749999999844 0.7590645502865538 0.6510153673288132  
0.8624999999999844 0.7594712866098543 0.6505408248643357  
0.8631249999999844 0.7598777262646931 0.6500660282823568  
0.8637499999999844 0.7602838690923047 0.6495909777683438  
0.8643749999999844 0.7606897149340397 0.6491156735078635  
0.8649999999999843 0.7610952636313644 0.6486401156865814  
0.8656249999999843 0.7615005150258614 0.6481643044902624  
0.8662499999999843 0.7619054689592294 0.6476882401047702  
0.8668749999999843 0.7623101252732833 0.6472119227160674  
0.8674999999999843 0.7627144838099543 0.6467353525102155  
0.8681249999999843 0.7631185444112897 0.6462585296733748  
0.8687499999999843 0.7635223069194533 0.6457814543918041  
0.8693749999999842 0.7639257711767256 0.6453041268518611  
0.8699999999999842 0.7643289370255032 0.6448265472400017  
0.8706249999999842 0.7647318043082995 0.6443487157427804  
0.8712499999999842 0.7651343728677444 0.6438706325468503  
0.8718749999999842 0.7655366425465847 0.6433922978389626  
0.8724999999999842 0.7659386131876837 0.6429137118059667  
0.8731249999999842 0.7663402846340217 0.6424348746348103  
0.8737499999999842 0.7667416567286958 0.6419557865125392  
0.8743749999999841 0.7671427293149199 0.6414764476262971  
0.8749999999999841 0.7675435022360252 0.6409968581633257  
0.8756249999999841 0.7679439753354597 0.6405170183109649  
0.8762499999999841 0.7683441484567886 0.6400369282566518  
0.8768749999999841 0.7687440214436941 0.6395565881879218  
0.8774999999999841 0.7691435941399761 0.6390759982924077  
0.8781249999999841 0.7695428663895515 0.6385951587578399  
0.878749999999984 0.7699418380364544 0.6381140697720463  
0.879374999999984 0.7703405089248367 0.6376327315229523  
0.879999999999984 0.7707388788989675 0.6371511441985807  
0.880624999999984 0.7711369478032335 0.6366693079870515  
0.881249999999984 0.771534715482139 0.6361872230765819  
0.881874999999984 0.7719321817803062 0.6357048896554864  
0.882499999999984 0.7723293465424746 0.6352223079121765  
0.883124999999984 0.7727262096135019 0.6347394780351606  
0.8837499999999839 0.7731227708383633 0.6342564002130442  
0.8843749999999839 0.7735190300621523 0.6337730746345295  
0.8849999999999839 0.7739149871300799 0.6332895014884156  
0.8856249999999839 0.7743106418874756 0.6328056809635982  
0.8862499999999839 0.7747059941797866 0.6323216132490698  
0.8868749999999839 0.7751010438525785 0.6318372985339192  
0.8874999999999839 0.775495790751535 0.631352737007332  
0.8881249999999838 0.775890234722458 0.6308679288585898  
0.8887499999999838 0.776284375611268 0.630382874277071  
0.8893749999999838 0.7766782132640035 0.6298975734522498  
0.8899999999999838 0.7770717475268221 0.6294120265736971  
0.8906249999999838 0.777464978245999 0.6289262338310795  
0.8912499999999838 0.7778579052679288 0.6284401954141599  
0.8918749999999838 0.7782505284391241 0.6279539115127969  
0.8924999999999838 0.7786428476062167 0.6274673823169452  
0.8931249999999837 0.7790348626159569 0.6269806080166552  
0.8937499999999837 0.7794265733152137 0.6264935888020733  
0.8943749999999837 0.7798179795509753 0.6260063248634411  
0.8949999999999837 0.7802090811703485 0.6255188163910963  
0.8956249999999837 0.7805998780205593 0.6250310635754718  
0.8962499999999837 0.7809903699489527 0.624543066607096  
0.8968749999999837 0.7813805568029927 0.6240548256765928  
0.8974999999999836 0.7817704384302626 0.6235663409746812  
0.8981249999999836 0.7821600146784651 0.6230776126921757  
0.8987499999999836 0.7825492853954217 0.6225886410199856  
0.8993749999999836 0.7829382504290736 0.6220994261491154  
0.8999999999999836 0.7833269096274814 0.6216099682706648  
0.9006249999999836 0.7837152628388252 0.6211202675758284  
0.9012499999999836 0.7841033099114043 0.6206303242558953  
0.9018749999999836 0.784491050693638 0.6201401385022496  
0.9024999999999835 0.784878485034065 0.6196497105063702  
0.9031249999999835 0.7852656127813438 0.6191590404598305  
0.9037499999999835 0.7856524337842525 0.6186681285542985  
0.9043749999999835 0.7860389478916894 0.6181769749815368  
0.9049999999999835 0.7864251549526722 0.617685579933402  
0.9056249999999835 0.7868110548163388 0.6171939436018454  
0.9062499999999835 0.7871966473319472 0.6167020661789124  
0.9068749999999834 0.7875819323488751 0.6162099478567427  
0.9074999999999834 0.7879669097166208 0.6157175888275699  
0.9081249999999834 0.7883515792848024 0.6152249892837218  
0.9087499999999834 0.7887359409031584 0.6147321494176201  
0.9093749999999834 0.7891199944215475 0.6142390694217804  
0.9099999999999834 0.7895037396899487 0.613745749488812  
0.9106249999999834 0.7898871765584616 0.6132521898114179  
0.9112499999999834 0.7902703048773063 0.6127583905823951  
0.9118749999999833 0.7906531244968232 0.6122643519946337  
0.9124999999999833 0.7910356352674734 0.6117700742411176  
0.9131249999999833 0.7914178370398387 0.611275557514924  
0.9137499999999833 0.7917997296646214 0.6107808020092236  
0.9143749999999833 0.7921813129926448 0.61028580791728  
0.9149999999999833 0.7925625868748529 0.6097905754324506  
0.9156249999999833 0.7929435511623105 0.6092951047481854  
0.9162499999999832 0.7933242057062035 0.6087993960580276  
0.9168749999999832 0.7937045503578388 0.6083034495556134  
0.9174999999999832 0.7940845849686442 0.6078072654346721  
0.9181249999999832 0.7944643093901687 0.6073108438890255  
0.9187499999999832 0.7948437234740824 0.6068141851125881  
0.9193749999999832 0.7952228270721767 0.6063172892993675  
0.9199999999999832 0.7956016200363644 0.6058201566434633  
0.9206249999999832 0.7959801022186793 0.6053227873390682  
0.9212499999999831 0.796358273471277 0.6048251815804669  
0.9218749999999831 0.7967361336464341 0.6043273395620369  
0.9224999999999831 0.7971136825965492 0.6038292614782474  
0.9231249999999831 0.7974909201741422 0.6033309475236605  
0.9237499999999831 0.7978678462318547 0.6028323978929297  
0.9243749999999831 0.7982444606224498 0.6023336127808013  
0.9249999999999831 0.7986207631988127 0.601834592382113  
0.925624999999983 0.7989967538139501 0.6013353368917947  
0.926249999999983 0.7993724323209906 0.6008358465048681  
0.926874999999983 0.799747798573185 0.6003361214164465  
0.927499999999983 0.8001228524239057 0.5998361618217353  
0.928124999999983 0.8004975937266473 0.5993359679160308  
0.928749999999983 0.8008720223350266 0.5988355398947216  
0.929374999999983 0.8012461381027823 0.5983348779532872  
0.929999999999983 0.8016199408837755 0.5978339822872987  
0.9306249999999829 0.8019934305319896 0.5973328530924185  
0.9312499999999829 0.8023666069015299 0.5968314905644001  
0.9318749999999829 0.8027394698466247 0.5963298948990883  
0.9324999999999829 0.8031120192216243 0.5958280662924189  
0.9331249999999829 0.8034842548810016 0.5953260049404187  
0.9337499999999829 0.8038561766793521 0.5948237110392053  
0.9343749999999829 0.8042277844713938 0.5943211847849874  
0.9349999999999828 0.8045990781119673 0.5938184263740642  
0.9356249999999828 0.8049700574560362 0.5933154360028259  
0.9362499999999828 0.8053407223586867 0.5928122138677528  
0.9368749999999828 0.8057110726751278 0.5923087601654163  
0.9374999999999828 0.8060811082606912 0.5918050750924779  
0.9381249999999828 0.8064508289708321 0.5913011588456896  
0.9387499999999828 0.8068202346611282 0.5907970116218936  
0.9393749999999828 0.8071893251872804 0.5902926336180224  
0.9399999999999827 0.8075581004051127 0.5897880250310987  
0.9406249999999827 0.8079265601705722 0.5892831860582353  
0.9412499999999827 0.8082947043397294 0.5887781168966347  
0.9418749999999827 0.8086625327687781 0.5882728177435897  
0.9424999999999827 0.8090300453140351 0.5877672887964829  
0.9431249999999827 0.8093972418319411 0.5872615302527863  
0.9437499999999827 0.8097641221790597 0.5867555423100619  
0.9443749999999826 0.8101306862120784 0.5862493251659612  
0.9449999999999826 0.8104969337878081 0.5857428790182253  
0.9456249999999826 0.8108628647631833 0.5852362040646848  
0.9462499999999826 0.8112284789952623 0.5847293005032596  
0.9468749999999826 0.811593776341227 0.5842221685319587  
0.9474999999999826 0.8119587566583831 0.5837148083488808  
0.9481249999999826 0.8123234198041602 0.5832072201522132  
0.9487499999999826 0.8126877656361118 0.5826994041402326  
0.9493749999999825 0.8130517940119153 0.5821913605113047  
0.9499999999999825 0.8134155047893721 0.581683089463884  
0.9506249999999825 0.8137788978264077 0.5811745911965139  
0.9512499999999825 0.8141419729810716 0.5806658659078265  
0.9518749999999825 0.8145047301115377 0.5801569137965427  
0.9524999999999825 0.8148671690761039 0.5796477350614717  
0.9531249999999825 0.8152292897331926 0.5791383299015116  
0.9537499999999824 0.8155910919413504 0.5786286985156487  
0.9543749999999824 0.8159525755592483 0.5781188411029579  
0.9549999999999824 0.8163137404456817 0.577608757862602  
0.9556249999999824 0.8166745864595707 0.5770984489938326  
0.9562499999999824 0.8170351134599597 0.5765879146959888  
0.9568749999999824 0.8173953213060179 0.5760771551684981  
0.9574999999999824 0.8177552098570391 0.575566170610876  
0.9581249999999824 0.8181147789724418 0.5750549612227258  
0.9587499999999823 0.8184740285117694 0.5745435272037388  
0.9593749999999823 0.8188329583346901 0.5740318687536937  
0.9599999999999823 0.8191915683009967 0.5735199860724572  
0.9606249999999823 0.8195498582706074 0.5730078793599834  
0.9612499999999823 0.8199078281035652 0.572495548816314  
0.9618749999999823 0.8202654776600381 0.5719829946415782  
0.9624999999999823 0.8206228068003192 0.5714702170359923  
0.9631249999999822 0.8209798153848268 0.5709572161998602  
0.9637499999999822 0.8213365032741045 0.5704439923335728  
0.9643749999999822 0.821692870328821 0.5699305456376081  
0.9649999999999822 0.8220489164097704 0.5694168763125314  
0.9656249999999822 0.8224046413778724 0.5689029845589945  
0.9662499999999822 0.8227600450941718 0.5683888705777365  
0.9668749999999822 0.8231151274198389 0.5678745345695831  
0.9674999999999822 0.82346988821617 0.5673599767354469  
0.9681249999999821 0.8238243273445863 0.566845197276327  
0.9687499999999821 0.8241784446666354 0.5663301963933092  
0.9693749999999821 0.82453224004399 0.5658149742875656  
0.9699999999999821 0.8248857133384487 0.5652995311603548  
0.9706249999999821 0.8252388644119362 0.5647838672130219  
0.9712499999999821 0.8255916931265027 0.564267982646998  
0.9718749999999821 0.8259441993443246 0.5637518776638005  
0.972499999999982 0.8262963829277041 0.5632355524650331  
0.973124999999982 0.8266482437390696 0.5627190072523851  
0.973749999999982 0.8269997816409754 0.562202242227632  
0.974374999999982 0.827350996496102 0.5616852575926353  
0.974999999999982 0.8277018881672561 0.561168053549342  
0.975624999999982 0.8280524565173707 0.5606506302997848  
0.976249999999982 0.828402701409505 0.5601329880460824  
0.976874999999982 0.8287526227068446 0.5596151269904386  
0.9774999999999819 0.8291022202727014 0.5590970473351429  
0.9781249999999819 0.829451493970514 0.5585787492825702  
0.9787499999999819 0.8298004436638473 0.5580602330351807  
0.9793749999999819 0.8301490692163929 0.5575414987955197  
0.9799999999999819 0.8304973704919688 0.5570225467662179  
0.9806249999999819 0.83084534735452 0.5565033771499908  
0.9812499999999819 0.8311929996681179 0.5559839901496391  
0.9818749999999818 0.8315403272969609 0.5554643859680483  
0.9824999999999818 0.8318873301053742 0.5549445648081888  
0.9831249999999818 0.8322340079578097 0.5544245268731157  
0.9837499999999818 0.8325803607188463 0.5539042723659688  
0.9843749999999818 0.8329263882531902 0.5533838014899727  
0.9849999999999818 0.8332720904256743 0.5528631144484361  
0.9856249999999818 0.8336174671012586 0.5523422114447524  
0.9862499999999818 0.8339625181450305 0.5518210926823994  
0.9868749999999817 0.8343072434222043 0.5512997583649392  
0.9874999999999817 0.8346516427981218 0.5507782086960178  
0.9881249999999817 0.8349957161382519 0.5502564438793657  
0.9887499999999817 0.835339463308191 0.5497344641187971  
0.9893749999999817 0.8356828841736629 0.5492122696182106  
0.9899999999999817 0.8360259786005187 0.5486898605815881  
0.9906249999999817 0.8363687464547374 0.5481672372129959  
0.9912499999999816 0.836711187602425 0.5476443997165835  
0.9918749999999816 0.8370533019098156 0.5471213482965845  
0.9924999999999816 0.8373950892432709 0.5465980831573158  
0.9931249999999816 0.83773654946928 0.5460746045031778  
0.9937499999999816 0.8380776824544601 0.5455509125386544  
0.9943749999999816 0.8384184880655562 0.5450270074683127  
0.9949999999999816 0.838758966169441 0.5445028894968031  
0.9956249999999816 0.8390991166331154 0.5439785588288593  
0.9962499999999815 0.8394389393237081 0.5434540156692977  
0.9968749999999815 0.8397784341084756 0.5429292602230184  
0.9974999999999815 0.8401176008548031 0.5424042926950036  
0.9981249999999815 0.8404564394302034 0.5418791132903188  
0.9987499999999815 0.8407949497023178 0.5413537222141123  
0.9993749999999815 0.8411331315389157 0.5408281196716149  
0.9999999999999815 0.8414709848078946 0.5403023058681402  
