0 0 1  
0.00125 0.00125 0.999999609375  
0.0025 0.0024999990234375 0.9999976562501526  
0.00375 0.003749995117188072 0.9999941406272889  
0.005 0.00499998632813034 0.9999890625106812  
0.00625 0.006249970703149033 0.9999824219070435  
0.007500000000000001 0.007499946289138031 0.9999742188255309  
0.008750000000000001 0.008749911133003425 0.9999644532777403  
0.01 0.009999863281666565 0.9999531252777095  
0.01125 0.01124980078206711 0.9999402348419179  
0.0125 0.01249972168116607 0.9999257819892861  
0.01375 0.0137496240259489 0.999909766741176  
0.015 0.01499950586342848 0.999892189121391  
0.01625 0.01624936524064825 0.9998730491561754  
0.0175 0.01749920020468517 0.9998523468742148  
0.01875 0.01874900880265285 0.9998300823066359  
0.02 0.01999878908170459 0.9998062554870067  
0.02125 0.02124853908903636 0.999780866451336  
0.0225 0.02249825687188995 0.9997539152380738  
0.02375 0.02374794047755595 0.9997254018881108  
0.025 0.02499758795337684 0.9996953264447787  
0.02625000000000001 0.02624719734675002 0.99966368895385  
0.02750000000000001 0.02749676670513087 0.9996304894635382  
0.02875000000000001 0.0287462940760358 0.9995957280244968  
0.03000000000000001 0.0299957775070453 0.9995594046898205  
0.03125000000000001 0.03124521504580698 0.9995215195150443  
0.03250000000000001 0.03249460474003866 0.9994820725581435  
0.03375000000000001 0.03374394463753136 0.9994410638795338  
0.03500000000000001 0.0349932327861524 0.9993984935420713  
0.03625000000000001 0.03624246723384843 0.9993543616110521  
0.03750000000000001 0.03749164602864848 0.9993086681542123  
0.03875000000000001 0.03874076721866702 0.9992614132417279  
0.04000000000000001 0.03998982885210698 0.999212596946215  
0.04125000000000002 0.04123882897726285 0.9991622193427292  
0.04250000000000002 0.0424877656425237 0.9991102805087657  
0.04375000000000002 0.0437366368963762 0.9990567805242593  
0.04500000000000002 0.04498544078740774 0.9990017194715839  
0.04625000000000002 0.04623417536430941 0.9989450974355529  
0.04750000000000002 0.0474828386758791 0.9988869145034188  
0.04875000000000002 0.04873142877102452 0.998827170764873  
0.05000000000000002 0.04997994369876625 0.9987658663120457  
0.05125000000000002 0.05122838150824079 0.9987030012395057  
0.05250000000000003 0.05247674024870365 0.9986385756442606  
0.05375000000000003 0.05372501796953232 0.9985725896257561  
0.05500000000000003 0.05497321272022937 0.9985050432858764  
0.05625000000000003 0.05622132255042549 0.9984359367289436  
0.05750000000000003 0.05746934550988255 0.9983652700617178  
0.05875000000000003 0.05871727964849661 0.9982930433933969  
0.06000000000000003 0.05996512301630099 0.9982192568356162  
0.06125000000000003 0.06121287366346933 0.9981439105024487  
0.06250000000000003 0.06246052964031862 0.9980670045104043  
0.06375000000000003 0.06370808899731223 0.9979885389784303  
0.06500000000000003 0.064955549785063 0.9979085140279106  
0.06625000000000003 0.06620291005433626 0.997826929782666  
0.06750000000000003 0.06745016785605286 0.9977437863689536  
0.06875000000000003 0.06869732124129223 0.997659083915467  
0.07000000000000003 0.06994436826129545 0.9975728225533357  
0.07125000000000004 0.07119130696746827 0.9974850024161253  
0.07250000000000004 0.07243813541138414 0.9973956236398368  
0.07375000000000004 0.07368485164478729 0.9973046863629071  
0.07500000000000004 0.07493145371959575 0.997212190726208  
0.07625000000000004 0.0761779396879044 0.9971181368730465  
0.07750000000000004 0.07742430760198801 0.9970225249491644  
0.07875000000000004 0.07867055551430431 0.9969253551027382  
0.08000000000000004 0.07991668147749699 0.9968266274843784  
0.08125000000000004 0.08116268354439876 0.9967263422471302  
0.08250000000000005 0.08240855976803442 0.9966244995464723  
0.08375000000000005 0.08365430820162385 0.9965210995403171  
0.08500000000000005 0.08489992689858511 0.9964161423890106  
0.08625000000000005 0.08614541391253742 0.9963096282553316  
0.08750000000000005 0.08739076729730427 0.9962015573044924  
0.08875000000000005 0.08863598510691641 0.9960919297041375  
0.09000000000000005 0.0898810653956149 0.9959807456243438  
0.09125000000000005 0.09112600621785416 0.9958680052376205  
0.09250000000000005 0.09237080562830501 0.9957537087189087  
0.09375000000000006 0.09361546168185769 0.9956378562455808  
0.09500000000000006 0.09485997243362494 0.9955204479974409  
0.09625000000000006 0.09610433593894502 0.9954014841567238  
0.09750000000000006 0.09734855025338469 0.9952809649080954  
0.09875000000000006 0.09859261343274237 0.9951588904386517  
0.1000000000000001 0.09983652353305106 0.9950352609379192  
0.1012500000000001 0.1010802786105815 0.994910076597854  
0.1025000000000001 0.1023238767218449 0.9947833376128421  
0.1037500000000001 0.1035673159235967 0.9946550441796985  
0.1050000000000001 0.1048105942728385 0.9945251964976674  
0.1062500000000001 0.1060537098268222 0.9943937947684214  
0.1075000000000001 0.1072966606430523 0.9942608391960618  
0.1087500000000001 0.1085394447792893 0.9941263299871177  
0.1100000000000001 0.1097820602935526 0.993990267350546  
0.1112500000000001 0.1110245052441235 0.9938526514977308  
0.1125000000000001 0.1122667776895483 0.9937134826424837  
0.1137500000000001 0.1135088756886414 0.9935727610010426  
0.1150000000000001 0.1147507973004881 0.993430486792072  
0.1162500000000001 0.115992540584448 0.9932866602366625  
0.1175000000000001 0.1172341036001577 0.9931412815583303  
0.1187500000000001 0.1184754844075338 0.9929943509830169  
0.1200000000000001 0.1197166810667765 0.9928458687390892  
0.1212500000000001 0.1209576916383718 0.9926958350573383  
0.1225000000000001 0.1221985141830952 0.9925442501709797  
0.1237500000000001 0.1234391467620143 0.9923911143156531  
0.1250000000000001 0.1246795874364922 0.9922364277294216  
0.1262500000000001 0.1259198342681901 0.9920801906527713  
0.1275000000000001 0.1271598853190709 0.9919224033286116  
0.1287500000000001 0.1283997386514014 0.9917630660022739  
0.1300000000000001 0.1296393923277563 0.991602178921512  
0.1312500000000001 0.1308788444110206 0.9914397423365012  
0.1325000000000001 0.1321180929643926 0.9912757564998381  
0.1337500000000001 0.1333571360513874 0.9911102216665403  
0.1350000000000001 0.1345959717358393 0.9909431380940457  
0.1362500000000001 0.1358345980819054 0.9907745060422125  
0.1375000000000001 0.1370730131540683 0.9906043257733187  
0.1387500000000001 0.1383112150171391 0.9904325975520614  
0.1400000000000001 0.1395492017362608 0.9902593216455565  
0.1412500000000001 0.1407869713769108 0.9900844983233387  
0.1425000000000001 0.1420245220049043 0.9899081278573604  
0.1437500000000001 0.1432618516863971 0.9897302105219918  
0.1450000000000001 0.1444989584878888 0.9895507465940203  
0.1462500000000001 0.1457358404762256 0.98936973635265  
0.1475000000000001 0.1469724957186038 0.9891871800795015  
0.1487500000000001 0.148208922282572 0.989003078058611  
0.1500000000000001 0.149445118236035 0.9888174305764305  
0.1512500000000001 0.1506810816472562 0.9886302379218266  
0.1525000000000001 0.151916810584861 0.9884415003860808  
0.1537500000000001 0.1531523031178395 0.9882512182628886  
0.1550000000000001 0.1543875573155497 0.9880593918483592  
0.1562500000000001 0.1556225712477206 0.9878660214410149  
0.1575000000000001 0.1568573429844549 0.9876711073417906  
0.1587500000000001 0.1580918705962326 0.9874746498540338  
0.1600000000000001 0.1593261521539132 0.9872766492835033  
0.1612500000000001 0.1605601857287393 0.9870771059383698  
0.1625000000000001 0.1617939693923398 0.9868760201292144  
0.1637500000000001 0.163027501216732 0.9866733921690286  
0.1650000000000001 0.1642607792743256 0.9864692223732139  
0.1662500000000001 0.1654938016379252 0.986263511059581  
0.1675000000000001 0.1667265663807334 0.9860562585483496  
0.1687500000000001 0.1679590715763539 0.9858474651621476  
0.1700000000000001 0.1691913152987942 0.985637131226011  
0.1712500000000001 0.1704232956224692 0.9854252570673832  
0.1725000000000001 0.1716550106222036 0.985211843016114  
0.1737500000000001 0.1728864583732352 0.9849968894044601  
0.1750000000000001 0.174117636951218 0.9847803965670836  
0.1762500000000001 0.1753485444322249 0.9845623648410522  
0.1775000000000001 0.176579178892751 0.9843427945658382  
0.1787500000000001 0.1778095384097166 0.9841216860833181  
0.1800000000000001 0.1790396210604698 0.9838990397377723  
0.1812500000000001 0.18026942492279 0.9836748558758843  
0.1825000000000001 0.1814989480748908 0.9834491348467402  
0.1837500000000001 0.1827281885954226 0.9832218770018283  
0.1850000000000001 0.1839571445634762 0.9829930826950383  
0.1862500000000001 0.1851858140585854 0.982762752282661  
0.1875000000000001 0.1864141951607301 0.9825308861233876  
0.1887500000000001 0.1876422859503394 0.9822974845783092  
0.1900000000000001 0.1888700845082943 0.9820625480109164  
0.1912500000000001 0.1900975889159312 0.9818260767870982  
0.1925000000000001 0.1913247972550444 0.981588071275142  
0.1937500000000001 0.1925517076078894 0.9813485318457329  
0.1950000000000001 0.1937783180571858 0.9811074588719528  
0.1962500000000001 0.1950046266861202 0.9808648527292803  
0.1975000000000001 0.1962306315783495 0.9806207137955895  
0.1987500000000001 0.1974563308180035 0.9803750424511501  
0.2000000000000001 0.1986817224896882 0.9801278390786267  
0.2012500000000002 0.1999068046784886 0.9798791040630774  
0.2025000000000002 0.2011315754699719 0.9796288377919543  
0.2037500000000002 0.2023560329501902 0.9793770406551021  
0.2050000000000002 0.2035801752056837 0.9791237130447579  
0.2062500000000002 0.2048040003234837 0.9788688553555503  
0.2075000000000002 0.2060275063911155 0.9786124679844994  
0.2087500000000002 0.2072506914966014 0.9783545513310152  
0.2100000000000002 0.2084735537284639 0.9780951057968978  
0.2112500000000002 0.209696091175728 0.9778341317863366  
0.2125000000000002 0.2109183019279254 0.9775716297059092  
0.2137500000000002 0.212140184075096 0.9773075999645814  
0.2150000000000002 0.2133617357077924 0.9770420429737062  
0.2162500000000002 0.2145829549170815 0.9767749591470235  
0.2175000000000002 0.2158038397945485 0.9765063489006587  
0.2187500000000002 0.2170243884322994 0.976236212653123  
0.2200000000000002 0.2182445989229641 0.9759645508253121  
0.2212500000000002 0.2194644693596993 0.9756913638405057  
0.2225000000000002 0.2206839978361916 0.9754166521243671  
0.2237500000000002 0.2219031824466604 0.9751404161049422  
0.2250000000000002 0.2231220212858609 0.9748626562126588  
0.2262500000000002 0.2243405124490871 0.9745833728803264  
0.2275000000000002 0.2255586540321749 0.974302566543135  
0.2287500000000002 0.2267764441315046 0.9740202376386546  
0.2300000000000002 0.2279938808440044 0.9737363866068349  
0.2312500000000002 0.2292109622671532 0.9734510138900039  
0.2325000000000002 0.2304276864989836 0.9731641199328677  
0.2337500000000002 0.2316440516380846 0.9728757051825095  
0.2350000000000002 0.2328600557836051 0.9725857700883896  
0.2362500000000002 0.2340756970352563 0.9722943151023437  
0.2375000000000002 0.235290973493315 0.9720013406785828  
0.2387500000000002 0.2365058832586268 0.9717068472736925  
0.2400000000000002 0.2377204244326082 0.971410835346632  
0.2412500000000002 0.2389345951172507 0.9711133053587336  
0.2425000000000002 0.2401483934151229 0.9708142577737021  
0.2437500000000002 0.2413618174293738 0.9705136930576138  
0.2450000000000002 0.2425748652637359 0.9702116116789158  
0.2462500000000002 0.2437875350225278 0.9699080141084253  
0.2475000000000002 0.2449998248106575 0.9696029008193291  
0.2487500000000002 0.2462117327336251 0.9692962722871826  
0.2500000000000002 0.247423256897526 0.9689881289899093  
0.2512500000000001 0.2486343954090536 0.9686784714077995  
0.2525000000000001 0.2498451463755026 0.9683673000235102  
0.2537500000000001 0.2510555079047717 0.9680546153220643  
0.2550000000000001 0.2522654781053665 0.9677404177908492  
0.25625 0.2534750550864027 0.9674247079196168  
0.2575 0.2546842369576088 0.9671074862004823  
0.25875 0.2558930218293294 0.9667887531279235  
0.26 0.2571014078125277 0.9664685091987801  
0.2612499999999999 0.2583093930187887 0.9661467549122531  
0.2624999999999999 0.2595169755603224 0.9658234907699035  
0.2637499999999999 0.2607241535499662 0.965498717275652  
0.2649999999999998 0.2619309251011883 0.9651724349357781  
0.2662499999999998 0.2631372883280904 0.9648446442589192  
0.2674999999999998 0.2643432413454108 0.96451534575607  
0.2687499999999998 0.2655487822685272 0.9641845399405813  
0.2699999999999997 0.2667539092134598 0.9638522273281597  
0.2712499999999997 0.2679586202968742 0.9635184084368665  
0.2724999999999997 0.2691629136360842 0.9631830837871171  
0.2737499999999997 0.270366787349055 0.9628462539016799  
0.2749999999999996 0.2715702395544058 0.9625079193056756  
0.2762499999999996 0.2727732683714131 0.9621680805265767  
0.2774999999999996 0.2739758719200133 0.9618267380942059  
0.2787499999999996 0.2751780483208061 0.9614838925407363  
0.2799999999999995 0.2763797956950569 0.9611395444006897  
0.2812499999999995 0.2775811121647001 0.9607936942109364  
0.2824999999999995 0.2787819958523418 0.9604463425106937  
0.2837499999999994 0.279982444881263 0.9600974898415258  
0.2849999999999994 0.2811824573754224 0.9597471367473422  
0.2862499999999994 0.2823820314594591 0.9593952837743976  
0.2874999999999994 0.2835811652586961 0.9590419314712906  
0.2887499999999993 0.2847798568991425 0.9586870803889628  
0.2899999999999993 0.2859781045074972 0.9583307310806981  
0.2912499999999993 0.287175906211151 0.9579728841021219  
0.2924999999999993 0.2883732601381903 0.9576135400112001  
0.2937499999999992 0.2895701644173995 0.9572526993682383  
0.2949999999999992 0.2907666171782644 0.9568903627358809  
0.2962499999999992 0.2919626165509744 0.9565265306791101  
0.2974999999999992 0.2931581606664262 0.9561612037652453  
0.2987499999999991 0.2943532476562262 0.955794382563942  
0.2999999999999991 0.2955478756526938 0.9554260676471911  
0.3012499999999991 0.2967420427888638 0.9550562595893175  
0.302499999999999 0.29793574719849 0.95468495896698  
0.303749999999999 0.2991289870160475 0.9543121663591698  
0.304999999999999 0.3003217603767359 0.9539378823472098  
0.306249999999999 0.3015140654164823 0.9535621075147536  
0.3074999999999989 0.3027059002719439 0.9531848424477847  
0.3087499999999989 0.3038972630805114 0.9528060877346156  
0.3099999999999989 0.3050881519803113 0.9524258439658869  
0.3112499999999989 0.3062785651102093 0.9520441117345663  
0.3124999999999988 0.307468500609813 0.9516608916359474  
0.3137499999999988 0.3086579566194749 0.9512761842676493  
0.3149999999999988 0.3098469312802951 0.9508899902296154  
0.3162499999999988 0.3110354227341246 0.9505023101241126  
0.3174999999999987 0.3122234291235677 0.95011314455573  
0.3187499999999987 0.3134109485919854 0.9497224941313784  
0.3199999999999987 0.3145979792834978 0.9493303594602892  
0.3212499999999986 0.3157845193429875 0.9489367411540132  
0.3224999999999986 0.3169705669161021 0.9485416398264199  
0.3237499999999986 0.3181561201492575 0.9481450560936967  
0.3249999999999986 0.3193411771896402 0.9477469905743476  
0.3262499999999985 0.3205257361852107 0.9473474438891923  
0.3274999999999985 0.3217097952847066 0.9469464166613656  
0.3287499999999985 0.3228933526376445 0.9465439095163157  
0.3299999999999985 0.324076406394324 0.9461399230818041  
0.3312499999999984 0.32525895470583 0.9457344579879037  
0.3324999999999984 0.3264409957240357 0.9453275148669987  
0.3337499999999984 0.3276225276016055 0.9449190943537832  
0.3349999999999984 0.3288035484919979 0.9445091970852599  
0.3362499999999983 0.3299840565494683 0.9440978237007398  
0.3374999999999983 0.3311640499290722 0.9436849748418406  
0.3387499999999983 0.3323435267866675 0.9432706511524859  
0.3399999999999982 0.3335224852789179 0.9428548532789044  
0.3412499999999982 0.3347009235632957 0.9424375818696287  
0.3424999999999982 0.3358788397980845 0.9420188375754941  
0.3437499999999982 0.3370562321423821 0.9415986210496381  
0.3449999999999981 0.3382330987561034 0.9411769329474988  
0.3462499999999981 0.3394094377999836 0.9407537739268143  
0.3474999999999981 0.3405852474355804 0.9403291446476213  
0.3487499999999981 0.3417605258252777 0.9399030457722547  
0.349999999999998 0.3429352711322876 0.9394754779653458  
0.351249999999998 0.344109481520654 0.9390464418938219  
0.352499999999998 0.345283155155255 0.9386159382269047  
0.353749999999998 0.3464562902018062 0.9381839676361098  
0.3549999999999979 0.3476288848268629 0.9377505307952452  
0.3562499999999979 0.3488009371978238 0.9373156283804105  
0.3574999999999979 0.3499724454829333 0.9368792610699959  
0.3587499999999978 0.3511434078512842 0.9364414295446808  
0.3599999999999978 0.3523138224728214 0.9360021344874333  
0.3612499999999978 0.3534836875183438 0.9355613765835085  
0.3624999999999978 0.3546530011595078 0.9351191565204479  
0.3637499999999977 0.3558217615688297 0.9346754749880779  
0.3649999999999977 0.3569899669196892 0.9342303326785094  
0.3662499999999977 0.3581576153863315 0.9337837302861361  
0.3674999999999977 0.3593247051438707 0.9333356685076336  
0.3687499999999976 0.3604912343682923 0.9328861480419582  
0.3699999999999976 0.3616572012364563 0.9324351695903463  
0.3712499999999976 0.3628226039261 0.9319827338563127  
0.3724999999999976 0.3639874406158407 0.9315288415456496  
0.3737499999999975 0.3651517094851788 0.9310734933664261  
0.3749999999999975 0.3663154087145003 0.9306166900289863  
0.3762499999999975 0.36747853648508 0.9301584322459486  
0.3774999999999974 0.3686410909790841 0.9296987207322047  
0.3787499999999974 0.3698030703795732 0.9292375562049181  
0.3799999999999974 0.3709644728705049 0.9287749393835233  
0.3812499999999974 0.3721252966367371 0.9283108709897244  
0.3824999999999973 0.3732855398640302 0.9278453517474945  
0.3837499999999973 0.3744452007390506 0.9273783823830739  
0.3849999999999973 0.3756042774493729 0.9269099636249695  
0.3862499999999973 0.3767627681834832 0.9264400962039532  
0.3874999999999972 0.3779206711307818 0.9259687808530612  
0.3887499999999972 0.379077984481586 0.9254960183075928  
0.3899999999999972 0.3802347064271328 0.9250218093051086  
0.3912499999999972 0.3813908351595819 0.9245461545854304  
0.3924999999999971 0.3825463688720188 0.9240690548906393  
0.3937499999999971 0.3837013057584567 0.9235905109650747  
0.3949999999999971 0.3848556440138405 0.9231105235553333  
0.396249999999997 0.3860093818340488 0.9226290934102678  
0.397499999999997 0.3871625174158968 0.9221462212809856  
0.398749999999997 0.3883150489571396 0.921661907920848  
0.399999999999997 0.3894669746564747 0.9211761540854688  
0.4012499999999969 0.3906182927135446 0.920688960532713  
0.4024999999999969 0.3917690013289399 0.9202003280226958  
0.4037499999999969 0.3929190987042021 0.9197102573177814  
0.4049999999999969 0.3940685830418264 0.919218749182582  
0.4062499999999968 0.3952174525452644 0.9187258043839558  
0.4074999999999968 0.3963657054189269 0.9182314236910069  
0.4087499999999968 0.397513339868187 0.9177356078750833  
0.4099999999999968 0.3986603540993824 0.9172383577097762  
0.4112499999999967 0.3998067463198188 0.9167396739709185  
0.4124999999999967 0.4009525147377722 0.9162395574365836  
0.4137499999999967 0.4020976575624919 0.9157380088870842  
0.4149999999999966 0.4032421730042032 0.9152350291049713  
0.4162499999999966 0.4043860592741106 0.9147306188750328  
0.4174999999999966 0.4055293145843999 0.9142247789842922  
0.4187499999999966 0.4066719371482418 0.9137175102220074  
0.4199999999999965 0.4078139251797939 0.9132088133796696  
0.4212499999999965 0.4089552768942039 0.9126986892510022  
0.4224999999999965 0.4100959905076126 0.9121871386319589  
0.4237499999999965 0.4112360642371563 0.9116741623207233  
0.4249999999999964 0.4123754963009696 0.9111597611177071  
0.4262499999999964 0.4135142849181885 0.9106439358255493  
0.4274999999999964 0.4146524283089529 0.9101266872491141  
0.4287499999999964 0.4157899246944095 0.9096080161954907  
0.4299999999999963 0.4169267722967145 0.9090879234739914  
0.4312499999999963 0.4180629693390365 0.9085664098961503  
0.4324999999999963 0.4191985140455593 0.9080434762757227  
0.4337499999999962 0.4203334046414844 0.9075191234286828  
0.4349999999999962 0.4214676393530341 0.9069933521732233  
0.4362499999999962 0.422601216407454 0.9064661633297538  
0.4374999999999962 0.423734134033016 0.9059375577208995  
0.4387499999999961 0.424866390459021 0.9054075361714997  
0.4399999999999961 0.4259979839158016 0.9048760995086071  
0.4412499999999961 0.4271289126347249 0.9043432485614861  
0.4424999999999961 0.4282591748481953 0.9038089841616112  
0.443749999999996 0.4293887687896571 0.9032733071426665  
0.444999999999996 0.4305176926935976 0.9027362183405439  
0.446249999999996 0.4316459447955496 0.9021977185933415  
0.447499999999996 0.4327735233320941 0.9016578087413633  
0.4487499999999959 0.4339004265408632 0.9011164896271165  
0.4499999999999959 0.435026652660543 0.9005737620953117  
0.4512499999999959 0.436152199930876 0.9000296269928602  
0.4524999999999958 0.4372770665926639 0.8994840851688736  
0.4537499999999958 0.4384012508877709 0.898937137474662  
0.4549999999999958 0.4395247510591256 0.898388784763733  
0.4562499999999958 0.4406475653507244 0.89783902789179  
0.4574999999999957 0.4417696920076339 0.8972878677167314  
0.4587499999999957 0.4428911292759938 0.8967353050986485  
0.4599999999999957 0.4440118754030198 0.8961813408998249  
0.4612499999999957 0.4451319286370057 0.8956259759847348  
0.4624999999999956 0.446251287227327 0.8950692112200417  
0.4637499999999956 0.447369949424443 0.8945110474745969  
0.4649999999999956 0.4484879134798998 0.8939514856194384  
0.4662499999999956 0.4496051776463329 0.8933905265277894  
0.4674999999999955 0.4507217401774701 0.8928281710750571  
0.4687499999999955 0.4518375993281342 0.8922644201388309  
0.4699999999999955 0.4529527533542455 0.8916992745988817  
0.4712499999999955 0.4540672005128248 0.8911327353371598  
0.4724999999999954 0.4551809390619961 0.890564803237794  
0.4737499999999954 0.456293967260989 0.8899954791870902  
0.4749999999999954 0.4574062833701419 0.8894247640735299  
0.4762499999999953 0.4585178856509044 0.8888526587877688  
0.4774999999999953 0.45962877236584 0.8882791642226353  
0.4787499999999953 0.4607389417786291 0.8877042812731295  
0.4799999999999953 0.4618483921540714 0.8871280108364213  
0.4812499999999952 0.4629571217580888 0.8865503538118495  
0.4824999999999952 0.4640651288577279 0.88597131110092  
0.4837499999999952 0.4651724117211631 0.8853908836073044  
0.4849999999999952 0.466278968617699 0.8848090722368391  
0.4862499999999951 0.4673847978177729 0.8842258778975232  
0.4874999999999951 0.4684898975929582 0.8836413014995174  
0.4887499999999951 0.4695942662159663 0.8830553439551427  
0.4899999999999951 0.47069790196065 0.882468006178879  
0.491249999999995 0.4718008031020057 0.8818792890873632  
0.492499999999995 0.4729029679161761 0.8812891935993884  
0.493749999999995 0.4740043946804535 0.8806977206359019  
0.4949999999999949 0.4751050816732817 0.8801048711200042  
0.4962499999999949 0.4762050271742592 0.8795106459769474  
0.4974999999999949 0.4773042294641416 0.8789150461341335  
0.4987499999999949 0.4784026868248447 0.8783180725211135  
0.4999999999999948 0.4795003975394465 0.8777197260695854  
0.5012499999999949 0.4805973598921907 0.877120007713393  
0.5024999999999948 0.4816935721684887 0.8765189183885248  
0.5037499999999948 0.4827890326549228 0.8759164590331117  
0.5049999999999948 0.4838837396392483 0.8753126305874261  
0.5062499999999948 0.4849776914103968 0.8747074339938807  
0.5074999999999947 0.4860708862584784 0.8741008701970263  
0.5087499999999947 0.4871633224747847 0.8734929401435508  
0.5099999999999947 0.4882549983517913 0.8728836447822776  
0.5112499999999947 0.4893459121831604 0.8722729850641642  
0.5124999999999946 0.4904360622637437 0.8716609619423005  
0.5137499999999946 0.4915254468895848 0.8710475763719076  
0.5149999999999946 0.492614064357922 0.8704328293103361  
0.5162499999999945 0.493701912967191 0.8698167217170647  
0.5174999999999945 0.4947889910170276 0.8691992545536988  
0.5187499999999945 0.4958752968082701 0.8685804287839688  
0.5199999999999945 0.4969608286429623 0.8679602453737285  
0.5212499999999944 0.4980455848243557 0.8673387052909539  
0.5224999999999944 0.4991295636569129 0.8667158095057417  
0.5237499999999944 0.5002127634463093 0.8660915589903074  
0.5249999999999944 0.5012951824994364 0.8654659547189844  
0.5262499999999943 0.5023768191244045 0.8648389976682215  
0.5274999999999943 0.5034576716305448 0.8642106888165825  
0.5287499999999943 0.5045377383284125 0.863581029144744  
0.5299999999999943 0.5056170175297894 0.862950019635494  
0.5312499999999942 0.5066955075476863 0.8623176612737303  
0.5324999999999942 0.5077732066963458 0.8616839550464593  
0.5337499999999942 0.5088501132912451 0.8610489019427939  
0.5349999999999941 0.5099262256490981 0.8604125029539526  
0.5362499999999941 0.5110015420878586 0.8597747590732572  
0.5374999999999941 0.5120760609267229 0.8591356712961321  
0.5387499999999941 0.5131497804861317 0.8584952406201021  
0.539999999999994 0.5142226990877738 0.857853468044791  
0.541249999999994 0.515294815054588 0.8572103545719203  
0.542499999999994 0.5163661267107658 0.8565659012053073  
0.543749999999994 0.5174366323817542 0.8559201089508637  
0.5449999999999939 0.5185063303942582 0.8552729788165939  
0.5462499999999939 0.5195752190762436 0.8546245118125938  
0.5474999999999939 0.5206432967569394 0.8539747089510485  
0.5487499999999939 0.5217105617668405 0.8533235712462317  
0.5499999999999938 0.5227770124377101 0.8526710997145032  
0.5512499999999938 0.5238426471025828 0.8520172953743077  
0.5524999999999938 0.5249074640957666 0.8513621592461734  
0.5537499999999937 0.5259714617528461 0.8507056923527102  
0.5549999999999937 0.5270346384106848 0.8500478957186081  
0.5562499999999937 0.5280969924074274 0.8493887703706354  
0.5574999999999937 0.529158522082503 0.8487283173376378  
0.5587499999999936 0.5302192257766274 0.8480665376505356  
0.5599999999999936 0.5312791018318055 0.8474034323423236  
0.5612499999999936 0.5323381485913342 0.8467390024480681  
0.5624999999999936 0.533396364399805 0.8460732490049061  
0.5637499999999935 0.5344537476031063 0.8454061730520435  
0.5649999999999935 0.5355102965484262 0.8447377756307533  
0.5662499999999935 0.536566009584255 0.8440680577843741  
0.5674999999999935 0.537620885060388 0.8433970205583087  
0.5687499999999934 0.5386749213279276 0.8427246650000221  
0.5699999999999934 0.5397281167392864 0.8420509921590399  
0.5712499999999934 0.5407804696481896 0.8413760030869469  
0.5724999999999933 0.5418319784096773 0.8406996988373855  
0.5737499999999933 0.5428826413801076 0.8400220804660535  
0.5749999999999933 0.5439324569171583 0.8393431490307032  
0.5762499999999933 0.5449814233798307 0.8386629055911391  
0.5774999999999932 0.5460295391284511 0.8379813512092168  
0.5787499999999932 0.5470768025246739 0.8372984869488409  
0.5799999999999932 0.5481232119314841 0.8366143138759636  
0.5812499999999932 0.5491687657131994 0.8359288330585829  
0.5824999999999931 0.5502134622354735 0.835242045566741  
0.5837499999999931 0.5512572998652983 0.8345539524725226  
0.5849999999999931 0.5523002769710061 0.8338645548500533  
0.5862499999999931 0.553342391922273 0.8331738537754978  
0.587499999999993 0.5543836430901204 0.8324818503270583  
0.588749999999993 0.5554240288469187 0.8317885455849729  
0.589999999999993 0.5564635475663886 0.8310939406315137  
0.5912499999999929 0.5575021976236048 0.8303980365509851  
0.5924999999999929 0.5585399773949975 0.8297008344297225  
0.5937499999999929 0.559576885258356 0.8290023353560904  
0.5949999999999929 0.5606129195928303 0.8283025404204801  
0.5962499999999928 0.5616480787789342 0.8276014507153092  
0.5974999999999928 0.5626823611985475 0.8268990673350188  
0.5987499999999928 0.563715765234919 0.8261953913760725  
0.5999999999999928 0.5647482892726683 0.825490423936954  
0.6012499999999927 0.565779931697789 0.8247841661181664  
0.6024999999999927 0.5668106908976508 0.8240766190222293  
0.6037499999999927 0.5678405652610025 0.8233677837536779  
0.6049999999999927 0.5688695531779737 0.8226576614190612  
0.6062499999999926 0.5698976530400783 0.8219462531269397  
0.6074999999999926 0.5709248632402163 0.8212335599878845  
0.6087499999999926 0.5719511821726765 0.8205195831144748  
0.6099999999999925 0.572976608233139 0.8198043236212968  
0.6112499999999925 0.5740011398186781 0.8190877826249415  
0.6124999999999925 0.575024775327764 0.8183699612440031  
0.6137499999999925 0.5760475131602661 0.8176508605990772  
0.6149999999999924 0.5770693517174552 0.8169304818127595  
0.6162499999999924 0.5780902894020057 0.8162088260096433  
0.6174999999999924 0.5791103246179985 0.8154858943163181  
0.6187499999999924 0.5801294557709233 0.8147616878613682  
0.6199999999999923 0.5811476812676813 0.8140362077753702  
0.6212499999999923 0.5821649995165875 0.8133094551908919  
0.6224999999999923 0.5831814089273731 0.8125814312424903  
0.6237499999999923 0.5841969079111884 0.8118521370667094  
0.6249999999999922 0.5852114948806046 0.8111215738020794  
0.6262499999999922 0.586225168249617 0.8103897425891139  
0.6274999999999922 0.587237926433647 0.8096566445703087  
0.6287499999999921 0.5882497678495449 0.8089222808901398  
0.6299999999999921 0.589260690915592 0.808186652695062  
0.6312499999999921 0.5902706940515035 0.8074497611335063  
0.6324999999999921 0.5912797756784305 0.806711607355879  
0.633749999999992 0.592287934218963 0.8059721925145593  
0.634999999999992 0.5932951680971319 0.8052315177638979  
0.636249999999992 0.5943014757384117 0.8044895842602149  
0.637499999999992 0.5953068555697231 0.803746393161798  
0.6387499999999919 0.5963113060194348 0.803001945628901  
0.6399999999999919 0.597314825517367 0.8022562428237417  
0.6412499999999919 0.598317412494793 0.8015092859105002  
0.6424999999999919 0.5993190653844418 0.8007610760553169  
0.6437499999999918 0.600319782620501 0.800011614426291  
0.6449999999999918 0.6013195626386187 0.7992609021934785  
0.6462499999999918 0.6023184038759064 0.7985089405288902  
0.6474999999999917 0.603316304770941 0.7977557306064904  
0.6487499999999917 0.6043132637637676 0.7970012736021944  
0.6499999999999917 0.6053092792959017 0.7962455706938673  
0.6512499999999917 0.6063043498103319 0.7954886230613213  
0.6524999999999916 0.6072984737515219 0.794730431886315  
0.6537499999999916 0.6082916495654135 0.7939709983525506  
0.6549999999999916 0.6092838756994285 0.7932103236456726  
0.6562499999999916 0.6102751506024717 0.7924484089532656  
0.6574999999999915 0.6112654727249326 0.7916852554648528  
0.6587499999999915 0.6122548405186884 0.7909208643718937  
0.6599999999999915 0.6132432524371062 0.7901552368677827  
0.6612499999999915 0.6142307069350454 0.7893883741478469  
0.6624999999999914 0.6152172024688604 0.7886202774093445  
0.6637499999999914 0.6162027374964023 0.7878509478514626  
0.6649999999999914 0.6171873104770224 0.7870803866753155  
0.6662499999999913 0.6181709198715734 0.7863085950839432  
0.6674999999999913 0.6191535641424127 0.7855355742823088  
0.6687499999999913 0.6201352417534046 0.784761325477297  
0.6699999999999913 0.6211159511699225 0.7839858498777125  
0.6712499999999912 0.6220956908588512 0.7832091486942775  
0.6724999999999912 0.6230744592885898 0.7824312231396302  
0.6737499999999912 0.6240522549290537 0.781652074428323  
0.6749999999999912 0.625029076251677 0.78087170377682  
0.6762499999999911 0.6260049217294151 0.7800901124034961  
0.6774999999999911 0.626979789836747 0.7793073015286343  
0.6787499999999911 0.6279536790496774 0.7785232723744236  
0.6799999999999911 0.6289265878457395 0.7777380261649582  
0.681249999999991 0.6298985147039974 0.7769515641262346  
0.682499999999991 0.6308694581050479 0.7761638874861498  
0.683749999999991 0.6318394165310235 0.7753749974745  
0.6849999999999909 0.6328083884655945 0.7745848953229778  
0.6862499999999909 0.6337763723939714 0.773793582265171  
0.6874999999999909 0.6347433668029074 0.7730010595365605  
0.6887499999999909 0.6357093701807005 0.772207328374518  
0.6899999999999908 0.636674381017196 0.7714123900183045  
0.6912499999999908 0.6376383978037887 0.7706162457090682  
0.6924999999999908 0.6386014190334259 0.7698188966898425  
0.6937499999999908 0.6395634432006089 0.7690203442055442  
0.6949999999999907 0.6405244688013958 0.7682205895029715  
0.6962499999999907 0.6414844943334039 0.7674196338308019  
0.6974999999999907 0.6424435182958118 0.7666174784395907  
0.6987499999999907 0.6434015391893619 0.7658141245817685  
0.6999999999999906 0.6443585555163629 0.7650095735116393  
0.7012499999999906 0.6453145657806917 0.7642038264853792  
0.7024999999999906 0.6462695684877962 0.7633968847610336  
0.7037499999999905 0.6472235621446972 0.7625887495985157  
0.7049999999999905 0.6481765452599915 0.7617794222596046  
0.7062499999999905 0.6491285163438529 0.7609689040079428  
0.7074999999999905 0.6500794739080362 0.7601571961090349  
0.7087499999999904 0.651029416465878 0.7593442998302451  
0.7099999999999904 0.6519783425323 0.7585302164407957  
0.7112499999999904 0.6529262506238109 0.7577149472117645  
0.7124999999999904 0.653873139258509 0.7568984934160834  
0.7137499999999903 0.6548190069560841 0.7560808563285363  
0.7149999999999903 0.6557638522378202 0.7552620372257567  
0.7162499999999903 0.6567076736265977 0.7544420373862262  
0.7174999999999903 0.6576504696468954 0.753620858090272  
0.7187499999999902 0.6585922388247936 0.7527985006200657  
0.7199999999999902 0.6595329796879753 0.7519749662596205  
0.7212499999999902 0.6604726907657297 0.7511502562947893  
0.7224999999999902 0.6614113705889534 0.7503243720132632  
0.7237499999999901 0.6623490176901533 0.7494973147045692  
0.7249999999999901 0.663285630603449 0.748669085660068  
0.7262499999999901 0.6642212078645746 0.747839686172952  
0.72749999999999 0.6651557480108815 0.7470091175382439  
0.72874999999999 0.6660892495813402 0.7461773810527939  
0.72999999999999 0.6670217111165431 0.7453444780152777  
0.73124999999999 0.6679531311587062 0.7445104097261953  
0.7324999999999899 0.6688835082516721 0.7436751774878682  
0.7337499999999899 0.6698128409409115 0.7428387826044374  
0.7349999999999899 0.6707411277735261 0.7420012263818617  
0.7362499999999899 0.6716683672982504 0.7411625101279158  
0.7374999999999898 0.6725945580654543 0.7403226351521874  
0.7387499999999898 0.6735196986271453 0.7394816027660762  
0.7399999999999898 0.6744437875369707 0.7386394142827912  
0.7412499999999898 0.6753668233502196 0.7377960710173488  
0.7424999999999897 0.6762888046238259 0.7369515742865708  
0.7437499999999897 0.6772097299163699 0.7361059254090823  
0.7449999999999897 0.6781295977880805 0.7352591257053097  
0.7462499999999896 0.679048406800838 0.7344111764974787  
0.7474999999999896 0.679966155518176 0.7335620791096118  
0.7487499999999896 0.6808828425052835 0.7327118348675269  
0.7499999999999896 0.6817984663290075 0.7318604450988347  
0.7512499999999895 0.6827130255578552 0.7310079111329372  
0.7524999999999895 0.6836265187619958 0.7301542343010246  
0.7537499999999895 0.6845389445132631 0.7292994159360743  
0.7549999999999895 0.6854503013851581 0.7284434573728483  
0.7562499999999894 0.6863605879528502 0.7275863599478913  
0.7574999999999894 0.6872698027931804 0.7267281249995284  
0.7587499999999894 0.6881779444846631 0.7258687538678631  
0.7599999999999894 0.6890850116074884 0.7250082478947752  
0.7612499999999893 0.6899910027435242 0.7241466084239191  
0.7624999999999893 0.6908959164763187 0.7232838368007207  
0.7637499999999893 0.6917997513911022 0.7224199343723766  
0.7649999999999892 0.6927025060747898 0.7215549024878509  
0.7662499999999892 0.6936041791159832 0.7206887424978736  
0.7674999999999892 0.6945047691049731 0.7198214557549386  
0.7687499999999892 0.6954042746337413 0.7189530436133013  
0.7699999999999891 0.6963026942959631 0.7180835074289764  
0.7712499999999891 0.6972000266870094 0.7172128485597363  
0.7724999999999891 0.6980962704039486 0.7163410683651086  
0.7737499999999891 0.6989914240455494 0.7154681682063738  
0.774999999999989 0.6998854862122823 0.7145941494465636  
0.776249999999989 0.7007784555063225 0.7137190134504586  
0.777499999999989 0.7016703305315514 0.7128427615845861  
0.778749999999989 0.7025611098935592 0.7119653952172179  
0.7799999999999889 0.7034507921996472 0.7110869157183685  
0.7812499999999889 0.7043393760588295 0.7102073244597924  
0.7824999999999889 0.7052268600818354 0.7093266228149827  
0.7837499999999888 0.706113242881112 0.7084448121591683  
0.7849999999999888 0.7069985230708254 0.7075618938693122  
0.7862499999999888 0.707882699266864 0.7066778693241089  
0.7874999999999888 0.7087657700868397 0.7057927399039826  
0.7887499999999887 0.7096477341500907 0.704906506991085  
0.7899999999999887 0.7105285900776834 0.7040191719692931  
0.7912499999999887 0.7114083364924145 0.703130736224207  
0.7924999999999887 0.7122869720188133 0.7022412011431476  
0.7937499999999886 0.7131644952831437 0.7013505681151548  
0.7949999999999886 0.7140409049134067 0.7004588385309852  
0.7962499999999886 0.7149161995393419 0.6995660137831097  
0.7974999999999886 0.7157903777924304 0.6986720952657114  
0.7987499999999885 0.7166634383058962 0.6977770843746837  
0.7999999999999885 0.7175353797147089 0.6968809825076278  
0.8012499999999885 0.7184062006555858 0.6959837910638506  
0.8024999999999884 0.7192758997669935 0.6950855114443627  
0.8037499999999884 0.7201444756891505 0.694186145051876  
0.8049999999999884 0.7210119270640295 0.6932856932908017  
0.8062499999999884 0.721878252535359 0.6923841575672477  
0.8074999999999883 0.7227434507486257 0.6914815392890169  
0.8087499999999883 0.7236075203510764 0.6905778398656048  
0.8099999999999883 0.7244704599917208 0.6896730607081973  
0.8112499999999883 0.7253322683213326 0.6887672032296683  
0.8124999999999882 0.7261929439924524 0.687860268844578  
0.8137499999999882 0.7270524856593894 0.6869522589691699  
0.8149999999999882 0.7279108919782237 0.6860431750213695  
0.8162499999999882 0.7287681616068082 0.6851330184207814  
0.8174999999999881 0.7296242932047711 0.6842217905886876  
0.8187499999999881 0.7304792854335174 0.6833094929480447  
0.8199999999999881 0.7313331369562316 0.6823961269234821  
0.821249999999988 0.7321858464378793 0.6814816939412996  
0.822499999999988 0.7330374125452097 0.6805661954294656  
0.823749999999988 0.7338878339467573 0.679649632817614  
0.824999999999988 0.7347371093128442 0.6787320075370428  
0.8262499999999879 0.7355852373155821 0.6778133210207112  
0.8274999999999879 0.7364322166288747 0.6768935747032382  
0.8287499999999879 0.7372780459284192 0.6759727700208995  
0.8299999999999879 0.7381227238917086 0.6750509084116257  
0.8312499999999878 0.7389662491980341 0.674127991315  
0.8324999999999878 0.7398086205284867 0.6732040201722559  
0.8337499999999878 0.7406498365659596 0.6722789964262749  
0.8349999999999878 0.74148989599515 0.6713529215215844  
0.8362499999999877 0.7423287975025614 0.6704257969043556  
0.8374999999999877 0.7431665397765054 0.6694976240224004  
0.8387499999999877 0.7440031215071038 0.6685684043251704  
0.8399999999999876 0.7448385413862909 0.6676381392637536  
0.8412499999999876 0.7456727981078154 0.6667068302908726  
0.8424999999999876 0.7465058903672422 0.6657744788608823  
0.8437499999999876 0.7473378168619549 0.6648410864297674  
0.8449999999999875 0.7481685762911574 0.6639066544551405  
0.8462499999999875 0.7489981673558762 0.6629711843962397  
0.8474999999999875 0.7498265887589624 0.662034677713926  
0.8487499999999875 0.7506538392050935 0.6610971358706813  
0.8499999999999874 0.7514799174007759 0.6601585603306063  
0.8512499999999874 0.7523048220543465 0.6592189525594176  
0.8524999999999874 0.7531285518759746 0.6582783140244464  
0.8537499999999874 0.7539511055776645 0.6573366461946349  
0.8549999999999873 0.7547724818732572 0.6563939505405354  
0.8562499999999873 0.7555926794784321 0.6554502285343069  
0.8574999999999873 0.7564116971107095 0.6545054816497133  
0.8587499999999872 0.7572295334894525 0.6535597113621212  
0.8599999999999872 0.7580461873358687 0.6526129191484972  
0.8612499999999872 0.7588616573730124 0.6516651064874058  
0.8624999999999872 0.7596759423257867 0.6507162748590073  
0.8637499999999871 0.7604890409209455 0.6497664257450552  
0.8649999999999871 0.7613009518870952 0.6488155606288939  
0.8662499999999871 0.762111673954697 0.6478636809954567  
0.8674999999999871 0.7629212058560687 0.6469107883312629  
0.868749999999987 0.7637295463253867 0.6459568841244161  
0.869999999999987 0.7645366940986882 0.6450019698646015  
0.871249999999987 0.7653426479138729 0.6440460470430837  
0.872499999999987 0.7661474065107049 0.6430891171527042  
0.8737499999999869 0.7669509686308151 0.6421311816878794  
0.8749999999999869 0.7677533330177029 0.641172242144598  
0.8762499999999869 0.768554498416738 0.6402123000204187  
0.8774999999999868 0.7693544635751626 0.6392513568144681  
0.8787499999999868 0.7701532272420933 0.6382894140274379  
0.8799999999999868 0.7709507881685232 0.6373264731615829  
0.8812499999999868 0.7717471451073236 0.6363625357207187  
0.8824999999999867 0.7725422968132459 0.635397603210219  
0.8837499999999867 0.7733362420429241 0.6344316771370136  
0.8849999999999867 0.7741289795548758 0.6334647590095861  
0.8862499999999867 0.7749205081095052 0.632496850337971  
0.8874999999999866 0.7757108264691042 0.6315279526337519  
0.8887499999999866 0.7764999333978547 0.630558067410059  
0.8899999999999866 0.7772878276618308 0.6295871961815667  
0.8912499999999866 0.778074508029 0.6286153404644909  
0.8924999999999865 0.778859973269226 0.6276425017765872  
0.8937499999999865 0.7796442221542697 0.6266686816371484  
0.8949999999999865 0.7804272534577918 0.6256938815670018  
0.8962499999999864 0.7812090659553547 0.6247181030885071  
0.8974999999999864 0.7819896584244239 0.6237413477255539  
0.8987499999999864 0.7827690296443706 0.6227636170035594  
0.8999999999999864 0.7835471783964728 0.6217849124494661  
0.9012499999999863 0.7843241034639181 0.6208052355917391  
0.9024999999999863 0.7850998036318049 0.619824587960364  
0.9037499999999863 0.7858742776871446 0.6188429710868446  
0.9049999999999863 0.7866475244188634 0.6178603865042001  
0.9062499999999862 0.7874195426178044 0.6168768357469629  
0.9074999999999862 0.7881903310767293 0.6158923203511767  
0.9087499999999862 0.7889598885903202 0.6149068418543931  
0.9099999999999862 0.7897282139551817 0.6139204017956702  
0.9112499999999861 0.7904953059698426 0.6129330017155693  
0.9124999999999861 0.7912611634347582 0.6119446431561532  
0.9137499999999861 0.7920257851523114 0.6109553276609835  
0.914999999999986 0.7927891699268153 0.6099650567751183  
0.916249999999986 0.7935513165645146 0.6089738320451095  
0.917499999999986 0.7943122238735879 0.6079816550190007  
0.918749999999986 0.7950718906641492 0.6069885272463247  
0.9199999999999859 0.7958303157482498 0.6059944502781011  
0.9212499999999859 0.7965874979398804 0.6049994256668336  
0.9224999999999859 0.7973434360549725 0.6040034549665081  
0.9237499999999859 0.7980981289114009 0.6030065397325898  
0.9249999999999858 0.798851575328985 0.6020086815220209  
0.9262499999999858 0.7996037741294909 0.6010098818932185  
0.9274999999999858 0.8003547241366331 0.6000101424060715  
0.9287499999999858 0.8011044241760766 0.5990094646219388  
0.9299999999999857 0.8018528730754384 0.5980078501036467  
0.9312499999999857 0.8026000696642894 0.5970053004154859  
0.9324999999999857 0.8033460127741566 0.5960018171232101  
0.9337499999999856 0.8040907012385244 0.5949974017940326  
0.9349999999999856 0.8048341338928368 0.5939920559966244  
0.9362499999999856 0.805576309574499 0.5929857813011115  
0.9374999999999856 0.8063172271228795 0.5919785792790725  
0.9387499999999855 0.8070568853793114 0.5909704515035363  
0.9399999999999855 0.807795283187095 0.5899613995489795  
0.9412499999999855 0.8085324193914988 0.5889514249913239  
0.9424999999999855 0.8092682928397616 0.5879405294079342  
0.9437499999999854 0.8100029023810946 0.5869287143776152  
0.9449999999999854 0.8107362468666829 0.5859159814806097  
0.9462499999999854 0.8114683251496873 0.5849023322985961  
0.9474999999999854 0.812199136085246 0.5838877684146855  
0.9487499999999853 0.8129286785304768 0.5828722914134193  
0.9499999999999853 0.8136569513444785 0.5818559028807674  
0.9512499999999853 0.8143839533883328 0.5808386044041247  
0.9524999999999852 0.8151096835251062 0.5798203975723094  
0.9537499999999852 0.8158341406198514 0.5788012839755602  
0.9549999999999852 0.8165573235396096 0.5777812652055339  
0.9562499999999852 0.8172792311534121 0.5767603428553026  
0.9574999999999851 0.8179998623322815 0.575738518519352  
0.9587499999999851 0.8187192159492345 0.5747157937935778  
0.9599999999999851 0.8194372908792827 0.5736921702752843  
0.9612499999999851 0.8201540859994351 0.5726676495631812  
0.962499999999985 0.8208696001886993 0.5716422332573813  
0.963749999999985 0.8215838323280834 0.570615922959398  
0.964999999999985 0.8222967813005981 0.569588720272143  
0.966249999999985 0.8230084459912581 0.5685606267999235  
0.9674999999999849 0.8237188252870838 0.5675316441484396  
0.9687499999999849 0.8244279180771033 0.5665017739247823  
0.9699999999999849 0.8251357232523537 0.5654710177374305  
0.9712499999999848 0.8258422397058837 0.5644393771962487  
0.9724999999999848 0.8265474663327541 0.5634068539124847  
0.9737499999999848 0.8272514020300407 0.5623734494987664  
0.9749999999999848 0.8279540456968352 0.5613391655691001  
0.9762499999999847 0.8286553962342474 0.5603040037388676  
0.9774999999999847 0.8293554525454069 0.5592679656248233  
0.9787499999999847 0.8300542135354643 0.5582310528450924  
0.9799999999999847 0.8307516781115935 0.557193267019168  
0.9812499999999846 0.8314478451829932 0.5561546097679086  
0.9824999999999846 0.8321427136608885 0.5551150827135355  
0.9837499999999846 0.8328362824585329 0.5540746874796302  
0.9849999999999846 0.8335285504912097 0.5530334256911322  
0.9862499999999845 0.8342195166762335 0.5519912989743363  
0.9874999999999845 0.8349091799329528 0.5509483089568898  
0.9887499999999845 0.8355975391827505 0.5499044572677905  
0.9899999999999844 0.8362845933490465 0.5488597455373834  
0.9912499999999844 0.836970341357299 0.547814175397359  
0.9924999999999844 0.8376547821350061 0.5467677484807502  
0.9937499999999844 0.8383379146117078 0.5457204664219296  
0.9949999999999843 0.8390197377189873 0.5446723308566078  
0.9962499999999843 0.839700250390473 0.5436233434218298  
0.9974999999999843 0.84037945156184 0.5425735057559732  
0.9987499999999843 0.8410573401708117 0.5415228194987451  
0.9999999999999842 0.8417339151571616 0.5404712862911802  
1.001249999999984 0.8424091754627149 0.5394189077756376  
1.002499999999984 0.8430831200313502 0.5383656855957983  
1.003749999999984 0.8437557478090012 0.5373116213966632  
1.004999999999984 0.844427057743658 0.5362567168245499  
1.006249999999984 0.8450970487853693 0.5352009735270903  
1.007499999999984 0.8457657198862435 0.5341443931532283  
1.008749999999984 0.8464330700004506 0.5330869773532169  
1.009999999999984 0.8470990980842242 0.5320287277786158  
1.011249999999984 0.8477638030958623 0.5309696460822887  
1.012499999999984 0.8484271839957296 0.5299097339184009  
1.013749999999984 0.8490892397462588 0.5288489929424164  
1.014999999999984 0.8497499693119526 0.5277874248110956  
1.016249999999984 0.8504093716593847 0.5267250311824929  
1.017499999999984 0.8510674457572019 0.5256618137159533  
1.018749999999984 0.8517241905761259 0.5245977740721108  
1.019999999999984 0.8523796050889542 0.5235329139128851  
1.021249999999984 0.853033688270562 0.5224672349014795  
1.022499999999984 0.8536864390979044 0.5214007387023777  
1.023749999999984 0.8543378565500171 0.5203334269813418  
1.024999999999984 0.8549879396080187 0.5192653014054094  
1.026249999999984 0.8556366872551115 0.518196363642891  
1.027499999999984 0.8562840984765842 0.5171266153633676  
1.028749999999984 0.8569301722598124 0.5160560582376877  
1.029999999999984 0.8575749075942609 0.5149846939379652  
1.031249999999984 0.8582183034714851 0.5139125241375763  
1.032499999999984 0.8588603588851322 0.5128395505111571  
1.033749999999984 0.8595010728309435 0.5117657747346013  
1.034999999999983 0.8601404443067552 0.5106911984850568  
1.036249999999983 0.8607784723125005 0.509615823440924  
1.037499999999983 0.8614151558502109 0.5085396512818524  
1.038749999999983 0.862050493924018 0.5074626836887384  
1.039999999999983 0.8626844855401548 0.5063849223437226  
1.041249999999983 0.8633171297069573 0.5053063689301871  
1.042499999999983 0.8639484254348663 0.5042270251327531  
1.043749999999983 0.8645783717364285 0.5031468926372779  
1.044999999999983 0.8652069676262987 0.5020659731308523  
1.046249999999983 0.8658342121212405 0.5009842683017987  
1.047499999999983 0.8664601042401286 0.4999017798396673  
1.048749999999983 0.8670846430039501 0.4988185094352344  
1.049999999999983 0.8677078274358054 0.4977344587804992  
1.051249999999983 0.868329656560911 0.4966496295686814  
1.052499999999983 0.8689501294065998 0.4955640234942187  
1.053749999999983 0.8695692450023232 0.4944776422527638  
1.054999999999983 0.8701870023796529 0.4933904875411819  
1.056249999999983 0.8708034005722816 0.4923025610575482  
1.057499999999983 0.8714184386160252 0.4912138645011449  
1.058749999999983 0.8720321155488241 0.4901243995724591  
1.059999999999983 0.8726444304107446 0.4890341679731794  
1.061249999999983 0.8732553822439805 0.4879431714061941  
1.062499999999983 0.8738649700928546 0.4868514115755878  
1.063749999999983 0.8744731930038201 0.4857588901866391  
1.064999999999983 0.8750800500254624 0.4846656089458178  
1.066249999999983 0.8756855402085001 0.4835715695607825  
1.067499999999983 0.8762896626057869 0.4824767737403775  
1.068749999999983 0.876892416272313 0.4813812231946306  
1.069999999999983 0.8774938002652062 0.4802849196347498  
1.071249999999983 0.8780938136437338 0.4791878647731216  
1.072499999999983 0.8786924554693043 0.4780900603233073  
1.073749999999983 0.879289724805468 0.4769915080000408  
1.074999999999983 0.8798856207179193 0.4758922095192262  
1.076249999999983 0.8804801422744978 0.4747921665979344  
1.077499999999983 0.8810732885451896 0.4736913809544012  
1.078749999999983 0.8816650586021293 0.472589854308024  
1.079999999999983 0.8822554515196008 0.4714875883793595  
1.081249999999983 0.8828444663740392 0.4703845848901208  
1.082499999999982 0.8834321022440322 0.4692808455631748  
1.083749999999982 0.8840183582103213 0.4681763721225394  
1.084999999999982 0.8846032333558033 0.4670711662933812  
1.086249999999982 0.885186726765532 0.4659652298020121  
1.087499999999982 0.8857688375267194 0.4648585643758873  
1.088749999999982 0.8863495647287372 0.4637511717436022  
1.089999999999982 0.8869289074631179 0.4626430536348898  
1.091249999999982 0.887506864823557 0.4615342117806181  
1.092499999999982 0.8880834359059137 0.4604246479127872  
1.093749999999982 0.8886586198082125 0.4593143637645267  
1.094999999999982 0.8892324156306448 0.4582033610700931  
1.096249999999982 0.88980482247557 0.4570916415648669  
1.097499999999982 0.8903758394475173 0.45597920698535  
1.098749999999982 0.8909454656531867 0.4548660590691629  
1.099999999999982 0.8915137002014506 0.4537521995550421  
1.101249999999982 0.8920805422033553 0.4526376301828373  
1.102499999999982 0.892645990772122 0.4515223526935088  
1.103749999999982 0.8932100450231488 0.4504063688291247  
1.104999999999982 0.8937727040740114 0.4492896803328579  
1.106249999999982 0.894333967044465 0.448172288948984  
1.107499999999982 0.8948938330564453 0.447054196422878  
1.108749999999982 0.8954523012340704 0.445935404501012  
1.109999999999982 0.8960093707036415 0.444815914930952  
1.111249999999982 0.8965650405936447 0.4436957294613557  
1.112499999999982 0.8971193100347524 0.4425748498419693  
1.113749999999982 0.8976721781598244 0.4414532778236251  
1.114999999999982 0.8982236441039093 0.4403310151582387  
1.116249999999982 0.8987737070042461 0.439208063598806  
1.117499999999982 0.8993223660002653 0.4380844248994009  
1.118749999999982 0.8998696202335903 0.4369601008151721  
1.119999999999982 0.9004154688480388 0.4358350931023407  
1.121249999999982 0.9009599109896242 0.4347094035181974  
1.122499999999982 0.9015029458065568 0.4335830338210996  
1.123749999999982 0.902044572449245 0.4324559857704688  
1.124999999999982 0.9025847900702969 0.4313282611267878  
1.126249999999982 0.9031235978245218 0.430199861651598  
1.127499999999982 0.9036609948689309 0.4290707891074964  
1.128749999999981 0.9041969803627392 0.4279410452581332  
1.129999999999981 0.9047315534673664 0.426810631868209  
1.131249999999981 0.9052647133464387 0.4256795507034717  
1.132499999999981 0.9057964591657893 0.4245478035307142  
1.133749999999981 0.9063267900934608 0.4234153921177712  
1.134999999999981 0.9068557052997057 0.4222823182335168  
1.136249999999981 0.9073832039569877 0.4211485836478616  
1.137499999999981 0.9079092852399835 0.4200141901317499  
1.138749999999981 0.9084339483255837 0.4188791394571569  
1.139999999999981 0.9089571923928941 0.417743433397086  
1.141249999999981 0.9094790166232372 0.4166070737255662  
1.142499999999981 0.9099994202001532 0.415470062217649  
1.143749999999981 0.9105184023094017 0.4143324006494057  
1.144999999999981 0.9110359621389625 0.413194090797925  
1.146249999999981 0.9115520988790372 0.4120551344413095  
1.147499999999981 0.9120668117220502 0.4109155333586739  
1.148749999999981 0.9125800998626502 0.4097752893301411  
1.149999999999981 0.9130919624977114 0.4086344041368404  
1.151249999999981 0.9136023988263346 0.4074928795609041  
1.152499999999981 0.9141114080498487 0.4063507173854651  
1.153749999999981 0.9146189893718117 0.4052079193946538  
1.154999999999981 0.9151251419980123 0.4040644873735956  
1.156249999999981 0.9156298651364707 0.4029204231084077  
1.157499999999981 0.9161331579974401 0.4017757283861969  
1.158749999999981 0.916635019793408 0.4006304049950561  
1.159999999999981 0.9171354497390972 0.3994844547240624  
1.161249999999981 0.9176344470514672 0.3983378793632734  
1.162499999999981 0.9181320109497154 0.3971906807037249  
1.163749999999981 0.9186281406552783 0.3960428605374282  
1.164999999999981 0.9191228353918327 0.3948944206573667  
1.166249999999981 0.9196160943852968 0.3937453628574938  
1.167499999999981 0.9201079168638318 0.3925956889327298  
1.168749999999981 0.9205983020578427 0.3914454006789591  
1.169999999999981 0.9210872491999796 0.3902944998930271  
1.171249999999981 0.9215747575251392 0.3891429883727381  
1.172499999999981 0.9220608262704655 0.3879908679168519  
1.173749999999981 0.9225454546753513 0.386838140325081  
1.174999999999981 0.9230286419814394 0.3856848073980882  
1.17624999999998 0.9235103874326237 0.3845308709374836  
1.17749999999998 0.9239906902750504 0.3833763327458213  
1.17874999999998 0.9244695497571194 0.3822211946265975  
1.17999999999998 0.9249469651294847 0.381065458384247  
1.18124999999998 0.9254229356450567 0.3799091258241404  
1.18249999999998 0.9258974605590027 0.3787521987525818  
1.18374999999998 0.9263705391287479 0.3775946789768054  
1.18499999999998 0.926842170613977 0.376436568304973  
1.18624999999998 0.9273123542766353 0.3752778685461711  
1.18749999999998 0.9277810893809296 0.3741185815104079  
1.18874999999998 0.9282483751933296 0.3729587090086108  
1.18999999999998 0.9287142109825688 0.3717982528526235  
1.19124999999998 0.9291785960196459 0.3706372148552027  
1.19249999999998 0.9296415295778259 0.3694755968300161  
1.19374999999998 0.9301030109326409 0.3683134005916389  
1.19499999999998 0.9305630393618918 0.367150627955551  
1.19624999999998 0.931021614145649 0.3659872807381346  
1.19749999999998 0.9314787345662536 0.364823360756671  
1.19874999999998 0.9319343999083188 0.3636588698293379  
1.19999999999998 0.9323886094587306 0.3624938097752065  
1.20124999999998 0.9328413625066491 0.3613281824142386  
1.20249999999998 0.9332926583435096 0.360161989567284  
1.20374999999998 0.9337424962630241 0.3589952330560774  
1.20499999999998 0.9341908755611815 0.3578279147032358  
1.20624999999998 0.9346377955362498 0.3566600363322551  
1.20749999999998 0.9350832554887762 0.3554915997675081  
1.20874999999998 0.9355272547215889 0.354322606834241  
1.20999999999998 0.9359697925397978 0.3531530593585707  
1.21124999999998 0.9364108682507959 0.3519829591674822  
1.21249999999998 0.9368504811642598 0.3508123080888252  
1.21374999999998 0.9372886305921516 0.3496411079513121  
1.21499999999998 0.9377253158487194 0.3484693605845141  
1.21624999999998 0.9381605362504986 0.3472970678188592  
1.21749999999998 0.9385942911163127 0.346124231485629  
1.21874999999998 0.9390265797672748 0.3449508534169557  
1.21999999999998 0.9394574015267882 0.3437769354458195  
1.22124999999998 0.939886755720548 0.3426024794060456  
1.222499999999979 0.9403146416765417 0.3414274871323014  
1.223749999999979 0.9407410587250501 0.3402519604600936  
1.224999999999979 0.9411660061986491 0.3390759012257653  
1.226249999999979 0.9415894834322102 0.337899311266493  
1.227499999999979 0.9420114897629013 0.3367221924202843  
1.228749999999979 0.9424320245301885 0.3355445465259743  
1.229999999999979 0.9428510870758363 0.3343663754232231  
1.231249999999979 0.9432686767439095 0.3331876809525129  
1.232499999999979 0.9436847928807732 0.3320084649551451  
1.233749999999979 0.944099434835095 0.3308287292732375  
1.234999999999979 0.9445126019578448 0.3296484757497213  
1.236249999999979 0.9449242936022968 0.3284677062283382  
1.237499999999979 0.9453345091240301 0.3272864225536375  
1.238749999999979 0.9457432478809294 0.3261046265709737  
1.239999999999979 0.946150509233187 0.3249223201265028  
1.241249999999979 0.9465562925433024 0.32373950506718  
1.242499999999979 0.9469605971760846 0.3225561832407567  
1.243749999999979 0.9473634224986522 0.3213723564957776  
1.244999999999979 0.9477647678804351 0.3201880266815775  
1.246249999999979 0.9481646326931746 0.319003195648279  
1.247499999999979 0.9485630163109253 0.3178178652467892  
1.248749999999979 0.9489599181100555 0.316632037328797  
1.249999999999979 0.9493553374692485 0.3154457137467698  
1.251249999999979 0.9497492737695032 0.3142588963539513  
1.252499999999979 0.9501417263941356 0.3130715870043581  
1.253749999999979 0.9505326947287792 0.3118837875527767  
1.254999999999979 0.9509221781613864 0.3106954998547612  
1.256249999999979 0.951310176082229 0.3095067257666299  
1.257499999999979 0.9516966878838997 0.3083174671454624  
1.258749999999979 0.9520817129613128 0.3071277258490969  
1.259999999999979 0.9524652507117051 0.3059375037361274  
1.261249999999979 0.9528473005346366 0.3047468026659004  
1.262499999999979 0.9532278618319923 0.3035556244985123  
1.263749999999979 0.9536069340079819 0.3023639710948065  
1.264999999999979 0.9539845164691418 0.3011718443163703  
1.266249999999979 0.9543606086243356 0.2999792460255322  
1.267499999999979 0.9547352098847548 0.2987861780853588  
1.268749999999979 0.9551083196639202 0.2975926423596521  
1.269999999999978 0.9554799373776823 0.2963986407129463  
1.271249999999978 0.955850062444223 0.2952041750105052  
1.272499999999978 0.9562186942840555 0.2940092471183191  
1.273749999999978 0.9565858323200259 0.2928138589031018  
1.274999999999978 0.956951475977314 0.2916180122322881  
1.276249999999978 0.957315624683434 0.2904217089740305  
1.277499999999978 0.9576782778682357 0.2892249509971961  
1.278749999999978 0.9580394349639049 0.2880277401713643  
1.279999999999978 0.9583990954049648 0.2868300783668234  
1.281249999999978 0.9587572586282767 0.2856319674545678  
1.282499999999978 0.9591139240730407 0.2844334093062952  
1.283749999999978 0.959469091180797 0.2832344057944033  
1.284999999999978 0.9598227593954263 0.2820349587919876  
1.286249999999978 0.9601749281631509 0.2808350701728375  
1.287499999999978 0.9605255969325356 0.2796347418114343  
1.288749999999978 0.9608747651544886 0.2784339755829476  
1.289999999999978 0.9612224322822621 0.2772327733632328  
1.291249999999978 0.9615685977714535 0.2760311370288279  
1.292499999999978 0.9619132610800061 0.2748290684569507  
1.293749999999978 0.9622564216682097 0.2736265695254959  
1.294999999999978 0.9625980789987019 0.2724236421130319  
1.296249999999978 0.9629382325364686 0.2712202880987983  
1.297499999999978 0.963276881748845 0.2700165093627027  
1.298749999999978 0.9636140261055164 0.2688123077853176  
1.299999999999978 0.9639496650785191 0.267607685247878  
1.301249999999978 0.964283798142241 0.2664026436322778  
1.302499999999978 0.9646164247734227 0.2651971848210673  
1.303749999999978 0.964947544451158 0.2639913106974502  
1.304999999999978 0.9652771566568953 0.2627850231452805  
1.306249999999978 0.9656052608744375 0.2615783240490597  
1.307499999999978 0.9659318565899438 0.2603712152939339  
1.308749999999978 0.9662569432919298 0.2591636987656905  
1.309999999999978 0.9665805204712684 0.2579557763507557  
1.311249999999978 0.9669025876211911 0.2567474499361915  
1.312499999999978 0.9672231442372881 0.2555387214096924  
1.313749999999978 0.9675421898175095 0.2543295926595828  
1.314999999999978 0.9678597238621661 0.2531200655748138  
1.316249999999977 0.96817574587393 0.2519101420449604  
1.317499999999977 0.9684902553578354 0.2506998239602188  
1.318749999999977 0.9688032518212797 0.2494891132114027  
1.319999999999977 0.9691147347740237 0.2482780116899413  
1.321249999999977 0.9694247037281928 0.2470665212878755  
1.322499999999977 0.9697331581982778 0.2458546438978553  
1.323749999999977 0.9700400977011352 0.2446423814131372  
1.324999999999977 0.9703455217559884 0.2434297357275806  
1.326249999999977 0.9706494298844285 0.242216708735645  
1.327499999999977 0.9709518216104145 0.2410033023323877  
1.328749999999977 0.9712526964602747 0.2397895184134597  
1.329999999999977 0.9715520539627069 0.2385753588751037  
1.331249999999977 0.9718498936487797 0.2373608256141508  
1.332499999999977 0.9721462150519327 0.2361459205280173  
1.333749999999977 0.9724410177079774 0.2349306455147022  
1.334999999999977 0.9727343011550983 0.2337150024727838  
1.336249999999977 0.9730260649338529 0.2324989933014171  
1.337499999999977 0.9733163085871731 0.2312826199003305  
1.338749999999977 0.9736050316603655 0.2300658841698232  
1.339999999999977 0.9738922337011123 0.2288487880107617  
1.341249999999977 0.974177914259472 0.2276313333245775  
1.342499999999977 0.9744620728878799 0.2264135220132636  
1.343749999999977 0.9747447091411493 0.2251953559793717  
1.344999999999977 0.9750258225764715 0.2239768371260093  
1.346249999999977 0.9753054127534171 0.2227579673568367  
1.347499999999977 0.9755834792339363 0.221538748576064  
1.348749999999977 0.9758600215823598 0.2203191826884479  
1.349999999999977 0.9761350393653995 0.2190992715992892  
1.351249999999977 0.9764085321521488 0.2178790172144295  
1.352499999999977 0.976680499514084 0.2166584214402482  
1.353749999999977 0.9769509410250642 0.2154374861836597  
1.354999999999977 0.9772198562613325 0.2142162133521103  
1.356249999999977 0.9774872448015163 0.2129946048535753  
1.357499999999977 0.9777531062266283 0.2117726625965559  
1.358749999999977 0.9780174401200669 0.2105503884900763  
1.359999999999977 0.9782802460676169 0.2093277844436807  
1.361249999999977 0.9785415236574504 0.2081048523674304  
1.362499999999977 0.978801272480127 0.2068815941719006  
1.363749999999976 0.9790594921285949 0.2056580117681777  
1.364999999999976 0.9793161821981909 0.2044341070678561  
1.366249999999976 0.9795713422866421 0.2032098819830353  
1.367499999999976 0.9798249719940654 0.2019853384263169  
1.368749999999976 0.9800770709229686 0.2007604783108015  
1.369999999999976 0.9803276386782512 0.1995353035500859  
1.371249999999976 0.980576674867205 0.1983098160582601  
1.372499999999976 0.9808241790995142 0.1970840177499043  
1.373749999999976 0.9810701509872567 0.1958579105400854  
1.374999999999976 0.9813145901449041 0.194631496344355  
1.376249999999976 0.9815574961893228 0.1934047770787456  
1.377499999999976 0.9817988687397743 0.1921777546597679  
1.378749999999976 0.9820387074179159 0.1909504310044078  
1.379999999999976 0.9822770118478013 0.1897228080301233  
1.381249999999976 0.9825137816558811 0.1884948876548417  
1.382499999999976 0.9827490164710037 0.1872666717969563  
1.383749999999976 0.9829827159244153 0.1860381623753239  
1.384999999999976 0.9832148796497611 0.1848093613092612  
1.386249999999976 0.9834455072830853 0.1835802705185423  
1.387499999999976 0.9836745984628322 0.1823508919233953  
1.388749999999976 0.9839021528298465 0.1811212274444996  
1.389999999999976 0.9841281700273736 0.1798912790029828  
1.391249999999976 0.984352649701061 0.1786610485204177  
1.392499999999976 0.9845755914989577 0.1774305379188193  
1.393749999999976 0.9847969950715157 0.1761997491206418  
1.394999999999976 0.9850168600715904 0.1749686840487754  
1.396249999999976 0.9852351861544404 0.1737373446265437  
1.397499999999976 0.985451972977729 0.1725057327777004  
1.398749999999976 0.9856672202015242 0.1712738504264263  
1.399999999999976 0.9858809274882994 0.1700416994973266  
1.401249999999976 0.9860930945029337 0.1688092819154274  
1.402499999999976 0.9863037209127129 0.167576599606173  
1.403749999999976 0.9865128063873296 0.1663436544954228  
1.404999999999976 0.986720350598884 0.1651104485094486  
1.406249999999976 0.9869263532218838 0.1638769835749311  
1.407499999999976 0.9871308139332458 0.162643261618957  
1.408749999999976 0.9873337324122953 0.1614092845690164  
1.409999999999975 0.9875351083407673 0.1601750543529992  
1.411249999999975 0.9877349414028068 0.1589405728991927  
1.412499999999975 0.9879332312849693 0.1577058421362779  
1.413749999999975 0.9881299776762212 0.1564708639933271  
1.414999999999975 0.9883251802679404 0.1552356403998006  
1.416249999999975 0.9885188387539166 0.1540001732855436  
1.417499999999975 0.988710952830352 0.1527644645807835  
1.418749999999975 0.988901522195862 0.1515285162161266  
1.419999999999975 0.9890905465514751 0.1502923301225551  
1.421249999999975 0.9892780256006336 0.1490559082314243  
1.422499999999975 0.9894639590491942 0.1478192524744594  
1.423749999999975 0.9896483466054282 0.1465823647837524  
1.424999999999975 0.9898311879800226 0.1453452470917594  
1.426249999999975 0.9900124828860795 0.1441079013312972  
1.427499999999975 0.9901922310391175 0.1428703294355406  
1.428749999999975 0.9903704321570717 0.1416325333380193  
1.429999999999975 0.9905470859602942 0.1403945149726146  
1.431249999999975 0.9907221921715544 0.1391562762735568  
1.432499999999975 0.9908957505160401 0.137917819175422  
1.433749999999975 0.9910677607213568 0.1366791456131288  
1.434999999999975 0.9912382225175292 0.1354402575219359  
1.436249999999975 0.991407135637001 0.1342011568374384  
1.437499999999975 0.9915744998146354 0.1329618454955652  
1.438749999999975 0.9917403147877158 0.131722325432576  
1.439999999999975 0.9919045802959461 0.130482598585058  
1.441249999999975 0.9920672960814507 0.129242666889923  
1.442499999999975 0.9922284618887756 0.1280025322844044  
1.443749999999975 0.9923880774648881 0.1267621967060543  
1.444999999999975 0.9925461425591779 0.1255216620927401  
1.446249999999975 0.9927026569234569 0.1242809303826419  
1.447499999999975 0.9928576203119599 0.1230400035142491  
1.448749999999975 0.9930110324813448 0.1217988834263578  
1.449999999999975 0.9931628931906932 0.1205575720580673  
1.451249999999975 0.9933132022015106 0.1193160713487773  
1.452499999999975 0.993461959277727 0.1180743832381851  
1.453749999999975 0.9936091641856969 0.116832509666282  
1.454999999999975 0.9937548166942 0.1155904525733508  
1.456249999999975 0.9938989165744414 0.1143482138999625  
1.457499999999974 0.9940414636000521 0.1131057955869734  
1.458749999999974 0.9941824575470891 0.1118631995755219  
1.459999999999974 0.994321898194036 0.1106204278070257  
1.461249999999974 0.9944597853218033 0.1093774822231785  
1.462499999999974 0.9945961187137287 0.1081343647659473  
1.463749999999974 0.9947308981555772 0.1068910773775689  
1.464999999999974 0.9948641234355421 0.1056476220005473  
1.466249999999974 0.9949957943442446 0.1044040005776506  
1.467499999999974 0.9951259106747344 0.1031602150519075  
1.468749999999974 0.9952544722224904 0.1019162673666051  
1.469999999999974 0.9953814787854205 0.1006721594652851  
1.471249999999974 0.9955069301638619 0.099427893291741  
1.472499999999974 0.9956308261605821 0.09818347079001535  
1.473749999999974 0.9957531665807782 0.09693889390439635  
1.474999999999974 0.995873951232078 0.09569416457941494  
1.476249999999974 0.9959931799245401 0.09444928475984181  
1.477499999999974 0.996110852470654 0.09320425639068428  
1.478749999999974 0.9962269686853407 0.0919590814171833  
1.479999999999974 0.9963415283859525 0.09071376178481044  
1.481249999999974 0.9964545313922739 0.08946829943926481  
1.482499999999974 0.9965659775265217 0.08822269632646999  
1.483749999999974 0.9966758666133447 0.08697695439257108  
1.484999999999974 0.996784198479825 0.08573107558393159  
1.486249999999974 0.9968909729554775 0.08448506184713041  
1.487499999999974 0.99699618987225 0.08323891512895877  
1.488749999999974 0.9970998490645245 0.08199263737641724  
1.489999999999974 0.9972019503691165 0.08074623053671261  
1.491249999999974 0.9973024936252756 0.0794996965572549  
1.492499999999974 0.9974014786746855 0.07825303738565434  
1.493749999999974 0.997498905361465 0.07700625496971826  
1.494999999999974 0.9975947735321673 0.07575935125744808  
1.496249999999974 0.9976890830357807 0.07451232819703628  
1.497499999999974 0.997781833723729 0.07326518773686336  
1.498749999999974 0.9978730254498712 0.07201793182549474  
1.499999999999974 0.9979626580705026 0.07077056241167777  
1.501249999999974 0.9980507314443539 0.06952308144433871  
1.502499999999974 0.9981372454325923 0.06827549087257957  
1.503749999999973 0.9982221998988215 0.06702779264567521  
1.504999999999973 0.9983055947090818 0.06577998871307018  
1.506249999999973 0.9983874297318501 0.06453208102437574  
1.507499999999973 0.9984677048380408 0.06328407152936678  
1.508749999999973 0.9985464199010053 0.06203596217797879  
1.509999999999973 0.9986235747965325 0.06078775492030481  
1.511249999999973 0.998699169402849 0.05953945170659238  
1.512499999999973 0.9987732036006192 0.0582910544872405  
1.513749999999973 0.9988456772729456 0.05704256521279657  
1.514999999999973 0.9989165903053689 0.05579398583395335  
1.516249999999973 0.9989859425858683 0.05454531830154592  
1.517499999999973 0.9990537340048614 0.05329656456654863  
1.518749999999973 0.9991199644552048 0.05204772658007201  
1.519999999999973 0.9991846338321938 0.05079880629335981  
1.521249999999973 0.9992477420335629 0.04954980565778586  
1.522499999999973 0.9993092889594859 0.04830072662485108  
1.523749999999973 0.999369274512576 0.04705157114618038  
1.524999999999973 0.9994276985978858 0.04580234117351968  
1.526249999999973 0.999484561122908 0.0445530386587328  
1.527499999999973 0.9995398619975747 0.04330366555379844  
1.528749999999973 0.9995936011342583 0.04205422381080712  
1.529999999999973 0.9996457784477714 0.04080471538195812  
1.531249999999973 0.9996963938553666 0.03955514221955646  
1.532499999999973 0.9997454472767372 0.03830550627600982  
1.533749999999973 0.9997929386340169 0.03705580950382551  
1.534999999999973 0.99983886785178 0.0358060538556074  
1.536249999999973 0.9998832348570418 0.03455624128405289  
1.537499999999973 0.9999260395792582 0.03330637374194984  
1.538749999999973 0.9999672819503264 0.03205645318217352  
1.539999999999973 1.000006961904585 0.03080648155768359  
1.541249999999973 1.000045079378812 0.029556460821521  
1.542499999999973 1.00008163431223 0.02830639292680497  
1.543749999999973 1.0001166266465 0.02705627982672995  
1.544999999999973 1.000150056325726 0.02580612347456251  
1.546249999999973 1.000181923296454 0.02455592582363838  
1.547499999999973 1.00021222750767 0.02330568882735928  
1.548749999999973 1.000240968910802 0.02205541443919  
1.549999999999973 1.000268147459723 0.02080510461265523  
1.551249999999972 1.000293763110744 0.01955476130133659  
1.552499999999972 1.000317815822619 0.01830438645886952  
1.553749999999972 1.000340305556546 0.01705398203894029  
1.554999999999972 1.000361232276163 0.01580354999528287  
1.556249999999972 1.00038059594755 0.01455309228167595  
1.557499999999972 1.000398396539232 0.01330261085193984  
1.558749999999972 1.000414634022174 0.01205210765993344  
1.559999999999972 1.000429308369782 0.01080158465955117  
1.561249999999972 1.000442419557908 0.009551043804719932  
1.562499999999972 1.000453967564844 0.008300487049396061  
1.563749999999972 1.000463952371325 0.007049916347562252  
1.564999999999972 1.000472373960528 0.005799333653224523  
1.566249999999972 1.000479232318073 0.004548740920409156  
1.567499999999972 1.000484527432024 0.003298140103159642  
1.568749999999972 1.000488259292884 0.002047533155533635  
1.569999999999972 1.000490427893602 0.0007969220315998916  
1.571249999999972 1.000491033229568 -0.0004536913145647796  
1.572499999999972 1.000490075298615 -0.00170430492887857  
1.573749999999972 1.000487554101018 -0.002954916857257726  
1.574999999999972 1.000483469639496 -0.004205525145619601  
1.576249999999972 1.000477821919209 -0.005456127839885711  
1.577499999999972 1.000470610947759 -0.006706722985984784  
1.578749999999972 1.000461836735195 -0.007957308629855817  
1.579999999999972 1.000451499294002 -0.009207882817451126  
1.581249999999972 1.000439598639113 -0.0104584435947394  
1.582499999999972 1.000426134787902 -0.01170898900770877  
1.583749999999972 1.000411107760183 -0.01295951710236981  
1.584999999999972 1.000394517578216 -0.01421002592475867  
1.586249999999972 1.000376364266702 -0.01546051352094007  
1.587499999999972 1.000356647852783 -0.01671097793701035  
1.588749999999972 1.000335368366047 -0.01796141721910057  
1.589999999999972 1.000312525838519 -0.01921182941337953  
1.591249999999972 1.000288120304672 -0.02046221256605681  
1.592499999999972 1.000262151801418 -0.02171256472338587  
1.593749999999972 1.00023462036811 -0.02296288393166705  
1.594999999999972 1.000205526046547 -0.02421316823725065  
1.596249999999972 1.000174868880967 -0.02546341568653999  
1.597499999999971 1.000142648918051 -0.02671362432599445  
1.598749999999971 1.000108866206921 -0.02796379220213251  
1.599999999999971 1.000073520799142 -0.02921391736153483  
1.601249999999971 1.000036612748721 -0.03046399785084729  
1.602499999999971 0.999998142112106 -0.03171403171678403  
1.603749999999971 0.9999581089481858 -0.03296401700613052  
1.604999999999971 0.9999165133182919 -0.03421395176574661  
1.606249999999971 0.9998733552861967 -0.03546383404256957  
1.607499999999971 0.999828634918114 -0.03671366188361714  
1.608749999999971 0.999782352282699 -0.03796343333599061  
1.609999999999971 0.9997345074510476 -0.03921314644687784  
1.611249999999971 0.9996851004966971 -0.04046279926355632  
1.612499999999971 0.9996341314956253 -0.04171238983339622  
1.613749999999971 0.9995816005262509 -0.04296191620386348  
1.614999999999971 0.9995275076694333 -0.04421137642252278  
1.616249999999971 0.9994718530084725 -0.04546076853704065  
1.617499999999971 0.9994146366291087 -0.04671009059518853  
1.618749999999971 0.9993558586195223 -0.04795934064484578  
1.619999999999971 0.9992955190703339 -0.04920851673400274  
1.621249999999971 0.9992336180746042 -0.05045761691076381  
1.622499999999971 0.9991701557278337 -0.05170663922335045  
1.623749999999971 0.9991051321279625 -0.0529555817201043  
1.624999999999971 0.9990385473753701 -0.05420444244949014  
1.626249999999971 0.9989704015728756 -0.05545321946009902  
1.627499999999971 0.9989006948257374 -0.05670191080065126  
1.628749999999971 0.9988294272416527 -0.05795051451999952  
1.629999999999971 0.9987565989307576 -0.05919902866713186  
1.631249999999971 0.9986822100056273 -0.06044745129117473  
1.632499999999971 0.998606260581275 -0.06169578044139611  
1.633749999999971 0.9985287507751527 -0.06294401416720846  
1.634999999999971 0.9984496807071505 -0.06419215051817187  
1.636249999999971 0.9983690504995962 -0.06544018754399701  
1.637499999999971 0.9982868602772559 -0.06668812329454825  
1.638749999999971 0.9982031101673329 -0.06793595581984666  
1.639999999999971 0.9981178002994682 -0.06918368317007308  
1.641249999999971 0.9980309308057398 -0.07043130339557117  
1.642499999999971 0.997942501820663 -0.07167881454685046  
1.643749999999971 0.9978525134811896 -0.07292621467458936  
1.64499999999997 0.9977609659267084 -0.07417350182963824  
1.64624999999997 0.997667859299044 -0.07542067406302247  
1.64749999999997 0.9975731937424577 -0.07666772942594546  
1.64874999999997 0.9974769694036464 -0.07791466596979173  
1.64999999999997 0.9973791864317429 -0.07916148174612989  
1.65124999999997 0.9972798449783156 -0.08040817480671576  
1.65249999999997 0.9971789451973677 -0.08165474320349538  
1.65374999999997 0.9970764872453379 -0.08290118498860802  
1.65499999999997 0.9969724712810993 -0.0841474982143893  
1.65624999999997 0.9968668974659598 -0.08539368093337418  
1.65749999999997 0.9967597659636612 -0.08663973119830001  
1.65874999999997 0.9966510769403798 -0.08788564706210959  
1.65999999999997 0.9965408305647252 -0.08913142657795418  
1.66124999999997 0.9964290270077408 -0.09037706779919659  
1.66249999999997 0.9963156664429031 -0.09162256877941416  
1.66374999999997 0.9962007490461217 -0.09286792757240186  
1.66499999999997 0.9960842749957386 -0.0941131422321753  
1.66624999999997 0.9959662444725285 -0.0953582108129738  
1.66749999999997 0.995846657659698 -0.09660313136926336  
1.66874999999997 0.9957255147428858 -0.09784790195573979  
1.66999999999997 0.995602815910162 -0.0990925206273317  
1.67124999999997 0.9954785613520278 -0.1003369854392035  
1.67249999999997 0.9953527512614158 -0.1015812944467586  
1.67374999999997 0.9952253858336888 -0.1028254457056423  
1.67499999999997 0.9950964652666404 -0.1040694372717446  
1.67624999999997 0.994965989760494 -0.105313267201204  
1.67749999999997 0.9948339595179028 -0.1065569335504096  
1.67874999999997 0.9947003747439493 -0.1078004343760048  
1.67999999999997 0.9945652356461454 -0.1090437677348901  
1.68124999999997 0.9944285424344316 -0.110286931684226  
1.68249999999997 0.9942902953211769 -0.1115299242814363  
1.68374999999997 0.9941504945211784 -0.1127727435842111  
1.68499999999997 0.9940091402516612 -0.1140153876505097  
1.68624999999997 0.9938662327322777 -0.1152578545385634  
1.68749999999997 0.9937217721851074 -0.1165001423068794  
1.68874999999997 0.9935757588346565 -0.1177422490142427  
1.68999999999997 0.993428192907858 -0.1189841727197199  
1.691249999999969 0.9932790746340705 -0.1202259114826623  
1.692499999999969 0.9931284042450786 -0.1214674633627082  
1.693749999999969 0.9929761819750923 -0.1227088264197867  
1.694999999999969 0.9928224080607465 -0.1239499987141202  
1.696249999999969 0.9926670827411007 -0.1251909783062279  
1.697499999999969 0.9925102062576387 -0.1264317632569284  
1.698749999999969 0.9923517788542683 -0.1276723516273429  
1.699999999999969 0.9921918007773205 -0.1289127414788984  
1.701249999999969 0.9920302722755497 -0.1301529308733304  
1.702499999999969 0.991867193600133 -0.1313929178726863  
1.703749999999969 0.9917025650046696 -0.1326327005393279  
1.704999999999969 0.991536386745181 -0.1338722769359351  
1.706249999999969 0.99136865908011 -0.1351116451255084  
1.707499999999969 0.9911993822703207 -0.1363508031713721  
1.708749999999969 0.9910285565790977 -0.1375897491371775  
1.709999999999969 0.9908561822721463 -0.1388284810869056  
1.711249999999969 0.9906822596175915 -0.1400669970848704  
1.712499999999969 0.9905067888859778 -0.1413052951957216  
1.713749999999969 0.9903297703502687 -0.1425433734844482  
1.714999999999969 0.9901512042858466 -0.1437812300163807  
1.716249999999969 0.9899710909705119 -0.1450188628571951  
1.717499999999969 0.989789430684483 -0.1462562700729149  
1.718749999999969 0.9896062237103955 -0.147493449729915  
1.719999999999969 0.989421470333302 -0.1487303998949242  
1.721249999999969 0.9892351708406715 -0.1499671186350283  
1.722499999999969 0.9890473255223891 -0.1512036040176735  
1.723749999999969 0.9888579346707554 -0.1524398541106686  
1.724999999999969 0.9886669985804863 -0.153675866982189  
1.726249999999969 0.9884745175487123 -0.1549116407007791  
1.727499999999969 0.9882804918749779 -0.1561471733353554  
1.728749999999969 0.9880849218612415 -0.1573824629552095  
1.729999999999969 0.9878878078118749 -0.1586175076300115  
1.731249999999969 0.9876891500336624 -0.1598523054298124  
1.732499999999969 0.987488948835801 -0.1610868544250476  
1.733749999999969 0.987287204529899 -0.1623211526865399  
1.734999999999969 0.9870839174299766 -0.163555198285502  
1.736249999999969 0.9868790878524645 -0.1647889892935401  
1.737499999999969 0.9866727161162039 -0.1660225237826568  
1.738749999999968 0.9864648025424458 -0.1672557998252537  
1.739999999999968 0.9862553474548508 -0.1684888154941349  
1.741249999999968 0.986044351179488 -0.1697215688625099  
1.742499999999968 0.9858318140448351 -0.1709540580039965  
1.743749999999968 0.9856177363817777 -0.1721862809926236  
1.744999999999968 0.9854021185236087 -0.1734182359028348  
1.746249999999968 0.9851849608060276 -0.1746499208094909  
1.747499999999968 0.9849662635671403 -0.1758813337878732  
1.748749999999968 0.9847460271474588 -0.1771124729136861  
1.749999999999968 0.9845242518898999 -0.1783433362630606  
1.751249999999968 0.9843009381397851 -0.1795739219125573  
1.752499999999968 0.9840760862448404 -0.1808042279391688  
1.753749999999968 0.9838496965551953 -0.1820342524203233  
1.754999999999968 0.9836217694233822 -0.1832639934338874  
1.756249999999968 0.9833923052043362 -0.1844934490581692  
1.757499999999968 0.9831613042553943 -0.1857226173719211  
1.758749999999968 0.9829287669362949 -0.1869514964543429  
1.759999999999968 0.9826946936091774 -0.188180084385085  
1.761249999999968 0.9824590846385813 -0.189408379244251  
1.762499999999968 0.9822219403914461 -0.1906363791124011  
1.763749999999968 0.9819832612371101 -0.1918640820705548  
1.764999999999968 0.9817430475473105 -0.1930914862001942  
1.766249999999968 0.9815012996961823 -0.1943185895832665  
1.767499999999968 0.981258018060258 -0.1955453903021877  
1.768749999999968 0.981013203018467 -0.1967718864398449  
1.769999999999968 0.9807668549521347 -0.1979980760795998  
1.771249999999968 0.9805189742449825 -0.1992239573052915  
1.772499999999968 0.9802695612831266 -0.2004495282012395  
1.773749999999968 0.9800186164550777 -0.2016747868522464  
1.774999999999968 0.9797661401517404 -0.2028997313436016  
1.776249999999968 0.9795121327664124 -0.2041243597610838  
1.777499999999968 0.9792565946947841 -0.2053486701909637  
1.778749999999968 0.9789995263349381 -0.2065726607200079  
1.779999999999968 0.9787409280873481 -0.207796329435481  
1.781249999999968 0.9784808003548787 -0.209019674425149  
1.782499999999968 0.9782191435427846 -0.2102426937772823  
1.783749999999968 0.9779559580587101 -0.2114653855806585  
1.784999999999968 0.9776912443126881 -0.2126877479245657  
1.786249999999967 0.9774250027171401 -0.213909778898805  
1.787499999999967 0.9771572336868749 -0.215131476593694  
1.788749999999967 0.9768879376390884 -0.2163528391000696  
1.789999999999967 0.9766171149933627 -0.2175738645092906  
1.791249999999967 0.9763447661716655 -0.2187945509132415  
1.792499999999967 0.9760708915983497 -0.2200148964043346  
1.793749999999967 0.9757954917001522 -0.2212348990755137  
1.794999999999967 0.9755185669061939 -0.2224545570202564  
1.796249999999967 0.9752401176479784 -0.2236738683325778  
1.797499999999967 0.9749601443593917 -0.224892831107033  
1.798749999999967 0.9746786474767015 -0.2261114434387201  
1.799999999999967 0.9743956274385565 -0.2273297034232834  
1.801249999999967 0.9741110846859854 -0.2285476091569162  
1.802499999999967 0.9738250196623968 -0.2297651587363638  
1.803749999999967 0.973537432813578 -0.2309823502589267  
1.804999999999967 0.9732483245876946 -0.2321991818224631  
1.806249999999967 0.9729576954352898 -0.2334156515253923  
1.807499999999967 0.9726655458092832 -0.2346317574666975  
1.808749999999967 0.972371876164971 -0.2358474977459289  
1.809999999999967 0.9720766869600245 -0.2370628704632063  
1.811249999999967 0.9717799786544896 -0.2382778737192225  
1.812499999999967 0.9714817517107864 -0.2394925056152462  
1.813749999999967 0.9711820065937081 -0.2407067642531247  
1.814999999999967 0.9708807437704204 -0.241920647735287  
1.816249999999967 0.9705779637104608 -0.243134154164747  
1.817499999999967 0.9702736668857378 -0.2443472816451061  
1.818749999999967 0.9699678537705303 -0.2455600282805564  
1.819999999999967 0.9696605248414867 -0.2467723921758835  
1.821249999999967 0.9693516805776243 -0.2479843714364697  
1.822499999999967 0.9690413214603285 -0.2491959641682966  
1.823749999999967 0.9687294479733519 -0.2504071684779485  
1.824999999999967 0.9684160606028138 -0.251617982472615  
1.826249999999967 0.9681011598371994 -0.2528284042600941  
1.827499999999967 0.9677847461673587 -0.2540384319487952  
1.828749999999967 0.9674668200865062 -0.2552480636477419  
1.829999999999967 0.9671473820902199 -0.2564572974665752  
1.831249999999967 0.9668264326764405 -0.2576661315155562  
1.832499999999966 0.9665039723454708 -0.2588745639055691  
1.833749999999966 0.9661800015999746 -0.2600825927481245  
1.834999999999966 0.9658545209449764 -0.2612902161553616  
1.836249999999966 0.9655275308878599 -0.2624974322400522  
1.837499999999966 0.9651990319383681 -0.2637042391156025  
1.838749999999966 0.9648690246086017 -0.2649106348960571  
1.839999999999966 0.9645375094130189 -0.2661166176961011  
1.841249999999966 0.9642044868684341 -0.2673221856310635  
1.842499999999966 0.9638699574940176 -0.2685273368169203  
1.843749999999966 0.9635339218112943 -0.2697320693702969  
1.844999999999966 0.9631963803441432 -0.2709363814084714  
1.846249999999966 0.9628573336187966 -0.2721402710493775  
1.847499999999966 0.9625167821638388 -0.2733437364116076  
1.848749999999966 0.9621747265102063 -0.2745467756144154  
1.849999999999966 0.9618311671911858 -0.275749386777719  
1.851249999999966 0.9614861047424139 -0.2769515680221037  
1.852499999999966 0.9611395397018766 -0.2781533174688255  
1.853749999999966 0.9607914726099078 -0.2793546332398132  
1.854999999999966 0.9604419040091891 -0.280555513457672  
1.856249999999966 0.9600908344447482 -0.2817559562456861  
1.857499999999966 0.9597382644639588 -0.2829559597278216  
1.858749999999966 0.9593841946165395 -0.2841555220287297  
1.859999999999966 0.9590286254545525 -0.2853546412737496  
1.861249999999966 0.9586715575324035 -0.2865533155889111  
1.862499999999966 0.9583129914068402 -0.2877515431009376  
1.863749999999966 0.9579529276369518 -0.2889493219372496  
1.864999999999966 0.9575913667841679 -0.290146650225967  
1.866249999999966 0.9572283094122578 -0.291343526095912  
1.867499999999966 0.9568637560873295 -0.2925399476766124  
1.868749999999966 0.956497707377829 -0.2937359130983045  
1.869999999999966 0.9561301638545392 -0.2949314204919357  
1.871249999999966 0.9557611260905791 -0.2961264679891678  
1.872499999999966 0.9553905946614027 -0.2973210537223794  
1.873749999999966 0.9550185701447987 -0.2985151758246696  
1.874999999999966 0.954645053120889 -0.29970883242986  
1.876249999999966 0.9542700441721278 -0.3009020216724985  
1.877499999999966 0.9538935438833012 -0.3020947416878614  
1.878749999999966 0.9535155528415258 -0.3032869906119571  
1.879999999999965 0.953136071636248 -0.3044787665815283  
1.881249999999965 0.9527551008592431 -0.3056700677340554  
1.882499999999965 0.9523726411046143 -0.3068608922077593  
1.883749999999965 0.9519886929687916 -0.308051238141604  
1.884999999999965 0.9516032570505314 -0.3092411036753001  
1.886249999999965 0.951216333950915 -0.3104304869493071  
1.887499999999965 0.9508279242733479 -0.3116193861048368  
1.888749999999965 0.950438028623559 -0.3128077992838558  
1.889999999999965 0.9500466476095992 -0.3139957246290886  
1.891249999999965 0.9496537818418411 -0.3151831602840207  
1.892499999999965 0.9492594319329776 -0.316370104392901  
1.893749999999965 0.9488635984980208 -0.3175565551007452  
1.894999999999965 0.9484662821543017 -0.3187425105533384  
1.896249999999965 0.9480674835214686 -0.3199279688972381  
1.897499999999965 0.9476672032214863 -0.3211129282797771  
1.898749999999965 0.9472654418786354 -0.3222973868490663  
1.899999999999965 0.9468622001195108 -0.3234813427539979  
1.901249999999965 0.9464574785730214 -0.3246647941442478  
1.902499999999965 0.9460512778703886 -0.3258477391702788  
1.903749999999965 0.9456435986451452 -0.3270301759833437  
1.904999999999965 0.9452344415331353 -0.3282121027354876  
1.906249999999965 0.9448238071725122 -0.3293935175795514  
1.907499999999965 0.9444116962037381 -0.3305744186691743  
1.908749999999965 0.9439981092695828 -0.3317548041587967  
1.909999999999965 0.9435830470151229 -0.3329346722036632  
1.911249999999965 0.9431665100877406 -0.3341140209598258  
1.912499999999965 0.9427484991371228 -0.3352928485841461  
1.913749999999965 0.9423290148152601 -0.3364711532342985  
1.914999999999965 0.9419080577764458 -0.3376489330687734  
1.916249999999965 0.9414856286772748 -0.3388261862468795  
1.917499999999965 0.9410617281766425 -0.3400029109287471  
1.918749999999965 0.940636356935744 -0.3411791052753308  
1.919999999999965 0.9402095156180729 -0.3423547674484125  
1.921249999999965 0.9397812048894203 -0.343529895610604  
1.922499999999965 0.9393514254178739 -0.3447044879253504  
1.923749999999965 0.9389201778738167 -0.3458785425569321  
1.924999999999965 0.938487462929926 -0.3470520576704687  
1.926249999999964 0.9380532812611727 -0.3482250314319211  
1.927499999999964 0.9376176335448199 -0.3493974620080946  
1.928749999999964 0.9371805204604217 -0.350569347566642  
1.929999999999964 0.9367419426898226 -0.3517406862760662  
1.931249999999964 0.9363019009171561 -0.3529114763057229  
1.932499999999964 0.9358603958288439 -0.3540817158258239  
1.933749999999964 0.9354174281135945 -0.3552514030074397  
1.934999999999964 0.9349729984624023 -0.3564205360225025  
1.936249999999964 0.9345271075685467 -0.3575891130438086  
1.937499999999964 0.9340797561275905 -0.358757132245022  
1.938749999999964 0.9336309448373795 -0.3599245918006767  
1.939999999999964 0.9331806743980409 -0.3610914898861798  
1.941249999999964 0.9327289455119822 -0.3622578246778141  
1.942499999999964 0.9322757588838906 -0.3634235943527413  
1.943749999999964 0.9318211152207313 -0.3645887970890046  
1.944999999999964 0.9313650152317469 -0.3657534310655317  
1.946249999999964 0.9309074596284559 -0.3669174944621373  
1.947499999999964 0.9304484491246519 -0.3680809854595266  
1.948749999999964 0.929987984436402 -0.3692439022392975  
1.949999999999964 0.9295260662820464 -0.3704062429839437  
1.951249999999964 0.9290626953821968 -0.3715680058768576  
1.952499999999964 0.9285978724597354 -0.372729189102333  
1.953749999999964 0.9281315982398135 -0.3738897908455682  
1.954999999999964 0.927663873449851 -0.3750498092926684  
1.956249999999964 0.9271946988195346 -0.376209242630649  
1.957499999999964 0.9267240750808171 -0.377368089047438  
1.958749999999964 0.926252002967916 -0.3785263467318792  
1.959999999999964 0.9257784832173125 -0.379684013873735  
1.961249999999964 0.9253035165677503 -0.3808410886636887  
1.962499999999964 0.9248271037602346 -0.3819975692933481  
1.963749999999964 0.9243492455380304 -0.3831534539552479  
1.964999999999964 0.9238699426466623 -0.3843087408428525  
1.966249999999964 0.9233891958339124 -0.385463428150559  
1.967499999999964 0.9229070058498197 -0.3866175140736997  
1.968749999999964 0.9224233734466784 -0.3877709968085455  
1.969999999999964 0.9219382993790374 -0.3889238745523083  
1.971249999999964 0.9214517844036988 -0.3900761455031436  
1.972499999999964 0.9209638292797165 -0.3912278078601539  
1.973749999999963 0.9204744347683955 -0.3923788598233911  
1.974999999999963 0.9199836016332902 -0.3935292995938595  
1.976249999999963 0.9194913306402035 -0.3946791253735184  
1.977499999999963 0.9189976225571855 -0.3958283353652853  
1.978749999999963 0.9185024781545326 -0.3969769277730383  
1.979999999999963 0.9180058982047857 -0.3981249008016191  
1.981249999999963 0.9175078834827297 -0.3992722526568357  
1.982499999999963 0.9170084347653917 -0.4004189815454654  
1.983749999999963 0.9165075528320401 -0.4015650856752574  
1.984999999999963 0.9160052384641832 -0.4027105632549359  
1.986249999999963 0.9155014924455683 -0.4038554124942024  
1.987499999999963 0.9149963155621801 -0.4049996316037388  
1.988749999999963 0.9144897086022397 -0.4061432187952104  
1.989999999999963 0.9139816723562032 -0.4072861722812684  
1.991249999999963 0.9134722076167608 -0.4084284902755526  
1.992499999999963 0.9129613151788353 -0.4095701709926945  
1.993749999999963 0.9124489958395806 -0.4107112126483201  
1.994999999999963 0.9119352503983812 -0.4118516134590521  
1.996249999999963 0.9114200796568502 -0.4129913716425135  
1.997499999999963 0.9109034844188285 -0.4141304854173301  
1.998749999999963 0.9103854654903832 -0.4152689530031327  
1.999999999999963 0.9098660236798068 -0.4164067726205609  
