0 0 1  
0.005 0.004999979166666666 0.9999875000260416  
0.015 0.01499943750546874 0.9998875021093649  
0.035 0.03499285457681504 0.9993875625240004  
0.07500000000000001 0.07492970639268451 0.9971888181493641  
0.155 0.1543800712183939 0.9880115332903998  
0.3150000000000001 0.3098155846983476 0.9507965436995605  
0.4750000000000001 0.4573367751298724 0.8892933182452445  
0.5150000000000001 0.5931759559022106 0.8050725537948851  
0.5950000000000001 0.6556159099759553 0.7550942368226268  
0.6350000000000001 0.7675421711047339 0.6409980836513217  
0.7150000000000001 0.8163124942848049 0.5776101069972558  
0.7550000000000001 0.8979097708836745 0.4401790171679906  
0.8350000000000001 0.9302147514801633 0.3670150355149971  
0.8750000000000001 0.9768055584768226 0.2141271138054437  
0.9550000000000001 0.9907933446952407 0.1353811818810514  
1.115 0.9997068140275449 -0.02419855399947943  
