0 0 1  
0.0025 0.0025 0.9999984374999999  
0.005 0.0049999921875 0.9999906250024414  
0.0075 0.00749996093751831 0.999976562536621  
0.01 0.009999890625170899 0.9999562501708983  
0.0125 0.01249976562576904 0.9999296880126944  
0.015 0.01499957031491699 0.9998968762084925  
0.0175 0.0174992890686096 0.9998578149438362  
0.02 0.01999890626333002 0.9998125044433288  
0.0225 0.02249840627614731 0.9997609449706323  
0.025 0.02499777348481408 0.9997031368284653  
0.0275 0.02749699226786418 0.9996390803586021  
0.03 0.02999604700471026 0.9995687759418693  
0.03249999999999999 0.03249492207574149 0.9994922239981452  
0.035 0.03499360186242111 0.9994094249863559  
0.0375 0.03749207074738409 0.9993203794044733  
0.04 0.03999031311453474 0.999225087789512  
0.0425 0.04248831334914428 0.999123550717526  
0.04500000000000001 0.04498605583794849 0.9990157688036052  
0.04750000000000001 0.04748352496924525 0.9989017427018716  
0.05000000000000001 0.04998070513299217 0.9987814731054755  
0.05250000000000001 0.05247758072090408 0.9986549607465913  
0.05500000000000001 0.05497413612655069 0.9985222063964129  
0.05750000000000002 0.05747035574545402 0.998383210865149  
0.06000000000000002 0.05996622397518604 0.9982379750020184  
0.06250000000000001 0.06246172521546613 0.9980864996952444  
0.06500000000000002 0.06495684386825859 0.99792878587205  
0.06750000000000002 0.06745156433787017 0.9977648344986515  
0.07000000000000002 0.06994587103104752 0.9975946465802529  
0.07250000000000002 0.07243974835707466 0.99741822316104  
0.07500000000000002 0.07493318072787045 0.9972355653241737  
0.07750000000000003 0.07742615255808599 0.9970466741917832  
0.08000000000000003 0.07991864826520208 0.9968515509249595  
0.08250000000000003 0.08241065226962656 0.9966501967237481  
0.08500000000000003 0.08490214899479176 0.9964426128271416  
0.08750000000000004 0.08739312286725182 0.9962288005130722  
0.09000000000000004 0.08988355831678002 0.9960087610984032  
0.09250000000000004 0.09237343977646616 0.995782495938922  
0.09500000000000004 0.09486275168281381 0.9955500064293309  
0.09750000000000004 0.09735147847583764 0.9953112940032388  
0.1 0.09983960459916062 0.9950663601331523  
0.1025 0.1023271145001113 0.9948152063304667  
0.1050000000000001 0.1048139926298211 0.9945578341454565  
0.1075000000000001 0.1073002234433212 0.9942942451672661  
0.1100000000000001 0.1097857913996403 0.9940244410238996  
0.1125000000000001 0.1122706809619009 0.9937484233822115  
0.1150000000000001 0.1147548765974175 0.9934661939478951  
0.1175000000000001 0.1172383627777925 0.9931777544654735  
0.1200000000000001 0.1197211239790144 0.9928831067182877  
0.1225000000000001 0.1222031446815539 0.992582252528486  
0.1250000000000001 0.1246844093704615 0.9922751937570126  
0.1275000000000001 0.1271649025354644 0.9919619323035962  
0.1300000000000001 0.1296446086710632 0.9916424701067383  
0.1325000000000001 0.132123512276629 0.9913168091437011  
0.1350000000000001 0.1346015978565003 0.9909849514304953  
0.1375000000000001 0.1370788499200799 0.9906468990218674  
0.1400000000000001 0.1395552529819316 0.9903026540112875  
0.1425000000000001 0.142030791561877 0.9899522185309357  
0.1450000000000001 0.1445054501850925 0.9895955947516896  
0.1475000000000001 0.1469792133822058 0.9892327848831101  
0.1500000000000001 0.1494520656893927 0.9888637911734282  
0.1525000000000001 0.1519239916484736 0.988488615909531  
0.1550000000000001 0.1543949758070105 0.9881072614169474  
0.1575000000000001 0.1568650027184032 0.9877197300598339  
0.1600000000000001 0.159334056941986 0.9873260242409597  
0.1625000000000001 0.1618021230431245 0.9869261464016919  
0.1650000000000001 0.1642691855933114 0.9865200990219802  
0.1675000000000001 0.1667352291702639 0.9861078846203423  
0.1700000000000001 0.1692002383580192 0.9856895057538468  
0.1725000000000001 0.1716641977470313 0.985264965018099  
0.1750000000000001 0.1741270919342676 0.9848342650472236  
0.1775000000000001 0.1765889055233045 0.9843974085138488  
0.1800000000000001 0.1790496231244243 0.9839543981290898  
0.1825000000000001 0.1815092293547109 0.9835052366425316  
0.1850000000000001 0.1839677088381463 0.9830499268422126  
0.1875000000000001 0.1864250462057068 0.9825884715546065  
0.1900000000000001 0.1888812260954587 0.9821208736446054  
0.1925000000000001 0.1913362331526544 0.9816471360155017  
0.1950000000000001 0.1937900520298288 0.9811672616089701  
0.1975000000000001 0.1962426673868949 0.9806812534050492  
0.2000000000000001 0.1986940638912398 0.9801891144221235  
0.2025000000000001 0.2011442262178203 0.9796908477169042  
0.2050000000000001 0.2035931390492591 0.97918645638441  
0.2075000000000001 0.2060407870759403 0.9786759435579488  
0.2100000000000001 0.2084871549961054 0.9781593124090971  
0.2125000000000001 0.2109322275159485 0.9776365661476812  
0.2150000000000001 0.2133759893497122 0.9771077080217567  
0.2175000000000001 0.2158184252197832 0.9765727413175886  
0.2200000000000001 0.2182595198567878 0.9760316693596309  
0.2225000000000001 0.2206992579996871 0.9754844955105055  
0.2250000000000001 0.2231376243958727 0.9749312231709821  
0.2275000000000001 0.225574603801262 0.9743718557799562  
0.2300000000000001 0.2280101809803935 0.9738063968144284  
0.2325000000000002 0.2304443407065218 0.9732348497894824  
0.2350000000000002 0.2328770677617131 0.9726572182582632  
0.2375000000000002 0.2353083469369404 0.9720735058119554  
0.2400000000000002 0.2377381630321782 0.9714837160797603  
0.2425000000000002 0.2401665008564979 0.9708878527288735  
0.2450000000000002 0.2425933452281625 0.9702859194644623  
0.2475000000000002 0.2450186809747217 0.9696779200296427  
0.2500000000000002 0.2474424929331068 0.9690638582054558  
0.2525000000000002 0.2498647659497252 0.9684437378108446  
0.2550000000000002 0.2522854848805555 0.96781756270263  
0.2575000000000002 0.254704634591242 0.9671853367754869  
0.2600000000000002 0.2571221999571892 0.9665470639619201  
0.2625000000000002 0.2595381658636565 0.9659027482322398  
0.2650000000000002 0.2619525172058529 0.9652523935945365  
0.2675000000000002 0.2643652388890311 0.9645960040946568  
0.2700000000000002 0.266776315828582 0.9639335838161779  
0.2725000000000002 0.269185732950129 0.9632651368803817  
0.2750000000000002 0.2715934751896222 0.96259066744623  
0.2775000000000002 0.2739995274934328 0.9619101797103381  
0.2800000000000002 0.2764038748184469 0.9612236779069487  
0.2825000000000002 0.2788065021321599 0.9605311663079059  
0.2850000000000002 0.2812073944127701 0.9598326492226281  
0.2875000000000002 0.2836065366492729 0.9591281309980818  
0.2900000000000002 0.2860039138415545 0.958417616018754  
0.2925000000000002 0.2883995110004861 0.9577011087066251  
0.2950000000000002 0.2907933131480167 0.9569786135211414  
0.2975000000000002 0.2931853053172677 0.9562501349591878  
0.3000000000000002 0.2955754725526261 0.9555156775550587  
0.3025000000000002 0.2979637999098379 0.9547752458804309  
0.3050000000000002 0.3003502724561016 0.9540288445443347  
0.3075000000000002 0.3027348752701617 0.9532764781931248  
0.3100000000000002 0.305117593442402 0.9525181515104522  
0.3125000000000002 0.3074984120749383 0.9517538692172344  
0.3150000000000002 0.3098773162817126 0.9509836360716264  
0.3175000000000002 0.3122542911885849 0.9502074568689908  
0.3200000000000002 0.3146293219334275 0.949425336441868  
0.3225000000000002 0.3170023936662166 0.9486372796599463  
0.3250000000000002 0.3193734915491264 0.9478432914300312  
0.3275000000000002 0.321742600756621 0.9470433766960156  
0.3300000000000002 0.3241097064755473 0.9462375404388479  
0.3325000000000002 0.3264747939052281 0.9454257876765021  
0.3350000000000002 0.3288378482575539 0.9446081234639457  
0.3375000000000002 0.3311988547570758 0.9437845528931089  
0.3400000000000002 0.333557798641098 0.9429550810928523  
0.3425000000000002 0.3359146651597698 0.9421197132289354  
0.3450000000000003 0.3382694395761778 0.9412784545039841  
0.3475000000000003 0.3406221071664384 0.9404313101574585  
0.3500000000000003 0.3429726532197896 0.9395782854656203  
0.3525000000000003 0.345321063038683 0.9387193857414997  
0.3550000000000003 0.3476673219388758 0.9378546163348628  
0.3575000000000003 0.3500114152495224 0.9369839826321775  
0.3600000000000003 0.3523533283132665 0.9361074900565809  
0.3625000000000003 0.3546930464863324 0.9352251440678445  
0.3650000000000003 0.3570305551386169 0.9343369501623411  
0.3675000000000003 0.3593658396537804 0.9334429138730099  
0.3700000000000003 0.3616988854293384 0.9325430407693226  
0.3725000000000003 0.3640296778767532 0.931637336457248  
0.3750000000000003 0.3663582024215247 0.9307258065792179  
0.3775000000000003 0.3686844445032814 0.9298084568140913  
0.3800000000000003 0.3710083895758721 0.9288852928771193  
0.3825000000000003 0.3733300231074562 0.9279563205199095  
0.3850000000000003 0.3756493305805949 0.9270215455303901  
0.3875000000000003 0.3779662974923418 0.9260809737327736  
0.3900000000000003 0.380280909354334 0.9251346109875214  
0.3925000000000003 0.3825931516928819 0.9241824631913058  
0.3950000000000003 0.3849030100490606 0.9232245362769749  
0.3975000000000003 0.3872104699787999 0.9222608362135143  
0.4000000000000003 0.3895155170529743 0.9212913690060107  
0.4025000000000003 0.3918181368574939 0.9203161406956142  
0.4050000000000003 0.3941183149933942 0.9193351573595007  
0.4075000000000003 0.3964160370769257 0.9183484251108338  
0.4100000000000003 0.3987112887396449 0.9173559500987273  
0.4125000000000003 0.4010040556285031 0.9163577385082061  
0.4150000000000003 0.4032943234059366 0.9153537965601685  
0.4175000000000003 0.4055820777499567 0.9143441305113464  
0.4200000000000003 0.4078673043542386 0.9133287466542677  
0.4225000000000003 0.4101499889282113 0.9123076513172155  
0.4250000000000003 0.4124301171971466 0.9112808508641898  
0.4275000000000003 0.4147076749022489 0.9102483516948674  
0.4300000000000003 0.4169826478007441 0.9092101602445622  
0.4325000000000003 0.4192550216659683 0.908166282984185  
0.4350000000000003 0.4215247822874574 0.9071167264202029  
0.4375000000000003 0.4237919154710356 0.9060614970945993  
0.4400000000000003 0.4260564070389041 0.9050006015848324  
0.4425000000000003 0.4283182428297302 0.9039340465037952  
0.4450000000000003 0.4305774086987352 0.9028618384997732  
0.4475000000000003 0.4328338905177836 0.9017839842564037  
0.4500000000000003 0.4350876741754707 0.9007004904926339  
0.4525000000000003 0.4373387455772114 0.8996113639626788  
0.4550000000000003 0.4395870906453281 0.8985166114559796  
0.4575000000000004 0.4418326953191389 0.8974162397971609  
0.4600000000000004 0.4440755455550454 0.8963102558459883  
0.4625000000000004 0.4463156273266204 0.8951986664973259  
0.4650000000000004 0.448552926624696 0.894081478681093  
0.4675000000000004 0.4507874294574509 0.8929586993622208  
0.4700000000000004 0.4530191218504979 0.8918303355406094  
0.4725000000000004 0.4552479898469716 0.8906963942510839  
0.4750000000000004 0.4574740195076151 0.8895568825633505  
0.4775000000000004 0.459697196910868 0.8884118075819525  
0.4800000000000004 0.4619175081529527 0.8872611764462259  
0.4825000000000004 0.4641349393479618 0.8861049963302553  
0.4850000000000004 0.4663494766279447 0.8849432744428286  
0.4875000000000004 0.4685611061429945 0.8837760180273925  
0.4900000000000004 0.4707698140613347 0.8826032343620068  
0.4925000000000004 0.4729755865694052 0.8814249307592998  
0.4950000000000004 0.4751784098719494 0.8802411145664221  
0.4975000000000004 0.4773782701921001 0.8790517931650007  
0.5000000000000003 0.4795751537714654 0.8778569739710936  
0.5025000000000003 0.4817690468702153 0.8766566644351431  
0.5050000000000002 0.4839599357671674 0.8754508720419294  
0.5075000000000002 0.4861478067598726 0.8742396043105239  
0.5100000000000001 0.4883326461647008 0.8730228687942425  
0.5125000000000001 0.4905144403169268 0.8718006730805983  
0.515 0.4926931755708153 0.8705730247912543  
0.5175 0.4948688382997066 0.8693399315819761  
0.5199999999999999 0.4970414148961017 0.8681014011425837  
0.5224999999999999 0.4992108917717474 0.8668574411969042  
0.5249999999999998 0.5013772553577213 0.865608059502723  
0.5274999999999997 0.5035404921045166 0.8643532638517357  
0.5299999999999997 0.505700588482127 0.8630930620694997  
0.5324999999999996 0.5078575309801312 0.8618274620153848  
0.5349999999999996 0.5100113061077775 0.8605564715825251  
0.5374999999999995 0.5121619003940679 0.8592800986977689  
0.5399999999999995 0.5143093003878429 0.8579983513216295  
0.5424999999999994 0.5164534926578652 0.856711237448236  
0.5449999999999994 0.5185944637929035 0.8554187651052828  
0.5474999999999993 0.520732200401817 0.8541209423539801  
0.5499999999999993 0.5228666891136389 0.8528177772890031  
0.5524999999999992 0.5249979165776596 0.851509278038442  
0.5549999999999992 0.527125869463511 0.850195452763751  
0.5574999999999991 0.5292505344612494 0.8488763096596973  
0.5599999999999991 0.5313718982814385 0.8475518569543103  
0.562499999999999 0.5334899476552332 0.8462221029088303  
0.5649999999999989 0.535604669334462 0.8448870558176564  
0.5674999999999989 0.5377160500917103 0.8435467240082956  
0.5699999999999988 0.5398240767204028 0.84220111584131  
0.5724999999999988 0.5419287360348862 0.8408502397102655  
0.5749999999999987 0.5440300148705118 0.8394941040416788  
0.5774999999999987 0.5461279000837178 0.838132717294965  
0.5799999999999986 0.5482223785521113 0.8367660879623849  
0.5824999999999986 0.5503134371745508 0.8353942245689923  
0.5849999999999985 0.5524010628712277 0.83401713567258  
0.5874999999999985 0.5544852425837484 0.8326348298636274  
0.5899999999999984 0.556565963275216 0.8312473157652464  
0.5924999999999984 0.5586432119303115 0.8298546020331274  
0.5949999999999983 0.5607169755553757 0.828456697355486  
0.5974999999999983 0.5627872411784901 0.827053610453008  
0.5999999999999982 0.5648539958495583 0.8256453500787954  
0.6024999999999981 0.5669172266403868 0.824231925018312  
0.6049999999999981 0.5689769206447659 0.8228133440893282  
0.607499999999998 0.5710330649785507 0.8213896161418661  
0.609999999999998 0.5730856467797413 0.8199607500581445  
0.6124999999999979 0.5751346532085635 0.8185267547525232  
0.6149999999999979 0.5771800714475491 0.8170876391714476  
0.6174999999999978 0.5792218887016161 0.8156434122933924  
0.6199999999999978 0.5812600921981484 0.8141940831288067  
0.6224999999999977 0.5832946691870764 0.8127396607200564  
0.6249999999999977 0.5853256069409559 0.8112801541413689  
0.6274999999999976 0.5873528927550485 0.8098155724987757  
0.6299999999999976 0.5893765139474005 0.808345924930056  
0.6324999999999975 0.5913964578589226 0.8068712206046798  
0.6349999999999975 0.5934127118534689 0.8053914687237502  
0.6374999999999974 0.595425263317916 0.8039066785199467  
0.6399999999999973 0.5974340996622419 0.8024168592574668  
0.6424999999999973 0.5994392083196048 0.8009220202319686  
0.6449999999999972 0.6014405767464218 0.7994221707705129  
0.6474999999999972 0.6034381924224469 0.7979173202315051  
0.6499999999999971 0.6054320428508499 0.7964074780046361  
0.6524999999999971 0.6074221155582946 0.7948926535108246  
0.654999999999997 0.6094083980950161 0.7933728562021578  
0.657499999999997 0.6113908780348994 0.7918480955618324  
0.6599999999999969 0.6133695429755571 0.7903183811040959  
0.6624999999999969 0.6153443805384065 0.7887837223741866  
0.6649999999999968 0.6173153783687473 0.7872441289482743  
0.6674999999999968 0.6192825241358393 0.785699610433401  
0.6699999999999967 0.6212458055329788 0.78415017646742  
0.6724999999999967 0.6232052102775762 0.7825958367189368  
0.6749999999999966 0.6251607261112325 0.781036600887248  
0.6774999999999965 0.6271123407998161 0.7794724787022811  
0.6799999999999965 0.6290600421335394 0.7779034799245336  
0.6824999999999964 0.6310038179270349 0.7763296143450124  
0.6849999999999964 0.6329436560194319 0.7747508917851723  
0.6874999999999963 0.6348795442744323 0.7731673220968553  
0.6899999999999963 0.6368114705803865 0.7715789151622285  
0.6924999999999962 0.6387394228503692 0.7699856808937227  
0.6949999999999962 0.6406633890222553 0.7683876292339703  
0.6974999999999961 0.6425833570587949 0.766784770155744  
0.6999999999999961 0.6444993149476889 0.7651771136618937  
0.702499999999996 0.6464112507016639 0.7635646697852844  
0.704999999999996 0.648319152358548 0.7619474485887336  
0.7074999999999959 0.6502230079813442 0.7603254601649488  
0.7099999999999959 0.6521228056583066 0.758698714636464  
0.7124999999999958 0.654018533503014 0.7570672221555766  
0.7149999999999958 0.6559101796544443 0.7554309929042845  
0.7174999999999957 0.6577977322770493 0.753790037094222  
0.7199999999999956 0.6596811795608282 0.7521443649665964  
0.7224999999999956 0.6615605097214016 0.7504939867921241  
0.7249999999999955 0.6634357110000855 0.7488389128709663  
0.7274999999999955 0.6653067716639645 0.7471791535326647  
0.7299999999999954 0.6671736800059654 0.7455147191360775  
0.7324999999999954 0.6690364243449306 0.7438456200693139  
0.7349999999999953 0.6708949930256909 0.7421718667496702  
0.7374999999999953 0.6727493744191385 0.7404934696235641  
0.7399999999999952 0.6745995569222999 0.7388104391664699  
0.7424999999999952 0.6764455289584084 0.737122785882853  
0.7449999999999951 0.6782872789769765 0.735430520306104  
0.7474999999999951 0.6801247954538684 0.7337336529984736  
0.749999999999995 0.6819580668913717 0.7320321945510061  
0.752499999999995 0.6837870818182697 0.7303261555834737  
0.7549999999999949 0.6856118287899131 0.7286155467443099  
0.7574999999999948 0.6874322963882914 0.7269003787105434  
0.7599999999999948 0.6892484732221047 0.7251806621877309  
0.7624999999999947 0.6910603479268346 0.723456407909891  
0.7649999999999947 0.6928679091648157 0.7217276266394366  
0.7674999999999946 0.6946711456253062 0.7199943291671079  
0.7699999999999946 0.6964700460245589 0.7182565263119053  
0.7724999999999945 0.6982645991058917 0.7165142289210216  
0.7749999999999945 0.7000547936397581 0.7147674478697742  
0.7774999999999944 0.7018406184238175 0.7130161940615375  
0.7799999999999944 0.7036220622830051 0.7112604784276747  
0.7824999999999943 0.7053991140696019 0.7095003119274697  
0.7849999999999943 0.7071717626633048 0.7077357055480583  
0.7874999999999942 0.7089399969712958 0.7059666703043601  
0.7899999999999942 0.7107038059283115 0.7041932172390095  
0.7924999999999941 0.7124631784967123 0.7024153574222868  
0.794999999999994 0.7142181036665516 0.700633101952049  
0.797499999999994 0.7159685704556448 0.6988464619536608  
0.7999999999999939 0.7177145679096376 0.697055448579925  
0.8024999999999939 0.719456085102075 0.6952600730110124  
0.8049999999999938 0.7211931111344696 0.6934603464543931  
0.8074999999999938 0.7229256351363694 0.6916562801447657  
0.8099999999999937 0.7246536462654264 0.689847885343987  
0.8124999999999937 0.726377133707464 0.6880351733410026  
0.8149999999999936 0.7280960866765451 0.6862181554517756  
0.8174999999999936 0.7298104944150391 0.6843968430192163  
0.8199999999999935 0.7315203461936897 0.6825712474131115  
0.8224999999999935 0.7332256313116815 0.6807413800300531  
0.8249999999999934 0.7349263390967077 0.6789072522933677  
0.8274999999999934 0.7366224589050363 0.6770688756530442  
0.8299999999999933 0.7383139801215769 0.6752262615856633  
0.8324999999999932 0.7400008921599471 0.6733794215943256  
0.8349999999999932 0.7416831844625389 0.6715283672085796  
0.8374999999999931 0.7433608465005846 0.6696731099843495  
0.8399999999999931 0.7450338677742229 0.6678136615038637  
0.842499999999993 0.7467022378125642 0.665950033375582  
0.844999999999993 0.7483659461737565 0.6640822372341234  
0.8474999999999929 0.7500249824450509 0.6622102847401934  
0.8499999999999929 0.7516793362428663 0.6603341875805109  
0.8524999999999928 0.7533289972128547 0.6584539574677356  
0.8549999999999928 0.7549739550299659 0.6565696061403949  
0.8574999999999927 0.7566141993985122 0.6546811453628104  
0.8599999999999927 0.7582497200522326 0.6527885869250245  
0.8624999999999926 0.7598805067543576 0.6508919426427269  
0.8649999999999926 0.7615065492976726 0.6489912243571806  
0.8674999999999925 0.7631278375045822 0.6470864439351484  
0.8699999999999924 0.764744361227174 0.6451776132688183  
0.8724999999999924 0.7663561103472817 0.6432647442757297  
0.8749999999999923 0.7679630747765486 0.6413478488986986  
0.8774999999999923 0.769565244456491 0.6394269391057433  
0.8799999999999922 0.7711626093585608 0.6375020268900098  
0.8824999999999922 0.7727551594842087 0.6355731242696964  
0.8849999999999921 0.7743428848649463 0.6336402432879792  
0.8874999999999921 0.7759257755624086 0.6317033960129367  
0.889999999999992 0.7775038216684166 0.6297625945374744  
0.892499999999992 0.7790770133050389 0.6278178509792494  
0.8949999999999919 0.7806453406246537 0.6258691774805946  
0.8974999999999919 0.7822087938100105 0.6239165862084431  
0.8999999999999918 0.7837673630742913 0.6219600893542522  
0.9024999999999918 0.7853210386611721 0.6199996991339268  
0.9049999999999917 0.7868698108448839 0.618035427787744  
0.9074999999999916 0.7884136699302738 0.6160672875802758  
0.9099999999999916 0.7899526062528652 0.6140952908003133  
0.9124999999999915 0.7914866101789187 0.6121194497607892  
0.9149999999999915 0.7930156721054923 0.6101397767987017  
0.9174999999999914 0.7945397824605014 0.6081562842750367  
0.9199999999999914 0.7960589317027789 0.6061689845746913  
0.9224999999999913 0.7975731103221348 0.6041778901063959  
0.9249999999999913 0.799082308839416 0.6021830133026372  
0.9274999999999912 0.800586517806565 0.6001843666195804  
0.9299999999999912 0.8020857278066799 0.5981819625369912  
0.9324999999999911 0.8035799294540726 0.5961758135581581  
0.9349999999999911 0.8050691133943283 0.5941659322098142  
0.937499999999991 0.8065532703043632 0.5921523310420592  
0.939999999999991 0.8080323908924835 0.5901350226282811  
0.9424999999999909 0.8095064658984434 0.588114019565077  
0.9449999999999908 0.8109754860935031 0.5860893344721754  
0.9474999999999908 0.8124394422804866 0.5840609799923565  
0.9499999999999907 0.8138983252938389 0.582028968791374  
0.9524999999999907 0.815352125999684 0.5799933135578756  
0.9549999999999906 0.8168008352958818 0.577954027003324  
0.9574999999999906 0.818244444112085 0.5759111218619171  
0.9599999999999905 0.8196829434097959 0.573864610890509  
0.9624999999999905 0.8211163241824231 0.57181450686853  
0.9649999999999904 0.8225445774553378 0.5697608225979069  
0.9674999999999904 0.8239676942859303 0.5677035709029833  
0.9699999999999903 0.8253856657636655 0.5656427646304389  
0.9724999999999903 0.8267984830101388 0.56357841664921  
0.9749999999999902 0.8282061371791322 0.5615105398504087  
0.9774999999999902 0.8296086194566689 0.5594391471472423  
0.9799999999999901 0.8310059210610691 0.5573642514749332  
0.98249999999999 0.8323980332430048 0.5552858657906375  
0.98499999999999 0.8337849472855544 0.5532040030733647  
0.9874999999999899 0.8351666545042576 0.551118676323896  
0.9899999999999899 0.8365431462471697 0.5490298985647036  
0.9924999999999898 0.8379144138949155 0.5469376828398692  
0.9949999999999898 0.8392804488607435 0.5448420422150024  
0.9974999999999897 0.8406412425905796 0.5427429897771596  
0.9999999999999897 0.841996786563081 0.5406405386347617  
1.00249999999999 0.8433470722896889 0.5385347019175124  
1.00499999999999 0.8446920913146821 0.5364254927763165  
1.00749999999999 0.8460318352152303 0.5343129243831973  
1.00999999999999 0.8473662956014457 0.5321970099312149  
1.01249999999999 0.8486954641164369 0.5300777626343832  
1.014999999999989 0.8500193324363602 0.527955195727588  
1.017499999999989 0.8513378922704722 0.5258293224665037  
1.019999999999989 0.8526511353611818 0.5237001561275112  
1.022499999999989 0.8539590534841015 0.5215677100076143  
1.024999999999989 0.8552616384480994 0.5194319974243571  
1.027499999999989 0.8565588820953502 0.5172930317157408  
1.029999999999989 0.8578507763013863 0.5151508262401404  
1.032499999999989 0.8591373129751486 0.5130053943762209  
1.034999999999989 0.8604184840590376 0.5108567495228543  
1.037499999999989 0.8616942815289634 0.5087049050990355  
1.039999999999989 0.8629646973943962 0.506549874543799  
1.042499999999989 0.864229723698416 0.504391671316134  
1.044999999999989 0.865489352517763 0.5022303088949016  
1.047499999999989 0.866743575962887 0.5000658007787495  
1.049999999999989 0.8679923861779965 0.4978981604860286  
1.052499999999989 0.8692357753411081 0.4957274015547078  
1.054999999999989 0.8704737356640959 0.4935535375422901  
1.057499999999989 0.8717062593927397 0.4913765820257275  
1.059999999999989 0.8729333388067737 0.4891965486013362  
1.062499999999988 0.8741549662199352 0.4870134508847121  
1.064999999999988 0.8753711339800122 0.4848273025106453  
1.067499999999988 0.8765818344688919 0.4826381171330351  
1.069999999999988 0.8777870601026082 0.4804459084248048  
1.072499999999988 0.8789868033313888 0.4782506900778164  
1.074999999999988 0.8801810566397031 0.4760524758027847  
1.077499999999988 0.8813698125463091 0.473851279329192  
1.079999999999988 0.8825530636043 0.4716471144052023  
1.082499999999988 0.8837308024011511 0.4694399947975753  
1.084999999999988 0.8849030215587663 0.4672299342915806  
1.087499999999988 0.8860697137335241 0.4650169466909113  
1.089999999999988 0.8872308716163236 0.4628010458175983  
1.092499999999988 0.8883864879326308 0.4605822455119234  
1.094999999999988 0.8895365554425232 0.4583605596323332  
1.097499999999988 0.8906810669407361 0.4561360020553524  
1.099999999999988 0.8918200152567074 0.4539085866754974  
1.102499999999988 0.8929533932546223 0.4516783274051889  
1.104999999999988 0.8940811938334583 0.4494452381746658  
1.107499999999987 0.8952034099270296 0.4472093329318975  
1.109999999999987 0.8963200345040313 0.4449706256424972  
1.112499999999987 0.8974310605680836 0.4427291302896346  
1.114999999999987 0.8985364811577756 0.4404848608739483  
1.117499999999987 0.8996362893467087 0.4382378314134587  
1.119999999999987 0.9007304782435402 0.4359880559434804  
1.122499999999987 0.9018190409920267 0.4337355485165341  
1.124999999999987 0.9029019707710665 0.4314803232022595  
1.127499999999987 0.9039792607947428 0.4292223940873268  
1.129999999999987 0.9050509043123661 0.4269617752753492  
1.132499999999987 0.9061168946085165 0.4246984808867944  
1.134999999999987 0.9071772250030857 0.4224325250588967  
1.137499999999987 0.9082318888513189 0.4201639219455686  
1.139999999999987 0.9092808795438565 0.4178926857173123  
1.142499999999987 0.9103241905067755 0.4156188305611312  
1.144999999999987 0.9113618152016306 0.4133423706804416  
1.147499999999987 0.9123937471254955 0.4110633202949833  
1.149999999999987 0.9134199798110031 0.4087816936407316  
1.152499999999987 0.9144405068263864 0.4064975049698077  
1.154999999999986 0.915455321775519 0.4042107685503903  
1.157499999999986 0.9164644182979548 0.4019214986666256  
1.159999999999986 0.9174677900689677 0.3996297096185391  
1.162499999999986 0.9184654307995921 0.3973354157219454  
1.164999999999986 0.9194573342366613 0.3950386313083593  
1.167499999999986 0.9204434941628474 0.3927393707249062  
1.169999999999986 0.9214239043967001 0.3904376483342323  
1.172499999999986 0.9223985587926851 0.388133478514415  
1.174999999999986 0.923367451241223 0.3858268756588731  
1.177499999999986 0.9243305756687276 0.3835178541762769  
1.179999999999986 0.9252879260376438 0.3812064284904579  
1.182499999999986 0.9262394963464855 0.3788926130403192  
1.184999999999986 0.9271852806298733 0.3765764222797451  
1.187499999999986 0.9281252729585716 0.3742578706775107  
1.189999999999986 0.9290594674395264 0.3719369727171913  
1.192499999999986 0.9299878582159015 0.3696137428970726  
1.194999999999986 0.9309104394671157 0.3672881957300596  
1.197499999999986 0.9318272054088792 0.3649603457435859  
1.199999999999986 0.9327381502932297 0.3626302074795235  
1.202499999999985 0.9336432684085687 0.3602977954940912  
1.204999999999985 0.934542554079697 0.3579631243577643  
1.207499999999985 0.9354360016678507 0.3556262086551833  
1.209999999999985 0.936323605570736 0.3532870629850626  
1.212499999999985 0.937205360222565 0.3509457019600999  
1.214999999999985 0.9380812600940899 0.3486021402068842  
1.217499999999985 0.9389512996926382 0.3462563923658049  
1.219999999999985 0.939815473562147 0.3439084730909602  
1.222499999999985 0.9406737762831969 0.3415583970500656  
1.224999999999985 0.9415262024730466 0.3392061789243622  
1.227499999999985 0.9423727467856662 0.336851833408525  
1.229999999999985 0.9432134039117707 0.3344953752105712  
1.232499999999985 0.9440481685788534 0.332136819051768  
1.234999999999985 0.9448770355512195 0.329776179666541  
1.237499999999985 0.9456999996300178 0.3274134718023823  
1.239999999999985 0.9465170556532744 0.3250487102197576  
1.242499999999985 0.9473281984959243 0.3226819096920147  
1.244999999999985 0.9481334230698442 0.3203130850052909  
1.247499999999985 0.9489327243238839 0.317942250958421  
1.249999999999984 0.9497260972438981 0.3155694223628441  
1.252499999999984 0.9505135368527783 0.3131946140425119  
1.254999999999984 0.9512950382104832 0.3108178408337955  
1.257499999999984 0.9520705964140705 0.3084391175853931  
1.259999999999984 0.9528402065977272 0.3060584591582367  
1.262499999999984 0.9536038639327999 0.3036758804253999  
1.264999999999984 0.9543615636278261 0.3012913962720047  
1.267499999999984 0.9551133009285629 0.2989050215951285  
1.269999999999984 0.955859071118018 0.2965167713037108  
1.272499999999984 0.9565988695164787 0.2941266603184606  
1.274999999999984 0.9573326914815412 0.2917347035717627  
1.277499999999984 0.9580605324081402 0.2893409160075845  
1.279999999999984 0.9587823877285773 0.2869453125813829  
1.282499999999984 0.9594982529125499 0.2845479082600105  
1.284999999999984 0.9602081234671798 0.2821487180216225  
1.287499999999984 0.9609119949370409 0.2797477568555826  
1.289999999999984 0.9616098629041878 0.2773450397623699  
1.292499999999984 0.962301722988183 0.2749405817534848  
1.294999999999983 0.9629875708461245 0.2725343978513554  
1.297499999999983 0.9636674021726734 0.2701265030892434  
1.299999999999983 0.9643412127000807 0.2677169125111507  
1.302499999999983 0.9650089981982137 0.2653056411717247  
1.304999999999983 0.9656707544745834 0.2628927041361648  
1.307499999999983 0.9663264773743699 0.2604781164801281  
1.309999999999983 0.9669761627804494 0.2580618932896351  
1.312499999999983 0.9676198066134192 0.2556440496609758  
1.314999999999983 0.9682574048316238 0.2532246007006146  
1.317499999999983 0.9688889534311803 0.2508035615250969  
1.319999999999983 0.9695144484460033 0.2483809472609541  
1.322499999999983 0.97013388594783 0.245956773044609  
1.324999999999983 0.9707472620462447 0.2435310540222815  
1.327499999999983 0.9713545728887035 0.241103805349894  
1.329999999999983 0.9719558146605581 0.2386750421929764  
1.332499999999983 0.9725509835850802 0.2362447797265715  
1.334999999999983 0.9731400759234847 0.2338130331351405  
1.337499999999983 0.973723087974954 0.2313798176124675  
1.339999999999983 0.9743000160766602 0.2289451483615651  
1.342499999999982 0.9748708566037889 0.2265090405945792  
1.344999999999982 0.9754356059695619 0.2240715095326938  
1.347499999999982 0.9759942606252593 0.2216325704060362  
1.349999999999982 0.9765468170602422 0.2191922384535818  
1.352499999999982 0.9770932718019745 0.2167505289230586  
1.354999999999982 0.9776336214160449 0.2143074570708522  
1.357499999999982 0.9781678625061886 0.2118630381619104  
1.359999999999982 0.9786959917143082 0.2094172874696478  
1.362499999999982 0.9792180057204953 0.2069702202758504  
1.364999999999982 0.979733901243051 0.20452185187058  
1.367499999999982 0.9802436750385068 0.2020721975520788  
1.369999999999982 0.9807473239016448 0.1996212726266739  
1.372499999999982 0.9812448446655179 0.1971690924086813  
1.374999999999982 0.9817362342014698 0.1947156722203106  
1.377499999999982 0.9822214894191547 0.1922610273915691  
1.379999999999982 0.9827006072665564 0.1898051732601659  
1.382499999999982 0.9831735847300079 0.1873481251714163  
1.384999999999982 0.9836404188342104 0.1848898984781457  
1.387499999999982 0.9841011066422514 0.1824305085405938  
1.389999999999981 0.9845556452556237 0.1799699707263186  
1.392499999999981 0.9850040318142438 0.1775083004101002  
1.394999999999981 0.9854462634964694 0.1750455129738452  
1.397499999999981 0.9858823375191172 0.1725816238064901  
1.399999999999981 0.9863122511374811 0.1701166483039051  
1.402499999999981 0.9867360016453485 0.1676506018687984  
1.404999999999981 0.9871535863750179 0.1651834999106196  
1.407499999999981 0.9875650026973157 0.1627153578454635  
1.409999999999981 0.9879702480216127 0.1602461910959735  
1.412499999999981 0.9883693197958401 0.1577760150912459  
1.414999999999981 0.988762215506506 0.1553048452667327  
1.417499999999981 0.9891489326787111 0.1528326970641458  
1.419999999999981 0.9895294688761641 0.1503595859313598  
1.422499999999981 0.9899038217011974 0.1478855273223164  
1.424999999999981 0.9902719887947817 0.1454105366969269  
1.427499999999981 0.9906339678365416 0.1429346295209764  
1.429999999999981 0.9909897565447693 0.1404578212660264  
1.432499999999981 0.9913393526764398 0.1379801274093188  
1.434999999999981 0.9916827540272245 0.1355015634336786  
1.43749999999998 0.9920199584315055 0.1330221448274177  
1.43999999999998 0.992350963762389 0.1305418870842376  
1.44249999999998 0.9926757679317186 0.1280608057031331  
1.44499999999998 0.9929943688900891 0.1255789161882949  
1.44749999999998 0.9933067646268584 0.1230962340490131  
1.44999999999998 0.9936129531701612 0.1206127747995803  
1.45249999999998 0.9939129325869208 0.1181285539591942  
1.45499999999998 0.9942067009828617 0.1156435870518614  
1.45749999999998 0.9944942565025211 0.1131578896062995  
1.45999999999998 0.994775597329261 0.1106714771558407  
1.46249999999998 0.9950507216852797 0.1081843652383344  
1.46499999999998 0.995319627831623 0.1056965693960506  
1.46749999999998 0.9955823140681946 0.1032081051755818  
1.46999999999998 0.9958387787337679 0.100718988127747  
1.47249999999998 0.9960890202059955 0.09822923380749363  
1.47499999999998 0.9963330369014202 0.09573885777380081  
1.47749999999998 0.9965708272754845 0.09324787558958199  
1.47999999999998 0.9968023898225409 0.09075630282158767  
1.48249999999998 0.9970277230758607 0.08826415504030816  
1.484999999999979 0.9972468256076442 0.08577144781987625  
1.487499999999979 0.9974596960290288 0.08327819673796992  
1.489999999999979 0.9976663329900988 0.08078441737571494  
1.492499999999979 0.9978667351798928 0.07829012531758754  
1.494999999999979 0.998060901326413 0.07579533615131701  
1.497499999999979 0.998248830196633 0.07330006546778824  
1.499999999999979 0.9984305205965053 0.07080432886094436  
1.502499999999979 0.9986059713709692 0.06830814192768925  
1.504999999999979 0.9987751814039582 0.06581152026779007  
1.507499999999979 0.9989381496184067 0.06331447948377976  
1.509999999999979 0.9990948749762574 0.06081703518085955  
1.512499999999979 0.9992453564784674 0.05831920296680143  
1.514999999999979 0.9993895931650149 0.05582099845185063  
1.517499999999979 0.9995275841149052 0.05332243724862801  
1.519999999999979 0.9996593284461766 0.05082353497203255  
1.522499999999979 0.999784825315906 0.04832430723914372  
1.524999999999979 0.9999040739202143 0.04582476966912389  
1.527499999999979 1.000017073494272 0.04332493788312074  
1.529999999999978 1.000123823312302 0.04082482750416962  
1.532499999999978 1.000224322687589 0.03832445415709589  
1.534999999999978 1.000318570972477 0.0358238334684173  
1.537499999999978 1.000406567558381 0.03332298106624632  
1.539999999999978 1.000488311875785 0.03082191258019245  
1.542499999999978 1.000563803394248 0.02832064364126458  
1.544999999999978 1.000633041622408 0.02581918988177326  
1.547499999999978 1.000696026107985 0.02331756693523306  
1.549999999999978 1.000752756437782 0.02081579043626476  
1.552499999999978 1.000803232237691 0.01831387602049775  
1.554999999999978 1.000847453172692 0.01581183932447223  
1.557499999999978 1.000885418946858 0.01330969598554156  
1.559999999999978 1.000917129303355 0.01080746164177444  
1.562499999999978 1.000942584024444 0.008305151931857237  
1.564999999999978 1.000961782931487 0.005802782494996233  
1.567499999999978 1.000974725884938 0.003300368970819868  
1.569999999999978 1.000981412784356 0.0007979269992810056  
1.572499999999978 1.000981843568397 -0.001704527779440821  
1.574999999999978 1.000976018214818 -0.004206979725037157  
1.577499999999977 1.000963936740477 -0.006709413197168381  
1.579999999999977 1.000945599201333 -0.009211812555561453  
1.582499999999977 1.000921005692445 -0.01171416216010767  
1.584999999999977 1.000890156347974 -0.01421644637096041  
1.587499999999977 1.000853051341177 -0.01671864954863288  
1.589999999999977 1.000809690884413 -0.01922075605409591  
1.592499999999977 1.000760075229135 -0.0217227502488756  
1.594999999999977 1.000704204665896 -0.02422461649515118  
1.597499999999977 1.000642079524338 -0.02672633915585265  
1.599999999999977 1.000573700173199 -0.02922790259475856  
1.602499999999977 1.000499067020306 -0.03172929117659375  
1.604999999999977 1.000418180512572 -0.03423048926712705  
1.607499999999977 1.000331041135997 -0.036731481233269  
1.609999999999977 1.000237649415662 -0.03923225144316957  
1.612499999999977 1.000138005915727 -0.04173278426631585  
1.614999999999977 1.000032111239427 -0.04423306407362976  
1.617499999999977 0.9999199660290694 -0.04673307523756571  
1.619999999999977 0.9998015709660286 -0.04923280213220833  
1.622499999999977 0.9996769267707435 -0.05173222913337007  
1.624999999999976 0.9995460342027119 -0.05423134061868891  
1.627499999999976 0.9994088940604867 -0.05673012096772597  
1.629999999999976 0.9992655071816704 -0.05922855456206318  
1.632499999999976 0.9991158744429103 -0.06172662578540085  
1.634999999999976 0.998959996759893 -0.06422431902365533  
1.637499999999976 0.998797875087339 -0.06672161866505659  
1.639999999999976 0.9986295104189965 -0.06921850910024577  
1.642499999999976 0.9984549037876359 -0.07171497472237279  
1.644999999999976 0.9982740562650428 -0.07421099992719388  
1.647499999999976 0.998086968962012 -0.0767065691131691  
1.649999999999976 0.99789364302834 -0.0792016666815599  
1.652499999999976 0.9976940796528189 -0.08169627703652656  
1.654999999999976 0.9974882800632281 -0.08419038458522574  
1.657499999999976 0.9972762455263274 -0.08668397373790789  
1.659999999999976 0.9970579773478491 -0.08917702890801474  
1.662499999999976 0.9968334768724895 -0.09166953451227669  
1.664999999999976 0.9966027454839012 -0.09416147497081023  
1.667499999999976 0.9963657846046843 -0.09665283470721535  
1.669999999999976 0.9961225956963778 -0.09914359814867282  
1.672499999999975 0.9958731802594504 -0.1016337497260417  
1.674999999999975 0.9956175398332912 -0.1041232738739563  
1.677499999999975 0.9953556759962002 -0.1066121550309241  
1.679999999999975 0.9950875903653792 -0.1091003776394224  
1.682499999999975 0.9948132845969206 -0.1115879261459958  
1.684999999999975 0.9945327603857985 -0.1140747850013535  
1.687499999999975 0.994246019465857 -0.1165609386604664  
1.689999999999975 0.9939530636098004 -0.1190463715826644  
1.692499999999975 0.9936538946291819 -0.1215310682317333  
1.694999999999975 0.9933485143743922 -0.1240150130760121  
1.697499999999975 0.9930369247346484 -0.1264981905884902  
1.699999999999975 0.9927191276379823 -0.128980585246904  
1.702499999999975 0.9923951250512281 -0.1314621815338345  
1.704999999999975 0.9920649189800106 -0.133942963936804  
1.707499999999975 0.9917285114687326 -0.1364229169483728  
1.709999999999975 0.9913859046005625 -0.1389020250662369  
1.712499999999975 0.991037100497421 -0.1413802727933242  
1.714999999999975 0.9906821013199681 -0.1438576446378915  
1.717499999999974 0.9903209092675901 -0.1463341251136216  
1.719999999999974 0.9899535265783853 -0.1488096987397201  
1.722499999999974 0.9895799555291507 -0.1512843500410118  
1.724999999999974 0.9892001984353677 -0.1537580635480378  
1.727499999999974 0.9888142576511875 -0.1562308237971519  
1.729999999999974 0.988422135569417 -0.1587026153306177  
1.732499999999974 0.9880238346215037 -0.1611734226967048  
1.734999999999974 0.9876193572775203 -0.1636432304497855  
1.737499999999974 0.9872087060461501 -0.1661120231504318  
1.739999999999974 0.9867918834746708 -0.168579785365511  
1.742499999999974 0.9863688921489391 -0.171046501668283  
1.744999999999974 0.9859397346933744 -0.1735121566384965  
1.747499999999974 0.9855044137709427 -0.1759767348624852  
1.749999999999974 0.9850629320831399 -0.1784402209332644  
1.752499999999974 0.9846152923699754 -0.180902599450627  
1.754999999999974 0.9841614974099545 -0.1833638550212403  
1.757499999999974 0.9837015500200617 -0.1858239722587417  
1.759999999999974 0.9832354530557429 -0.1882829357838352  
1.762499999999974 0.9827632094108879 -0.1907407302243874  
1.764999999999973 0.9822848220178122 -0.1931973402155237  
1.767499999999973 0.981800293847239 -0.1956527503997241  
1.769999999999973 0.9813096279082806 -0.1981069454269197  
1.772499999999973 0.9808128272484197 -0.2005599099545882  
1.774999999999973 0.9803098949534906 -0.2030116286478499  
1.777499999999973 0.9798008341476602 -0.2054620861795639  
1.779999999999973 0.9792856479934079 -0.2079112672304234  
1.782499999999973 0.9787643396915069 -0.2103591564890519  
1.784999999999973 0.9782369124810035 -0.2128057386520986  
1.787499999999973 0.9777033696391976 -0.2152509984243345  
1.789999999999973 0.9771637144816216 -0.2176949205187474  
1.792499999999973 0.9766179503620209 -0.2201374896566382  
1.794999999999973 0.9760660806723319 -0.2225786905677156  
1.797499999999973 0.9755081088426616 -0.2250185079901925  
1.799999999999973 0.9749440383412661 -0.2274569266708804  
1.802499999999973 0.974373872674529 -0.2298939313652856  
1.804999999999973 0.9737976153869398 -0.2323295068377042  
1.807499999999973 0.9732152700610714 -0.2347636378613171  
1.809999999999973 0.9726268403175586 -0.2371963092182856  
1.812499999999972 0.9720323298150749 -0.2396275056998464  
1.814999999999972 0.9714317422503099 -0.2420572121064064  
1.817499999999972 0.9708250813579467 -0.2444854132476383  
1.819999999999972 0.970212350910638 -0.2469120939425749  
1.822499999999972 0.9695935547189832 -0.2493372390197048  
1.824999999999972 0.9689686966315048 -0.2517608333170662  
1.827499999999972 0.9683377805346236 -0.2541828616823429  
1.829999999999972 0.9677008103526357 -0.2566033089729581  
1.832499999999972 0.9670577900476871 -0.2590221600561695  
1.834999999999972 0.9664087236197497 -0.2614393998091636  
1.837499999999972 0.9657536151065962 -0.2638550131191508  
1.839999999999972 0.9650924685837747 -0.2662689848834592  
1.842499999999972 0.9644252881645839 -0.2686813000096298  
1.844999999999972 0.9637520780000471 -0.27109194341551  
1.847499999999972 0.9630728422788865 -0.2735009000293486  
1.849999999999972 0.962387585227497 -0.2759081547898895  
1.852499999999972 0.9616963111099204 -0.2783136926464664  
1.854999999999972 0.9609990242278181 -0.2807174985590964  
1.857499999999972 0.960295728920445 -0.2831195574985745  
1.859999999999971 0.9595864295646221 -0.285519854446567  
1.862499999999971 0.9588711305747095 -0.287918374395706  
1.864999999999971 0.9581498364025788 -0.2903151023496828  
1.867499999999971 0.9574225515375852 -0.2927100233233418  
1.869999999999971 0.95668928050654 -0.2951031223427743  
1.872499999999971 0.9559500278736823 -0.297494384445412  
1.874999999999971 0.9552047982406503 -0.2998837946801205  
1.877499999999971 0.9544535962464528 -0.302271338107293  
1.879999999999971 0.9536964265674404 -0.3046569997989433  
1.882499999999971 0.9529332939172764 -0.3070407648387997  
1.884999999999971 0.9521642030469077 -0.3094226183223979  
1.887499999999971 0.9513891587445344 -0.311802545357174  
1.889999999999971 0.9506081658355809 -0.3141805310625582  
1.892499999999971 0.9498212291826654 -0.3165565605700674  
1.894999999999971 0.9490283536855697 -0.3189306190233981  
1.897499999999971 0.9482295442812085 -0.3213026915785198  
1.899999999999971 0.9474248059435993 -0.3236727634037673  
1.902499999999971 0.9466141436838307 -0.3260408196799334  
1.90499999999997 0.9457975625500313 -0.3284068456003623  
1.90749999999997 0.944975067627339 -0.3307708263710411  
1.90999999999997 0.9441466640378682 -0.3331327472106932  
1.91249999999997 0.9433123569406788 -0.3354925933508704  
1.91499999999997 0.9424721515317439 -0.337850350036045  
1.91749999999997 0.941626053043917 -0.3402060025237024  
1.91999999999997 0.9407740667468999 -0.3425595360844333  
1.92249999999997 0.9399161979472095 -0.3449109360020254  
1.92499999999997 0.9390524519881451 -0.347260187573556  
1.92749999999997 0.938182834249755 -0.3496072761094833  
1.92999999999997 0.9373073501488028 -0.3519521869337388  
1.93249999999997 0.9364260051387339 -0.3542949053838187  
1.93499999999997 0.9355388047096412 -0.3566354168108758  
1.93749999999997 0.9346457543882317 -0.3589737065798112  
1.93999999999997 0.9337468597377909 -0.3613097600693653  
1.94249999999997 0.9328421263581492 -0.3636435626722097  
1.94499999999997 0.9319315598856462 -0.3659750997950383  
1.94749999999997 0.9310151659930963 -0.368304356858659  
1.94999999999997 0.9300929503897528 -0.3706313192980842  
1.952499999999969 0.9291649188212726 -0.3729559725626221  
1.954999999999969 0.9282310770696804 -0.3752783021159682  
1.957499999999969 0.9272914309533326 -0.3775982934362953  
1.959999999999969 0.9263459863268809 -0.3799159320163452  
1.962499999999969 0.9253947490812364 -0.3822312033635186  
1.964999999999969 0.9244377251435322 -0.3845440929999664  
1.967499999999969 0.9234749204770867 -0.3868545864626799  
1.969999999999969 0.9225063410813668 -0.3891626693035813  
1.972499999999969 0.9215319929919499 -0.3914683270896139  
1.974999999999969 0.9205518822804868 -0.3937715454028327  
1.977499999999969 0.9195660150546636 -0.3960723098404942  
1.979999999999969 0.9185743974581638 -0.3983706060151468  
1.982499999999969 0.91757703567063 -0.4006664195547203  
1.984999999999969 0.9165739359076249 -0.4029597361026163  
1.987499999999969 0.9155651044205936 -0.4052505413177977  
1.989999999999969 0.9145505474968234 -0.4075388208748784  
1.992499999999969 0.9135302714594058 -0.4098245604642128  
1.994999999999969 0.9125042826671961 -0.4121077457919856  
1.997499999999969 0.9114725875147744 -0.4143883625803008  
1.999999999999968 0.9104351924324057 -0.4166663965672712  
