0 0 1  
0.00125 0.001249999674479167 0.9999992187501017  
0.0025 0.002499997395834097 0.9999968750016276  
0.00375 0.003749991210943604 0.9999929687582397  
0.005 0.004999979166692607 0.9999875000260416  
0.00625 0.006249959309975179 0.9999804688135782  
0.007500000000000001 0.007499929687697602 0.9999718751318356  
0.008750000000000001 0.008749888346781413 0.9999617189942417  
0.01 0.009999833334166463 0.9999500004166653  
0.01125 0.01124976269681396 0.9999367194174166  
0.0125 0.01249967448170954 0.9999218760172472  
0.01375 0.01374956673586628 0.9999054702393501  
0.015 0.01499943750632779 0.9998875021093591  
0.01625 0.01624928484017125 0.9998679716553495  
0.0175 0.01749910678451045 0.9998468789078376  
0.01875 0.01874890138649886 0.9998242238997809  
0.02 0.01999866669333267 0.9998000066665776  
0.02125 0.02124840075225385 0.9997742272460675  
0.0225 0.02249810161055317 0.9997468856785307  
0.02375 0.0237477673155733 0.9997179820066884  
0.025 0.02499739591471183 0.9996875162757025  
0.02625000000000001 0.02624698545542432 0.9996554885331759  
0.02750000000000001 0.02749653398522739 0.9996218988291518  
0.02875000000000001 0.0287460395517017 0.9995867472161142  
0.03000000000000001 0.02999550020249505 0.9995500337489874  
0.03125000000000001 0.03124491398532545 0.9995117584851363  
0.03250000000000001 0.0324942789479841 0.9994719214843658  
0.03375000000000001 0.0337435931383385 0.9994305228089214  
0.03500000000000001 0.03499285460433548 0.9993875625234885  
0.03625000000000001 0.03624206139400427 0.9993430406951924  
0.03750000000000001 0.03749121155545951 0.9992969573935986  
0.03875000000000001 0.03874030313690431 0.9992493126907122  
0.04000000000000001 0.03998933418663335 0.9992001066609779  
0.04125000000000002 0.04123830275303585 0.9991493393812803  
0.04250000000000002 0.0424872068845987 0.9990970109309432  
0.04375000000000002 0.04373604462990943 0.9990431213917297  
0.04500000000000002 0.04498481403765933 0.9989876708478423  
0.04625000000000002 0.04623351315664644 0.9989306593859225  
0.04750000000000002 0.04748214003577865 0.9988720870950506  
0.04875000000000002 0.04873069272407671 0.9988119540667458  
0.05000000000000002 0.04997916927067731 0.9987502603949661  
0.05125000000000002 0.0512275677248361 0.9986870061761076  
0.05250000000000003 0.05247588613593073 0.9986221915090052  
0.05375000000000003 0.05372412255346395 0.9985558164949317  
0.05500000000000003 0.05497227502706662 0.9984878812375981  
0.05625000000000003 0.05622034160650074 0.9984183858431532  
0.05750000000000003 0.05746832034166253 0.9983473304201836  
0.05875000000000003 0.05871620928258549 0.9982747150797133  
0.06000000000000003 0.05996400647944338 0.9982005399352039  
0.06125000000000003 0.06121170998255335 0.9981248051025539  
0.06250000000000003 0.06245931784237893 0.9980475107000989  
0.06375000000000003 0.06370682810953308 0.9979686568486115  
0.06500000000000003 0.06495423883478128 0.9978882436713008  
0.06625000000000003 0.06620154806904452 0.9978062712938124  
0.06750000000000003 0.06744875386340236 0.9977227398442281  
0.06875000000000003 0.06869585426909601 0.9976376494530658  
0.07000000000000003 0.06994284733753134 0.9975510002532791  
0.07125000000000004 0.07118973112028194 0.9974627923802576  
0.07250000000000004 0.07243650366909216 0.9973730259718259  
0.07375000000000004 0.07368316303588011 0.997281701168244  
0.07500000000000004 0.07492970727274083 0.9971888181122069  
0.07625000000000004 0.07617613443194916 0.9970943769488445  
0.07750000000000004 0.07742244256596295 0.996998377825721  
0.07875000000000004 0.07866862972742598 0.9969008208928349  
0.08000000000000004 0.07991469396917107 0.996801706302619  
0.08125000000000004 0.08116063334422309 0.9967010342099398  
0.08250000000000005 0.08240644590580203 0.9965988047720974  
0.08375000000000005 0.083652129707326 0.9964950181488254  
0.08500000000000005 0.08489768280241432 0.9963896745022901  
0.08625000000000005 0.08614310324489052 0.9962827739970912  
0.08750000000000005 0.08738838908878545 0.9961743168002606  
0.08875000000000005 0.08863353838834019 0.9960643030812627  
0.09000000000000005 0.08987854919800924 0.9959527330119938  
0.09125000000000005 0.09112341957246345 0.9958396067667823  
0.09250000000000005 0.09236814756659312 0.9957249245223878  
0.09375000000000006 0.093612731235511 0.9956086864580014  
0.09500000000000006 0.09485716863455539 0.9954908927552448  
0.09625000000000006 0.09610145781929307 0.9953715435981709  
0.09750000000000006 0.09734559684552246 0.9952506391732626  
0.09875000000000006 0.0985895837692766 0.9951281796694331  
0.1000000000000001 0.09983341664682614 0.9950041652780254  
0.1012500000000001 0.1010770935346825 0.9948785961928118  
0.1025000000000001 0.1023206124896008 0.9947514726099941  
0.1037500000000001 0.1035639715685828 0.9946227947282028  
0.1050000000000001 0.1048071688288804 0.9944925627484971  
0.1062500000000001 0.106050202327998 0.9943607768743644  
0.1075000000000001 0.107293070123696 0.9942274373117201  
0.1087500000000001 0.1085357702739938 0.9940925442689074  
0.1100000000000001 0.1097783008371726 0.9939560979566965  
0.1112500000000001 0.1110206598717787 0.9938180985882847  
0.1125000000000001 0.1122628454366263 0.9936785463792961  
0.1137500000000001 0.1135048555908008 0.9935374415477809  
0.1150000000000001 0.1147466883936615 0.9933947843142155  
0.1162500000000001 0.115988341904845 0.9932505749015016  
0.1175000000000001 0.1172298141842678 0.9931048135349666  
0.1187500000000001 0.1184711032921298 0.9929575004423624  
0.1200000000000001 0.119712207288917 0.9928086358538658  
0.1212500000000001 0.1209531242354046 0.9926582200020777  
0.1225000000000001 0.1221938521926603 0.9925062531220228  
0.1237500000000001 0.1234343892220468 0.9923527354511493  
0.1250000000000001 0.1246747333852252 0.9921976672293286  
0.1262500000000001 0.125914882744158 0.9920410486988547  
0.1275000000000001 0.1271548353611122 0.991882880104444  
0.1287500000000001 0.1283945892986621 0.991723161693235  
0.1300000000000001 0.1296341426196922 0.9915618937147876  
0.1312500000000001 0.130873493387401 0.991399076421083  
0.1325000000000001 0.1321126396653028 0.9912347100665232  
0.1337500000000001 0.1333515795172321 0.9910687949079305  
0.1350000000000001 0.1345903110073456 0.9909013312045475  
0.1362500000000001 0.1358288322001255 0.9907323192180361  
0.1375000000000001 0.1370671411603827 0.9905617592124775  
0.1387500000000001 0.1383052359532597 0.9903896514543716  
0.1400000000000001 0.1395431146442336 0.9902159962126369  
0.1412500000000001 0.1407807752991194 0.9900407937586094  
0.1425000000000001 0.1420182159840724 0.9898640443660431  
0.1437500000000001 0.1432554347655917 0.989685748311109  
0.1450000000000001 0.1444924297105235 0.9895059058723944  
0.1462500000000001 0.1457291988860631 0.9893245173309032  
0.1475000000000001 0.1469657403597592 0.9891415829700549  
0.1487500000000001 0.1482020521995159 0.9889571030756846  
0.1500000000000001 0.1494381324735962 0.9887710779360419  
0.1512500000000001 0.1506739792506248 0.9885835078417911  
0.1525000000000001 0.1519095905995916 0.9883943930860104  
0.1537500000000001 0.1531449645898539 0.9882037339641916  
0.1550000000000001 0.1543800992911403 0.9880115307742395  
0.1562500000000001 0.1556149927735529 0.9878177838164717  
0.1575000000000001 0.1568496431075709 0.9876224933936175  
0.1587500000000001 0.1580840483640535 0.9874256598108184  
0.1600000000000001 0.1593182066142427 0.9872272833756267  
0.1612500000000001 0.1605521159297665 0.9870273643980055  
0.1625000000000001 0.1617857743826418 0.9868259031903284  
0.1637500000000001 0.1630191800452775 0.9866229000673782  
0.1650000000000001 0.1642523309904776 0.9864183553463474  
0.1662500000000001 0.1654852252914439 0.986212269346837  
0.1675000000000001 0.1667178610217794 0.9860046423908565  
0.1687500000000001 0.1679502362554909 0.9857954748028228  
0.1700000000000001 0.1691823490669925 0.9855847669095603  
0.1712500000000001 0.1704141975311081 0.9853725190403001  
0.1725000000000001 0.1716457797230747 0.9851587315266793  
0.1737500000000001 0.1728770937185454 0.984943404702741  
0.1750000000000001 0.1741081375935924 0.9847265389049332  
0.1762500000000001 0.1753389094247098 0.9845081344721087  
0.1775000000000001 0.1765694072888168 0.9842881917455244  
0.1787500000000001 0.177799629263261 0.9840667110688407  
0.1800000000000001 0.1790295734258205 0.9838436927881212  
0.1812500000000001 0.180259237854708 0.9836191372518319  
0.1825000000000001 0.181488620628573 0.9833930448108408  
0.1837500000000001 0.1827177198265053 0.9831654158184172  
0.1850000000000001 0.1839465335280374 0.9829362506302314  
0.1862500000000001 0.1851750598131484 0.982705549604354  
0.1875000000000001 0.186403296762266 0.9824733131012552  
0.1887500000000001 0.1876312424562704 0.9822395414838045  
0.1900000000000001 0.1888588949764967 0.9820042351172702  
0.1912500000000001 0.1900862524047379 0.9817673943693183  
0.1925000000000001 0.1913133128232485 0.9815290196100124  
0.1937500000000001 0.1925400743147467 0.9812891112118131  
0.1950000000000001 0.1937665349624179 0.9810476695495771  
0.1962500000000001 0.1949926928499177 0.9808046950005571  
0.1975000000000001 0.1962185460613746 0.9805601879444007  
0.1987500000000001 0.1974440926813932 0.9803141487631502  
0.2000000000000001 0.1986693307950571 0.9800665778412416  
0.2012500000000002 0.1998942584879321 0.9798174755655046  
0.2025000000000002 0.2011188738460689 0.9795668423251613  
0.2037500000000002 0.2023431749560062 0.9793146785118262  
0.2050000000000002 0.2035671599047738 0.9790609845195052  
0.2062500000000002 0.2047908267798955 0.978805760744595  
0.2075000000000002 0.206014173669392 0.9785490075858828  
0.2087500000000002 0.207237198661784 0.9782907254445453  
0.2100000000000002 0.2084598998460953 0.9780309147241484  
0.2112500000000002 0.2096822753118555 0.9777695758306462  
0.2125000000000002 0.2109043231491032 0.9775067091723807  
0.2137500000000002 0.2121260414483889 0.977242315160081  
0.2150000000000002 0.2133474283007779 0.9769763942068627  
0.2162500000000002 0.2145684817978537 0.9767089467282272  
0.2175000000000002 0.2157892000317203 0.9764399731420611  
0.2187500000000002 0.2170095810950057 0.9761694738686356  
0.2200000000000002 0.2182296230808649 0.9758974493306058  
0.2212500000000002 0.2194493240829823 0.97562389995301  
0.2225000000000002 0.2206686821955756 0.975348826163269  
0.2237500000000002 0.2218876955133978 0.9750722283911856  
0.2250000000000002 0.2231063621317409 0.9747941070689436  
0.2262500000000002 0.2243246801464386 0.9745144626311077  
0.2275000000000002 0.2255426476538692 0.9742332955146222  
0.2287500000000002 0.2267602627509587 0.9739506061588107  
0.2300000000000002 0.2279775235351838 0.9736663950053752  
0.2312500000000002 0.2291944281045747 0.9733806624983956  
0.2325000000000002 0.2304109745577184 0.9730934090843288  
0.2337500000000002 0.2316271609937612 0.9728046352120084  
0.2350000000000002 0.2328429855124121 0.9725143413326434  
0.2362500000000002 0.2340584462139454 0.9722225278998179  
0.2375000000000002 0.2352735411992042 0.9719291953694903  
0.2387500000000002 0.2364882685696028 0.9716343441999927  
0.2400000000000002 0.2377026264271298 0.97133797485203  
0.2412500000000002 0.2389166128743513 0.9710400877886792  
0.2425000000000002 0.2401302260144139 0.9707406834753888  
0.2437500000000002 0.2413434639510472 0.970439762379978  
0.2450000000000002 0.2425563247885671 0.9701373249726358  
0.2462500000000002 0.243768806631879 0.9698333717259208  
0.2475000000000002 0.24498090758648 0.9695279031147598  
0.2487500000000002 0.2461926257584628 0.9692209196164474  
0.2500000000000002 0.2474039592545179 0.9689124217106453  
0.2512500000000001 0.2486149061819371 0.9686024098793814  
0.2525000000000001 0.2498254646486159 0.9682908846070492  
0.2537500000000001 0.251035632763057 0.9679778463804066  
0.2550000000000001 0.252245408634373 0.9676632956885761  
0.25625 0.2534547903722894 0.9673472330230429  
0.2575 0.2546637760871473 0.967029658877655  
0.25875 0.2558723638899069 0.9667105737486218  
0.26 0.25708055189215 0.9663899781345138  
0.2612499999999999 0.258288338206083 0.9660678725362616  
0.2624999999999999 0.2594957209445402 0.9657442574571551  
0.2637499999999999 0.2607026982209862 0.9654191334028428  
0.2649999999999998 0.2619092681495193 0.9650925008813309  
0.2662499999999998 0.2631154288448741 0.9647643604029829  
0.2674999999999998 0.2643211784224249 0.9644347124805179  
0.2687499999999998 0.2655265149981882 0.9641035576290109  
0.2699999999999997 0.2667314366888259 0.9637708963658913  
0.2712499999999997 0.267935941611648 0.9634367292109421  
0.2724999999999997 0.2691400278846158 0.9631010566862996  
0.2737499999999997 0.2703436936263448 0.962763879316452  
0.2749999999999996 0.2715469369561075 0.9624251976282389  
0.2762499999999996 0.2727497559938365 0.9620850121508502  
0.2774999999999996 0.2739521488601272 0.9617433234158257  
0.2787499999999996 0.275154113676241 0.9614001319570541  
0.2799999999999995 0.2763556485641083 0.9610554383107719  
0.2812499999999995 0.2775567516463308 0.9607092430155628  
0.2824999999999995 0.2787574210461854 0.9603615466123571  
0.2837499999999994 0.2799576548876263 0.9600123496444301  
0.2849999999999994 0.2811574512952884 0.9596616526574021  
0.2862499999999994 0.2823568083944901 0.9593094561992371  
0.2874999999999994 0.283555724311236 0.9589557608202419  
0.2887499999999993 0.2847541971722205 0.9586005670730656  
0.2899999999999993 0.2859522251048298 0.9582438755126983  
0.2912499999999993 0.2871498062371456 0.9578856866964705  
0.2924999999999993 0.2883469386979475 0.957526001184052  
0.2937499999999992 0.2895436206167164 0.9571648195374515  
0.2949999999999992 0.290739850123637 0.9568021423210151  
0.2962499999999992 0.2919356253496009 0.9564379701014261  
0.2974999999999992 0.2931309444262096 0.9560723034477033  
0.2987499999999991 0.2943258054857772 0.955705142931201  
0.2999999999999991 0.2955202066613337 0.9553364891256073  
0.3012499999999991 0.2967141460866274 0.9549663426069437  
0.302499999999999 0.2979076218961282 0.954594703953564  
0.303749999999999 0.2991006322250304 0.9542215737461537  
0.304999999999999 0.3002931752092555 0.9538469525677284  
0.306249999999999 0.3014852489854555 0.9534708410036339  
0.3074999999999989 0.3026768516910153 0.9530932396415442  
0.3087499999999989 0.303867981464056 0.9527141490714616  
0.3099999999999989 0.3050586364434374 0.9523335698857148  
0.3112499999999989 0.3062488147687614 0.9519515026789589  
0.3124999999999988 0.3074385145803747 0.9515679480481737  
0.3137499999999988 0.3086277340193715 0.9511829065926632  
0.3149999999999988 0.3098164712275966 0.9507963789140548  
0.3162499999999988 0.3110047243476485 0.9504083656162977  
0.3174999999999987 0.3121924915228819 0.9500188673056628  
0.3187499999999987 0.3133797708974108 0.9496278845907409  
0.3199999999999987 0.3145665606161114 0.9492354180824425  
0.3212499999999986 0.3157528588246251 0.9488414683939965  
0.3224999999999986 0.3169386636693611 0.9484460361409492  
0.3237499999999986 0.3181239732974996 0.9480491219411634  
0.3249999999999986 0.3193087858569946 0.9476507264148174  
0.3262499999999985 0.3204930994965766 0.9472508501844042  
0.3274999999999985 0.3216769123657558 0.9468494938747304  
0.3287499999999985 0.3228602226148249 0.946446658112915  
0.3299999999999985 0.3240430283948619 0.9460423435283888  
0.3312499999999984 0.3252253278577329 0.9456365507528933  
0.3324999999999984 0.3264071191560953 0.9452292804204797  
0.3337499999999984 0.3275884004434005 0.9448205331675077  
0.3349999999999984 0.3287691698738966 0.9444103096326448  
0.3362499999999983 0.3299494256026316 0.9439986104568654  
0.3374999999999983 0.3311291657854563 0.9435854362834492  
0.3387499999999983 0.3323083885790268 0.9431707877579807  
0.3399999999999982 0.3334870921408078 0.9427546655283482  
0.3412499999999982 0.3346652746290751 0.9423370702447427  
0.3424999999999982 0.3358429342029189 0.9419180025596566  
0.3437499999999982 0.3370200690222464 0.9414974631278832  
0.3449999999999981 0.3381966772477846 0.9410754526065152  
0.3462499999999981 0.3393727570410833 0.9406519716549439  
0.3474999999999981 0.3405483065645183 0.9402270209348582  
0.3487499999999981 0.3417233239812935 0.9398006011102437  
0.349999999999998 0.3428978074554446 0.9393727128473811  
0.351249999999998 0.3440717551518412 0.9389433568148459  
0.352499999999998 0.3452451652361905 0.9385125336835066  
0.353749999999998 0.3464180358750393 0.9380802441265244  
0.3549999999999979 0.3475903652357775 0.9376464888193515  
0.3562499999999979 0.3487621514866407 0.9372112684397307  
0.3574999999999979 0.3499333927967132 0.9367745836676936  
0.3587499999999978 0.3511040873359307 0.9363364351855601  
0.3599999999999978 0.3522742332750831 0.9358968236779371  
0.3612499999999978 0.3534438287858177 0.9354557498317176  
0.3624999999999978 0.3546128720406417 0.9350132143360793  
0.3637499999999977 0.3557813612129254 0.9345692178824838  
0.3649999999999977 0.3569492944769045 0.9341237611646755  
0.3662499999999977 0.3581166700076836 0.9336768448786804  
0.3674999999999977 0.3592834859812387 0.9332284697228052  
0.3687499999999976 0.36044974057442 0.9327786363976358  
0.3699999999999976 0.361615431964955 0.9323273456060369  
0.3712499999999976 0.3627805583314511 0.9318745980531502  
0.3724999999999976 0.3639451178533987 0.9314203944463936  
0.3737499999999975 0.3651091087111736 0.9309647354954601  
0.3749999999999975 0.3662725290860405 0.9305076219123168  
0.3762499999999975 0.3674353771601552 0.9300490544112037  
0.3774999999999974 0.3685976511165678 0.9295890337086322  
0.3787499999999974 0.3697593491392256 0.9291275605233847  
0.3799999999999974 0.3709204694129755 0.9286646355765129  
0.3812499999999974 0.3720810101235675 0.928200259591337  
0.3824999999999973 0.3732409694576568 0.9277344332934443  
0.3837499999999973 0.3744003456028073 0.9272671574106883  
0.3849999999999973 0.375559136747494 0.9267984326731875  
0.3862499999999973 0.3767173410811059 0.9263282598133242  
0.3874999999999972 0.377874956793949 0.9258566395657435  
0.3887499999999972 0.379031982077249 0.9253835726673517  
0.3899999999999972 0.3801884151231541 0.924909059857316  
0.3912499999999972 0.3813442541247379 0.9244331018770624  
0.3924999999999971 0.3824994972760023 0.9239556994702752  
0.3937499999999971 0.38365414277188 0.9234768533828955  
0.3949999999999971 0.3848081888082376 0.9229965643631204  
0.396249999999997 0.3859616335818786 0.9225148331614011  
0.397499999999997 0.3871144752905455 0.9220316605304428  
0.398749999999997 0.3882667121329236 0.9215470472252025  
0.399999999999997 0.389418342308643 0.9210609940028884  
0.4012499999999969 0.3905693640182818 0.9205735016229586  
0.4024999999999969 0.3917197754633687 0.9200845708471197  
0.4037499999999969 0.3928695748463862 0.9195942024393261  
0.4049999999999969 0.3940187603707729 0.9191023971657782  
0.4062499999999968 0.3951673302409267 0.9186091557949218  
0.4074999999999968 0.3963152826622073 0.9181144790974463  
0.4087499999999968 0.3974626158409395 0.917618367846284  
0.4099999999999968 0.3986093279844153 0.9171208228166087  
0.4112499999999967 0.3997554173008972 0.9166218447858343  
0.4124999999999967 0.4009008819996209 0.9161214345336139  
0.4137499999999967 0.402045720290798 0.9156195928418385  
0.4149999999999966 0.403189930385619 0.9151163204946354  
0.4162499999999966 0.4043335104962557 0.9146116182783678  
0.4174999999999966 0.4054764588358646 0.9141054869816327  
0.4187499999999966 0.406618773618589 0.9135979273952602  
0.4199999999999965 0.4077604530595624 0.913088940312312  
0.4212499999999965 0.4089014953749108 0.9125785265280804  
0.4224999999999965 0.410041898781756 0.9120666868400866  
0.4237499999999965 0.4111816614982177 0.9115534220480803  
0.4249999999999964 0.4123207817434169 0.9110387329540375  
0.4262499999999964 0.4134592577374785 0.9105226203621598  
0.4274999999999964 0.4145970877015341 0.910005085078873  
0.4287499999999964 0.4157342698577245 0.9094861279128259  
0.4299999999999963 0.4168708024292029 0.908965749674889  
0.4312499999999963 0.4180066836401372 0.9084439511781531  
0.4324999999999963 0.4191419117157134 0.9079207332379284  
0.4337499999999962 0.4202764848821378 0.9073960966717427  
0.4349999999999962 0.4214104013666401 0.9068700422993405  
0.4362499999999962 0.422543659397476 0.9063425709426818  
0.4374999999999962 0.42367625720393 0.9058136834259404  
0.4387499999999961 0.4248081930163183 0.9052833805755028  
0.4399999999999961 0.4259394650659915 0.9047516632199674  
0.4412499999999961 0.4270700715853372 0.9042185321901421  
0.4424999999999961 0.428200010807783 0.9036839883190444  
0.443749999999996 0.4293292809677989 0.9031480324418988  
0.444999999999996 0.4304578803009007 0.9026106653961362  
0.446249999999996 0.4315858070436521 0.9020718880213926  
0.447499999999996 0.4327130594336678 0.9015317011595074  
0.4487499999999959 0.4338396357096162 0.9009901056545226  
0.4499999999999959 0.434965534111222 0.9004471023526811  
0.4512499999999959 0.4360907528792693 0.8999026921024254  
0.4524999999999958 0.4372152902556039 0.8993568757543963  
0.4537499999999958 0.4383391444831365 0.8988096541614318  
0.4549999999999958 0.439462313805845 0.8982610281785655  
0.4562499999999958 0.4405847964687776 0.8977109986630254  
0.4574999999999957 0.4417065907180553 0.8971595664742326  
0.4587499999999957 0.4428276948008749 0.8966067324737996  
0.4599999999999957 0.4439481069655114 0.8960524975255296  
0.4612499999999957 0.4450678254613212 0.8954968624954146  
0.4624999999999956 0.4461868485387442 0.8949398282516341  
0.4637499999999956 0.4473051744493071 0.894381395664554  
0.4649999999999956 0.448422801445626 0.8938215656067251  
0.4662499999999956 0.4495397277814089 0.8932603389528818  
0.4674999999999955 0.4506559517114586 0.8926977165799407  
0.4687499999999955 0.4517714714916753 0.892133699366999  
0.4699999999999955 0.4528862853790598 0.8915682881953336  
0.4712499999999955 0.4540003916317156 0.8910014839483993  
0.4724999999999954 0.4551137885088518 0.8904332875118275  
0.4737499999999954 0.456226474270786 0.8898636997734252  
0.4749999999999954 0.457338447178947 0.889292721623173  
0.4762499999999953 0.4584497054958773 0.8887203539532241  
0.4774999999999953 0.4595602474852361 0.888146597657903  
0.4787499999999953 0.4606700714118017 0.8875714536337038  
0.4799999999999953 0.4617791755414744 0.8869949227792889  
0.4812499999999952 0.4628875581412792 0.8864170059954877  
0.4824999999999952 0.4639952174793687 0.8858377041852948  
0.4837499999999952 0.4651021518250252 0.8852570182538695  
0.4849999999999952 0.4662083594486642 0.8846749491085332  
0.4862499999999951 0.4673138386218363 0.8840914976587689  
0.4874999999999951 0.4684185876172307 0.8835066648162194  
0.4887499999999951 0.4695226047086772 0.8829204514946859  
0.4899999999999951 0.4706258881711494 0.8823328586101266  
0.491249999999995 0.4717284362807671 0.8817438870806551  
0.492499999999995 0.4728302473147991 0.8811535378265395  
0.493749999999995 0.4739313195516658 0.8805618117702003  
0.4949999999999949 0.4750316512709422 0.8799687098362093  
0.4962499999999949 0.4761312407533601 0.8793742329512884  
0.4974999999999949 0.4772300862808111 0.8787783820443072  
0.4987499999999949 0.4783281861363495 0.8781811580462829  
0.4999999999999948 0.4794255386041943 0.8775825618903779  
0.5012499999999949 0.4805221419697326 0.8769825945118984  
0.5024999999999948 0.4816179945195218 0.8763812568482935  
0.5037499999999948 0.4827130945412926 0.875778549839153  
0.5049999999999948 0.4838074403239513 0.8751744744262067  
0.5062499999999948 0.484901030157583 0.874569031553322  
0.5074999999999947 0.4859938623334538 0.8739622221665034  
0.5087499999999947 0.4870859351440135 0.8733540472138905  
0.5099999999999947 0.4881772468828987 0.8727445076457566  
0.5112499999999947 0.4892677958449348 0.872133604414507  
0.5124999999999946 0.4903575803261396 0.8715213384746781  
0.5137499999999946 0.4914465986237248 0.8709077107829349  
0.5149999999999946 0.4925348490360997 0.870292722298071  
0.5162499999999945 0.4936223298628731 0.8696763739810054  
0.5174999999999945 0.4947090394048566 0.8690586667947825  
0.5187499999999945 0.4957949759640667 0.8684396017045695  
0.5199999999999945 0.4968801378437277 0.8678191796776555  
0.5212499999999944 0.4979645233482744 0.8671974016834498  
0.5224999999999944 0.4990481307833547 0.8665742686934804  
0.5237499999999944 0.5001309584558321 0.8659497816813925  
0.5249999999999944 0.5012130046737887 0.8653239416229469  
0.5262499999999943 0.5022942677465275 0.8646967494960186  
0.5274999999999943 0.5033747459845752 0.8640682062805951  
0.5287499999999943 0.5044544376996847 0.863438312958775  
0.5299999999999943 0.5055333412048378 0.8628070705147667  
0.5312499999999942 0.5066114548142482 0.8621744799348862  
0.5324999999999942 0.5076887768433636 0.8615405422075562  
0.5337499999999942 0.5087653056088683 0.8609052583233042  
0.5349999999999941 0.5098410394286866 0.8602686292747613  
0.5362499999999941 0.5109159766219845 0.8596306560566602  
0.5374999999999941 0.5119901155091728 0.858991339665834  
0.5387499999999941 0.5130634544119099 0.8583506811012143  
0.539999999999994 0.5141359916531039 0.8577086813638299  
0.541249999999994 0.5152077255569154 0.8570653414568055  
0.542499999999994 0.5162786544487606 0.8564206623853593  
0.543749999999994 0.5173487766553133 0.8557746451568025  
0.5449999999999939 0.5184180905045077 0.8551272907805366  
0.5462499999999939 0.5194865943255411 0.8544786002680529  
0.5474999999999939 0.5205542864488766 0.8538285746329302  
0.5487499999999939 0.5216211652062455 0.8531772148908332  
0.5499999999999938 0.5226872289306498 0.8525245220595116  
0.5512499999999938 0.5237524759563652 0.8518704971587977  
0.5524999999999938 0.5248169046189436 0.8512151412106054  
0.5537499999999937 0.5258805132552152 0.850558455238928  
0.5549999999999937 0.5269433002032919 0.8499004402698375  
0.5562499999999937 0.5280052638025693 0.8492410973314819  
0.5574999999999937 0.5290664023937294 0.8485804274540845  
0.5587499999999936 0.5301267143187434 0.8479184316699419  
0.5599999999999936 0.5311861979208741 0.8472551110134222  
0.5612499999999936 0.5322448515446786 0.846590466520964  
0.5624999999999936 0.5333026735360108 0.8459244992310742  
0.5637499999999935 0.5343596622420241 0.8452572101843263  
0.5649999999999935 0.5354158160111739 0.8445886004233595  
0.5662499999999935 0.5364711331932202 0.8439186709928763  
0.5674999999999935 0.5375256121392299 0.8432474229396415  
0.5687499999999934 0.53857925120158 0.8425748573124798  
0.5699999999999934 0.5396320487339598 0.841900975162275  
0.5712499999999934 0.5406840030913731 0.8412257775419678  
0.5724999999999933 0.5417351126301416 0.8405492655065544  
0.5737499999999933 0.5427853757079069 0.8398714401130846  
0.5749999999999933 0.5438347906836331 0.8391923024206605  
0.5762499999999933 0.5448833559176094 0.8385118534904346  
0.5774999999999932 0.545931069771453 0.8378300943856082  
0.5787499999999932 0.5469779306081112 0.8371470261714298  
0.5799999999999932 0.548023936791864 0.8364626499151933  
0.5812499999999932 0.5490690866883271 0.8357769666862365  
0.5824999999999931 0.550113378664454 0.8350899775559393  
0.5837499999999931 0.5511568110885386 0.834401683597722  
0.5849999999999931 0.552199382330218 0.8337120858870439  
0.5862499999999931 0.5532410907604749 0.8330211855014013  
0.587499999999993 0.55428193475164 0.8323289835203257  
0.588749999999993 0.5553219126773948 0.8316354810253828  
0.589999999999993 0.5563610229127741 0.8309406791001699  
0.5912499999999929 0.5573992638341683 0.830244578830315  
0.5924999999999929 0.5584366338193261 0.8295471813034746  
0.5937499999999929 0.5594731312473572 0.8288484876093322  
0.5949999999999929 0.5605087544987345 0.8281484988395965  
0.5962499999999928 0.561543501955297 0.8274472160879999  
0.5974999999999928 0.5625773720002519 0.8267446404502965  
0.5987499999999928 0.5636103630181776 0.8260407730242606  
0.5999999999999928 0.5646424733950256 0.8253356149096849  
0.6012499999999927 0.5656737015181239 0.8246291672083788  
0.6024999999999927 0.5667040457761786 0.8239214310241667  
0.6037499999999927 0.5677335045592771 0.8232124074628863  
0.6049999999999927 0.5687620762588902 0.8225020976323867  
0.6062499999999926 0.5697897592678749 0.8217905026425268  
0.6074999999999926 0.5708165519804766 0.8210776236051739  
0.6087499999999926 0.571842452792332 0.820363461634201  
0.6099999999999925 0.5728674601004713 0.8196480178454864  
0.6112499999999925 0.5738915723033207 0.8189312933569105  
0.6124999999999925 0.5749147878007052 0.8182132892883553  
0.6137499999999925 0.5759371049938506 0.8174940067617021  
0.6149999999999924 0.5769585222853868 0.8167734469008298  
0.6162499999999924 0.5779790380793492 0.8160516108316127  
0.6174999999999924 0.5789986507811823 0.8153284996819198  
0.6187499999999924 0.5800173587977413 0.814604114581612  
0.6199999999999923 0.5810351605372951 0.8138784566625409  
0.6212499999999923 0.5820520544095288 0.8131515270585469  
0.6224999999999923 0.5830680388255459 0.8124233269054573  
0.6237499999999923 0.584083112197871 0.8116938573410847  
0.6249999999999922 0.5850972729404521 0.810963119505225  
0.6262499999999922 0.5861105194686633 0.8102311145396562  
0.6274999999999922 0.5871228501993071 0.8094978435881358  
0.6287499999999921 0.5881342635506168 0.8087633077963995  
0.6299999999999921 0.5891447579422594 0.8080275083121592  
0.6312499999999921 0.5901543317953376 0.8072904462851016  
0.6324999999999921 0.5911629835323925 0.8065521228668859  
0.633749999999992 0.5921707115774059 0.8058125392111424  
0.634999999999992 0.5931775143558028 0.8050716964734702  
0.636249999999992 0.5941833902944542 0.8043295958114361  
0.637499999999992 0.5951883378216792 0.8035862383845722  
0.6387499999999919 0.5961923553672475 0.8028416253543743  
0.6399999999999919 0.5971954413623818 0.8020957578843001  
0.6412499999999919 0.5981975942397605 0.8013486371397675  
0.6424999999999919 0.5991988124335199 0.8006002642881522  
0.6437499999999918 0.6001990943792568 0.799850640498787  
0.6449999999999918 0.6011984385140308 0.7990997669429587  
0.6462499999999918 0.6021968432763669 0.7983476447939072  
0.6474999999999917 0.603194307106258 0.797594275226823  
0.6487499999999917 0.6041908284451669 0.7968396594188462  
0.6499999999999917 0.6051864057360293 0.7960837985490635  
0.6512499999999917 0.6061810374232559 0.7953266937985076  
0.6524999999999916 0.6071747219527348 0.7945683463501545  
0.6537499999999916 0.6081674577718342 0.7938087573889219  
0.6549999999999916 0.6091592433294045 0.7930479281016672  
0.6562499999999916 0.6101500770757811 0.7922858596771863  
0.6574999999999915 0.6111399574627864 0.7915225533062109  
0.6587499999999915 0.6121288829437325 0.790758010181407  
0.6599999999999915 0.6131168519734235 0.7899922314973731  
0.6612499999999915 0.614103863008158 0.7892252184506381  
0.6624999999999914 0.6150899145057316 0.7884569722396598  
0.6637499999999914 0.6160750049254389 0.7876874940648229  
0.6649999999999914 0.6170591327280763 0.7869167851284367  
0.6662499999999913 0.6180422963759444 0.7861448466347338  
0.6674999999999913 0.6190244943328501 0.7853716797898681  
0.6687499999999913 0.6200057250641093 0.7845972858019125  
0.6699999999999913 0.6209859870365493 0.7838216658808573  
0.6712499999999912 0.6219652787185108 0.7830448212386087  
0.6724999999999912 0.6229435985798509 0.7822667530889863  
0.6737499999999912 0.6239209450919451 0.7814874626477213  
0.6749999999999912 0.6248973167276893 0.7807069511324549  
0.6762499999999911 0.6258727119615034 0.7799252197627362  
0.6774999999999911 0.6268471292693324 0.7791422697600203  
0.6787499999999911 0.6278205671286494 0.7783581023476664  
0.6799999999999911 0.628793024018458 0.777572718750936  
0.681249999999991 0.6297644984192945 0.7767861201969908  
0.682499999999991 0.6307349888132303 0.7759983079148908  
0.683749999999991 0.6317044936838745 0.7752092831355925  
0.6849999999999909 0.6326730115163758 0.774419047091947  
0.6862499999999909 0.6336405407974253 0.773627601018698  
0.6874999999999909 0.6346070800152587 0.7728349461524798  
0.6887499999999909 0.6355726276596587 0.7720410837318156  
0.6899999999999908 0.6365371822219573 0.771246014997115  
0.6912499999999908 0.6375007421950382 0.7704497411906729  
0.6924999999999908 0.6384633060733391 0.7696522635566669  
0.6937499999999908 0.6394248723528542 0.7688535833411557  
0.6949999999999907 0.6403854395311362 0.768053701792077  
0.6962499999999907 0.6413450061072994 0.7672526201592454  
0.6974999999999907 0.6423035705820209 0.7664503396943511  
0.6987499999999907 0.6432611314575442 0.7656468616509569  
0.6999999999999906 0.6442176872376804 0.764842187284497  
0.7012499999999906 0.6451732364278113 0.7640363178522752  
0.7024999999999906 0.6461277775348916 0.7632292546134621  
0.7037499999999905 0.6470813090674509 0.7624209988290941  
0.7049999999999905 0.6480338295355964 0.7616115517620704  
0.7062499999999905 0.6489853374510152 0.7608009146771521  
0.7074999999999905 0.6499358313269762 0.7599890888409593  
0.7087499999999904 0.650885309678333 0.7591760755219699  
0.7099999999999904 0.6518337710215258 0.7583618759905169  
0.7112499999999904 0.6527812138745841 0.7575464915187869  
0.7124999999999904 0.6537276367571285 0.7567299233808181  
0.7137499999999903 0.6546730381903735 0.755912172852498  
0.7149999999999903 0.6556174166971295 0.7550932412115616  
0.7162499999999903 0.6565607708018052 0.7542731297375894  
0.7174999999999903 0.6575030990304102 0.7534518397120055  
0.7187499999999902 0.6584443999105567 0.7526293724180753  
0.7199999999999902 0.6593846719714623 0.7518057291409038  
0.7212499999999902 0.6603239137439522 0.7509809111674335  
0.7224999999999902 0.6612621237604611 0.7501549197864423  
0.7237499999999901 0.6621993005550362 0.7493277562885415  
0.7249999999999901 0.6631354426633389 0.748499421966174  
0.7262499999999901 0.6640705486226474 0.7476699181136119  
0.72749999999999 0.6650046169718586 0.746839246026955  
0.72874999999999 0.6659376462514912 0.746007407004128  
0.72999999999999 0.666869635003687 0.7451744023448794  
0.73124999999999 0.6678005817722138 0.7443402333507787  
0.7324999999999899 0.6687304851024675 0.7435049013252149  
0.7337499999999899 0.6696593435414742 0.7426684075733939  
0.7349999999999899 0.6705871556378928 0.7418307534023373  
0.7362499999999899 0.6715139199420173 0.7409919401208793  
0.7374999999999898 0.6724396350057784 0.7401519690396657  
0.7387499999999898 0.6733642993827467 0.7393108414711511  
0.7399999999999898 0.6742879116281342 0.738468558729597  
0.7412499999999898 0.6752104702987969 0.7376251221310702  
0.7424999999999897 0.6761319739532371 0.7367805329934402  
0.7437499999999897 0.6770524211516056 0.7359347926363772  
0.7449999999999897 0.6779718104557038 0.7350879023813505  
0.7462499999999896 0.6788901404289861 0.7342398635516258  
0.7474999999999896 0.6798074096365622 0.7333906774722638  
0.7487499999999896 0.680723616645199 0.7325403454701175  
0.7499999999999896 0.6816387600233232 0.7316888688738303  
0.7512499999999895 0.6825528383410236 0.7308362490138344  
0.7524999999999895 0.683465850170053 0.729982487222348  
0.7537499999999895 0.6843777940838305 0.7291275848333739  
0.7549999999999895 0.685288668657444 0.7282715431826969  
0.7562499999999894 0.6861984724676521 0.7274143636078818  
0.7574999999999894 0.6871072040928866 0.7265560474482716  
0.7587499999999894 0.6880148621132546 0.725696596044985  
0.7599999999999894 0.6889214451105404 0.7248360107409149  
0.7612499999999893 0.6898269516682084 0.7239742928807253  
0.7624999999999893 0.6907313803714048 0.7231114438108505  
0.7637499999999893 0.6916347298069598 0.7222474648794918  
0.7649999999999892 0.6925369985633903 0.7213823574366162  
0.7662499999999892 0.6934381852309015 0.7205161228339538  
0.7674999999999892 0.6943382884013892 0.7196487624249961  
0.7687499999999892 0.6952373066684426 0.7187802775649935  
0.7699999999999891 0.6961352386273458 0.7179106696109535  
0.7712499999999891 0.6970320828750802 0.7170399399216383  
0.7724999999999891 0.697927838010327 0.7161680898575628  
0.7737499999999891 0.6988225026334689 0.7152951207809926  
0.774999999999989 0.6997160753465926 0.7144210340559417  
0.776249999999989 0.7006085547534909 0.7135458310481705  
0.777499999999989 0.7014999394596649 0.7126695131251833  
0.778749999999989 0.7023902280723263 0.711792081656227  
0.7799999999999889 0.7032794192003993 0.7109135380122878  
0.7812499999999889 0.7041675114545227 0.7100338835660902  
0.7824999999999889 0.7050545034470528 0.7091531196920939  
0.7837499999999888 0.7059403937920646 0.7082712477664924  
0.7849999999999888 0.7068251811053549 0.7073882691672104  
0.7862499999999888 0.7077088640044434 0.7065041852739017  
0.7874999999999888 0.708591441108576 0.7056189974679472  
0.7887499999999887 0.7094729110387259 0.7047327071324527  
0.7899999999999887 0.7103532724175967 0.7038453156522467  
0.7912499999999887 0.7112325238696239 0.7029568244138783  
0.7924999999999887 0.7121106640209772 0.7020672348056147  
0.7937499999999886 0.7129876914995629 0.7011765482174396  
0.7949999999999886 0.7138636049350257 0.7002847660410505  
0.7962499999999886 0.7147384029587509 0.699391889669857  
0.7974999999999886 0.715612084203867 0.6984979204989782  
0.7987499999999885 0.7164846473052471 0.6976028599252406  
0.7999999999999885 0.7173560908995116 0.6967067093471764  
0.8012499999999885 0.7182264136250299 0.6958094701650205  
0.8024999999999884 0.7190956141219231 0.6949111437807091  
0.8037499999999884 0.7199636910320656 0.6940117315978769  
0.8049999999999884 0.7208306429990873 0.6931112350218552  
0.8062499999999884 0.7216964686683759 0.6922096554596699  
0.8074999999999883 0.722561166687079 0.6913069943200388  
0.8087499999999883 0.7234247357041063 0.6904032530133697  
0.8099999999999883 0.7242871743701311 0.6894984329517582  
0.8112499999999883 0.7251484813375935 0.6885925355489855  
0.8124999999999882 0.7260086552607012 0.687685562220516  
0.8137499999999882 0.7268676947954329 0.6867775143834955  
0.8149999999999882 0.7277255985995392 0.6858683934567485  
0.8162499999999882 0.7285823653325458 0.6849582008607763  
0.8174999999999881 0.7294379936557548 0.6840469380177546  
0.8187499999999881 0.7302924822322471 0.6831346063515314  
0.8199999999999881 0.7311458297268845 0.6822212072876248  
0.821249999999988 0.7319980348063116 0.6813067422532206  
0.822499999999988 0.7328490961389584 0.6803912126771703  
0.823749999999988 0.7336990123950415 0.6794746199899886  
0.824999999999988 0.734547782246567 0.6785569656238514  
0.8262499999999879 0.7353954043673323 0.6776382510125935  
0.8274999999999879 0.7362418774329278 0.6767184775917061  
0.8287499999999879 0.7370872001207396 0.6757976467983352  
0.8299999999999879 0.7379313711099512 0.6748757600712787  
0.8312499999999878 0.7387743890815456 0.6739528188509843  
0.8324999999999878 0.7396162527183073 0.6730288245795477  
0.8337499999999878 0.7404569607048247 0.6721037787007096  
0.8349999999999878 0.7412965117274916 0.671177682659854  
0.8362499999999877 0.7421349044745097 0.6702505379040058  
0.8374999999999877 0.7429721376358905 0.6693223458818285  
0.8387499999999877 0.7438082099034575 0.6683931080436218  
0.8399999999999876 0.7446431199708479 0.6674628258413199  
0.8412499999999876 0.7454768665335147 0.6665315007284884  
0.8424999999999876 0.7463094482887294 0.6655991341603227  
0.8437499999999876 0.7471408639355828 0.6646657275936452  
0.8449999999999875 0.7479711121749884 0.6637312824869035  
0.8462499999999875 0.7488001917096834 0.662795800300168  
0.8474999999999875 0.7496281012442312 0.6618592824951295  
0.8487499999999875 0.7504548394850232 0.6609217305350966  
0.8499999999999874 0.7512804051402813 0.6599831458849943  
0.8512499999999874 0.7521047969200592 0.6590435300113607  
0.8524999999999874 0.7529280135362448 0.6581028843823457  
0.8537499999999874 0.7537500537025625 0.6571612104677076  
0.8549999999999873 0.7545709161345747 0.6562185097388119  
0.8562499999999873 0.755390599549684 0.6552747836686282  
0.8574999999999873 0.7562091026671351 0.6543300337317284  
0.8587499999999872 0.7570264242080172 0.653384261404284  
0.8599999999999872 0.7578425628952655 0.652437468164064  
0.8612499999999872 0.7586575174536635 0.6514896554904328  
0.8624999999999872 0.7594712866098448 0.6505408248643475  
0.8637499999999871 0.7602838690922952 0.6495909777683557  
0.8649999999999871 0.7610952636313548 0.6486401156865933  
0.8662499999999871 0.76190546895922 0.6476882401047821  
0.8674999999999871 0.7627144838099448 0.6467353525102275  
0.868749999999987 0.7635223069194439 0.6457814543918162  
0.869999999999987 0.7643289370254938 0.6448265472400138  
0.871249999999987 0.765134372867735 0.6438706325468625  
0.872499999999987 0.7659386131876743 0.6429137118059788  
0.8737499999999869 0.7667416567286863 0.6419557865125513  
0.8749999999999869 0.7675435022360158 0.6409968581633378  
0.8762499999999869 0.768344148456779 0.640036928256664  
0.8774999999999868 0.7691435941399667 0.63907599829242  
0.8787499999999868 0.769941838036445 0.6381140697720586  
0.8799999999999868 0.770738878898958 0.6371511441985931  
0.8812499999999868 0.7715347154821295 0.6361872230765944  
0.8824999999999867 0.7723293465424651 0.635222307912189  
0.8837499999999867 0.7731227708383538 0.6342564002130568  
0.8849999999999867 0.7739149871300703 0.6332895014884283  
0.8862499999999867 0.774705994179777 0.6323216132490825  
0.8874999999999866 0.7754957907515254 0.6313527370073447  
0.8887499999999866 0.7762843756112585 0.6303828742770838  
0.8899999999999866 0.7770717475268126 0.6294120265737101  
0.8912499999999866 0.7778579052679193 0.6284401954141728  
0.8924999999999865 0.7786428476062073 0.6274673823169582  
0.8937499999999865 0.7794265733152043 0.6264935888020863  
0.8949999999999865 0.780209081170339 0.6255188163911093  
0.8962499999999864 0.7809903699489432 0.624543066607109  
0.8974999999999864 0.7817704384302533 0.6235663409746942  
0.8987499999999864 0.7825492853954124 0.6225886410199986  
0.8999999999999864 0.7833269096274722 0.6216099682706779  
0.9012499999999863 0.7841033099113951 0.6206303242559084  
0.9024999999999863 0.7848784850340558 0.6196497105063834  
0.9037499999999863 0.7856524337842433 0.6186681285543119  
0.9049999999999863 0.7864251549526629 0.6176855799334153  
0.9062499999999862 0.7871966473319378 0.6167020661789258  
0.9074999999999862 0.7879669097166114 0.6157175888275833  
0.9087499999999862 0.7887359409031489 0.6147321494176335  
0.9099999999999862 0.7895037396899393 0.6137457494888254  
0.9112499999999861 0.790270304877297 0.6127583905824086  
0.9124999999999861 0.7910356352674641 0.6117700742411311  
0.9137499999999861 0.7917997296646121 0.610780802009237  
0.914999999999986 0.7925625868748435 0.6097905754324641  
0.916249999999986 0.7933242057061941 0.6087993960580411  
0.917499999999986 0.7940845849686348 0.6078072654346857  
0.918749999999986 0.7948437234740729 0.6068141851126017  
0.9199999999999859 0.7956016200363549 0.6058201566434769  
0.9212499999999859 0.7963582734712674 0.6048251815804806  
0.9224999999999859 0.7971136825965397 0.6038292614782611  
0.9237499999999859 0.797867846231845 0.6028323978929434  
0.9249999999999858 0.798620763198803 0.6018345923821267  
0.9262499999999858 0.799372432320981 0.6008358465048818  
0.9274999999999858 0.800122852423896 0.5998361618217489  
0.9287499999999858 0.800872022335017 0.5988355398947353  
0.9299999999999857 0.801619940883766 0.5978339822873124  
0.9312499999999857 0.8023666069015204 0.5968314905644139  
0.9324999999999857 0.8031120192216148 0.5958280662924327  
0.9337499999999856 0.8038561766793426 0.5948237110392192  
0.9349999999999856 0.8045990781119579 0.5938184263740782  
0.9362499999999856 0.8053407223586773 0.5928122138677668  
0.9374999999999856 0.8060811082606818 0.5918050750924919  
0.9387499999999855 0.8068202346611187 0.5907970116219076  
0.9399999999999855 0.8075581004051031 0.5897880250311127  
0.9412499999999855 0.8082947043397199 0.5887781168966487  
0.9424999999999855 0.8090300453140257 0.5877672887964969  
0.9437499999999854 0.8097641221790501 0.5867555423100759  
0.9449999999999854 0.8104969337877985 0.5857428790182394  
0.9462499999999854 0.8112284789952527 0.5847293005032737  
0.9474999999999854 0.8119587566583736 0.5837148083488948  
0.9487499999999853 0.8126877656361023 0.5826994041402467  
0.9499999999999853 0.8134155047893626 0.5816830894638981  
0.9512499999999853 0.8141419729810622 0.5806658659078406  
0.9524999999999852 0.8148671690760946 0.5796477350614858  
0.9537499999999852 0.8155910919413411 0.5786286985156629  
0.9549999999999852 0.8163137404456723 0.5776087578626162  
0.9562499999999852 0.8170351134599502 0.5765879146960029  
0.9574999999999851 0.8177552098570295 0.5755661706108902  
0.9587499999999851 0.8184740285117599 0.574543527203753  
0.9599999999999851 0.8191915683009872 0.5735199860724715  
0.9612499999999851 0.8199078281035557 0.5724955488163284  
0.962499999999985 0.8206228068003095 0.5714702170360068  
0.963749999999985 0.8213365032740947 0.5704439923335872  
0.964999999999985 0.8220489164097606 0.5694168763125458  
0.966249999999985 0.8227600450941619 0.5683888705777509  
0.9674999999999849 0.8234698882161602 0.5673599767354615  
0.9687499999999849 0.8241784446666256 0.5663301963933237  
0.9699999999999849 0.824885713338439 0.5652995311603694  
0.9712499999999848 0.8255916931264931 0.5642679826470126  
0.9724999999999848 0.8262963829276946 0.5632355524650478  
0.9737499999999848 0.8269997816409659 0.5622022422276467  
0.9749999999999848 0.8277018881672467 0.5611680535493566  
0.9762499999999847 0.8284027014094956 0.560132988046097  
0.9774999999999847 0.829102220272692 0.5590970473351575  
0.9787499999999847 0.829800443663838 0.5580602330351954  
0.9799999999999847 0.8304973704919596 0.5570225467662326  
0.9812499999999846 0.8311929996681088 0.5559839901496539  
0.9824999999999846 0.8318873301053651 0.5549445648082036  
0.9837499999999846 0.8325803607188373 0.5539042723659838  
0.9849999999999846 0.8332720904256653 0.552863114448451  
0.9862499999999845 0.8339625181450215 0.5518210926824144  
0.9874999999999845 0.8346516427981129 0.5507782086960328  
0.9887499999999845 0.8353394633081821 0.5497344641188121  
0.9899999999999844 0.8360259786005099 0.5486898605816031  
0.9912499999999844 0.8367111876024161 0.5476443997165985  
0.9924999999999844 0.837395089243262 0.5465980831573308  
0.9937499999999844 0.8380776824544514 0.5455509125386694  
0.9949999999999843 0.8387589661694324 0.5445028894968181  
0.9962499999999843 0.8394389393236994 0.5434540156693128  
0.9974999999999843 0.8401176008547945 0.5424042926950187  
0.9987499999999843 0.8407949497023092 0.5413537222141275  
0.9999999999999842 0.841470984807886 0.5403023058681554  
