0 0 1  
0.0025 0.002499997395833333 0.9999968750016276  
0.005 0.004999979166691081 0.9999875000260416  
0.0075 0.007499929687695313 0.9999718751318357  
0.01 0.00999983333416341 0.9999500004166654  
0.0125 0.01249967448170572 0.9999218760172475  
0.015 0.01499943750632321 0.9998875021093594  
0.0175 0.01749910678450511 0.999846878907838  
0.02 0.01999866669332657 0.9998000066665781  
0.0225 0.0224981016105463 0.9997468856785311  
0.025 0.0249973959147042 0.999687516275703  
0.0275 0.027496533985219 0.9996218988291523  
0.03 0.0299955002024859 0.999550033748988  
0.03249999999999999 0.03249427894797419 0.9994719214843665  
0.035 0.03499285460432482 0.9993875625234891  
0.0375 0.03749121155544808 0.9992969573935992  
0.04 0.03998933418662116 0.9992001066609786  
0.0425 0.04248720688458575 0.9990970109309439  
0.04500000000000001 0.04498481403764561 0.9989876708478432  
0.04750000000000001 0.04748214003576418 0.9988720870950516  
0.05000000000000001 0.04997916927066208 0.9987502603949672  
0.05250000000000001 0.05247588613591474 0.9986221915090064  
0.05500000000000001 0.05497227502704986 0.9984878812375995  
0.05750000000000002 0.05746832034164502 0.9983473304201851  
0.06000000000000002 0.05996400647942511 0.9982005399352054  
0.06250000000000001 0.0624593178423599 0.9980475107001004  
0.06500000000000002 0.06495423883476149 0.9978882436713025  
0.06750000000000002 0.06744875386338181 0.9977227398442299  
0.07000000000000002 0.06994284733751004 0.9975510002532811  
0.07250000000000002 0.07243650366907009 0.997373025971828  
0.07500000000000002 0.074929707272718 0.9971888181122092  
0.07750000000000003 0.07742244256593937 0.9969983778257232  
0.08000000000000003 0.07991469396914673 0.9968017063026213  
0.08250000000000003 0.08240644590577692 0.9965988047720998  
0.08500000000000003 0.08489768280238845 0.9963896745022927  
0.08750000000000004 0.08738838908875883 0.9961743168002634  
0.09000000000000004 0.08987854919798187 0.9959527330119967  
0.09250000000000004 0.092368147566565 0.9957249245223908  
0.09500000000000004 0.09485716863452652 0.9954908927552479  
0.09750000000000004 0.09734559684549285 0.9952506391732659  
0.1 0.09983341664679578 0.9950041652780288  
0.1025 0.1023206124895696 0.9947514726099976  
0.1050000000000001 0.1048071688288485 0.9944925627485008  
0.1075000000000001 0.1072930701236634 0.9942274373117241  
0.1100000000000001 0.1097783008371392 0.9939560979567006  
0.1125000000000001 0.1122628454365922 0.9936785463793004  
0.1150000000000001 0.1147466883936266 0.99339478431422  
0.1175000000000001 0.1172298141842321 0.9931048135349713  
0.1200000000000001 0.1197122072888806 0.9928086358538707  
0.1225000000000001 0.1221938521926232 0.9925062531220279  
0.1250000000000001 0.1246747333851873 0.9921976672293339  
0.1275000000000001 0.1271548353610737 0.9918828801044495  
0.1300000000000001 0.1296341426196529 0.9915618937147932  
0.1325000000000001 0.1321126396652628 0.991234710066529  
0.1350000000000001 0.1345903110073048 0.9909013312045535  
0.1375000000000001 0.1370671411603411 0.9905617592124836  
0.1400000000000001 0.1395431146441913 0.9902159962126431  
0.1425000000000001 0.1420182159840293 0.9898640443660497  
0.1450000000000001 0.1444924297104797 0.9895059058724012  
0.1475000000000001 0.1469657403597147 0.989141582970062  
0.1500000000000001 0.1494381324735509 0.9887710779360492  
0.1525000000000001 0.1519095905995456 0.988394393086018  
0.1550000000000001 0.1543800992910936 0.9880115307742473  
0.1575000000000001 0.1568496431075235 0.9876224933936255  
0.1600000000000001 0.1593182066141945 0.9872272833756349  
0.1625000000000001 0.1617857743825929 0.9868259031903369  
0.1650000000000001 0.164252330990428 0.9864183553463562  
0.1675000000000001 0.1667178610217291 0.9860046423908657  
0.1700000000000001 0.1691823490669415 0.9855847669095699  
0.1725000000000001 0.1716457797230229 0.9851587315266891  
0.1750000000000001 0.1741081375935399 0.9847265389049432  
0.1775000000000001 0.1765694072887636 0.9842881917455346  
0.1800000000000001 0.1790295734257666 0.9838436927881317  
0.1825000000000001 0.1814886206285184 0.9833930448108514  
0.1850000000000001 0.183946533527982 0.9829362506302423  
0.1875000000000001 0.18640329676221 0.9824733131012664  
0.1900000000000001 0.1888588949764399 0.9820042351172817  
0.1925000000000001 0.191313312823191 0.9815290196100243  
0.1950000000000001 0.1937665349623597 0.9810476695495893  
0.1975000000000001 0.1962185460613156 0.9805601879444132  
0.2000000000000001 0.1986693307949974 0.9800665778412544  
0.2025000000000001 0.2011188738460085 0.9795668423251743  
0.2050000000000001 0.2035671599047127 0.9790609845195185  
0.2075000000000001 0.2060141736693301 0.9785490075858965  
0.2100000000000001 0.2084598998460328 0.9780309147241624  
0.2125000000000001 0.21090432314904 0.9775067091723949  
0.2150000000000001 0.213347428300714 0.9769763942068771  
0.2175000000000001 0.2157892000316556 0.9764399731420758  
0.2200000000000001 0.2182296230807995 0.9758974493306208  
0.2225000000000001 0.2206686821955095 0.9753488261632843  
0.2250000000000001 0.2231063621316741 0.9747941070689593  
0.2275000000000001 0.2255426476538017 0.9742332955146382  
0.2300000000000001 0.2279775235351156 0.9736663950053915  
0.2325000000000002 0.2304109745576495 0.9730934090843456  
0.2350000000000002 0.2328429855123425 0.9725143413326605  
0.2375000000000002 0.2352735411991339 0.9719291953695077  
0.2400000000000002 0.2377026264270588 0.9713379748520478  
0.2425000000000002 0.2401302260143422 0.9707406834754069  
0.2450000000000002 0.2425563247884948 0.9701373249726543  
0.2475000000000002 0.2449809075864069 0.9695279031147785  
0.2500000000000002 0.2474039592544441 0.9689124217106644  
0.2525000000000002 0.2498254646485414 0.9682908846070686  
0.2550000000000002 0.2522454086342978 0.967663295688596  
0.2575000000000002 0.2546637760870714 0.9670296588776752  
0.2600000000000002 0.2570805518920734 0.9663899781345344  
0.2625000000000002 0.2594957209444629 0.9657442574571761  
0.2650000000000002 0.2619092681494412 0.9650925008813523  
0.2675000000000002 0.2643211784223462 0.9644347124805397  
0.2700000000000002 0.2667314366887464 0.9637708963659134  
0.2725000000000002 0.2691400278845357 0.9631010566863222  
0.2750000000000002 0.2715469369560267 0.9624251976282617  
0.2775000000000002 0.2739521488600458 0.961743323415849  
0.2800000000000002 0.2763556485640262 0.9610554383107957  
0.2825000000000002 0.2787574210461027 0.9603615466123813  
0.2850000000000002 0.281157451295205 0.9596616526574268  
0.2875000000000002 0.283555724311152 0.958955760820267  
0.2900000000000002 0.2859522251047451 0.9582438755127237  
0.2925000000000002 0.2883469386978621 0.9575260011840778  
0.2950000000000002 0.2907398501235509 0.9568021423210414  
0.2975000000000002 0.2931309444261228 0.9560723034477301  
0.3000000000000002 0.2955202066612463 0.9553364891256344  
0.3025000000000002 0.2979076218960401 0.9545947039535916  
0.3050000000000002 0.3002931752091668 0.9538469525677564  
0.3075000000000002 0.302676851690926 0.9530932396415727  
0.3100000000000002 0.3050586364433474 0.9523335698857437  
0.3125000000000002 0.307438514580284 0.951567948048203  
0.3150000000000002 0.3098164712275053 0.9507963789140845  
0.3175000000000002 0.31219249152279 0.950018867305693  
0.3200000000000002 0.3145665606160189 0.9492354180824731  
0.3225000000000002 0.3169386636692679 0.9484460361409803  
0.3250000000000002 0.3193087858569007 0.947650726414849  
0.3275000000000002 0.3216769123656613 0.9468494938747625  
0.3300000000000002 0.3240430283947667 0.9460423435284213  
0.3325000000000002 0.3264071191559995 0.9452292804205127  
0.3350000000000002 0.3287691698738001 0.9444103096326784  
0.3375000000000002 0.3311291657853592 0.9435854362834831  
0.3400000000000002 0.33348709214071 0.9427546655283826  
0.3425000000000002 0.3358429342028206 0.9419180025596915  
0.3450000000000003 0.3381966772476856 0.9410754526065505  
0.3475000000000003 0.3405483065644187 0.9402270209348941  
0.3500000000000003 0.3428978074553443 0.9393727128474175  
0.3525000000000003 0.3452451652360896 0.9385125336835435  
0.3550000000000003 0.3475903652356759 0.9376464888193889  
0.3575000000000003 0.3499333927966111 0.9367745836677316  
0.3600000000000003 0.3522742332749803 0.9358968236779757  
0.3625000000000003 0.3546128720405383 0.9350132143361183  
0.3650000000000003 0.3569492944768004 0.934123761164715  
0.3675000000000003 0.359283485981134 0.9332284697228451  
0.3700000000000003 0.3616154319648497 0.9323273456060774  
0.3725000000000003 0.3639451178532928 0.9314203944464347  
0.3750000000000003 0.3662725290859339 0.9305076219123585  
0.3775000000000003 0.3685976511164606 0.9295890337086744  
0.3800000000000003 0.3709204694128678 0.9286646355765557  
0.3825000000000003 0.3732409694575485 0.9277344332934875  
0.3850000000000003 0.3755591367473851 0.9267984326732313  
0.3875000000000003 0.3778749567938395 0.9258566395657878  
0.3900000000000003 0.380188415123044 0.9249090598573608  
0.3925000000000003 0.3824994972758916 0.9239556994703205  
0.3950000000000003 0.3848081888081263 0.9229965643631662  
0.3975000000000003 0.3871144752904336 0.9220316605304892  
0.4000000000000003 0.3894183423085305 0.9210609940029353  
0.4025000000000003 0.3917197754632556 0.9200845708471671  
0.4050000000000003 0.3940187603706592 0.9191023971658262  
0.4075000000000003 0.3963152826620931 0.9181144790974949  
0.4100000000000003 0.3986093279843004 0.9171208228166579  
0.4125000000000003 0.4009008819995054 0.9161214345336637  
0.4150000000000003 0.4031899303855029 0.9151163204946858  
0.4175000000000003 0.405476458835748 0.9141054869816837  
0.4200000000000003 0.4077604530594452 0.9130889403123635  
0.4225000000000003 0.4100418987816382 0.9120666868401388  
0.4250000000000003 0.4123207817432986 0.9110387329540902  
0.4275000000000003 0.4145970877014153 0.9100050850789263  
0.4300000000000003 0.4168708024290834 0.9089657496749429  
0.4325000000000003 0.4191419117155934 0.9079207332379829  
0.4350000000000003 0.4214104013665195 0.9068700422993957  
0.4375000000000003 0.4236762572038089 0.9058136834259962  
0.4400000000000003 0.4259394650658699 0.9047516632200239  
0.4425000000000003 0.4282000108076608 0.9036839883191016  
0.4450000000000003 0.430457880300778 0.9026106653961939  
0.4475000000000003 0.4327130594335445 0.9015317011595658  
0.4500000000000003 0.4349655341110982 0.9004471023527401  
0.4525000000000003 0.4372152902554796 0.8993568757544558  
0.4550000000000003 0.4394623138057202 0.8982610281786256  
0.4575000000000004 0.4417065907179299 0.8971595664742934  
0.4600000000000004 0.4439481069653855 0.8960524975255911  
0.4625000000000004 0.4461868485386177 0.8949398282516962  
0.4650000000000004 0.448422801445499 0.8938215656067878  
0.4675000000000004 0.450655951711331 0.8926977165800041  
0.4700000000000004 0.4528862853789318 0.8915682881953976  
0.4725000000000004 0.4551137885087231 0.8904332875118921  
0.4750000000000004 0.4573384471788178 0.8892927216232382  
0.4775000000000004 0.4595602474851064 0.8881465976579691  
0.4800000000000004 0.4617791755413441 0.8869949227793557  
0.4825000000000004 0.4639952174792379 0.8858377041853622  
0.4850000000000004 0.4662083594485329 0.8846749491086012  
0.4875000000000004 0.4684185876170989 0.8835066648162881  
0.4900000000000004 0.4706258881710171 0.8823328586101959  
0.4925000000000004 0.4728302473146663 0.8811535378266095  
0.4950000000000004 0.4750316512708089 0.8799687098362801  
0.4975000000000004 0.4772300862806773 0.8787783820443786  
0.5000000000000003 0.47942553860406 0.87758256189045  
0.5025000000000003 0.4816179945193871 0.8763812568483663  
0.5050000000000002 0.4838074403238162 0.8751744744262802  
0.5075000000000002 0.4859938623333181 0.8739622221665777  
0.5100000000000001 0.4881772468827625 0.8727445076458317  
0.5125000000000001 0.490357580326003 0.8715213384747538  
0.515 0.4925348490359626 0.8702927222981474  
0.5175 0.4947090394047191 0.8690586667948595  
0.5199999999999999 0.4968801378435897 0.8678191796777333  
0.5224999999999999 0.4990481307832162 0.8665742686935589  
0.5249999999999998 0.5012130046736498 0.8653239416230262  
0.5274999999999997 0.5033747459844358 0.864068206280675  
0.5299999999999997 0.505533341204698 0.8628070705148474  
0.5324999999999996 0.5076887768432232 0.8615405422076376  
0.5349999999999996 0.5098410394285459 0.8602686292748436  
0.5374999999999995 0.5119901155090317 0.858991339665917  
0.5399999999999995 0.5141359916529623 0.8577086813639136  
0.5424999999999994 0.5162786544486186 0.8564206623854438  
0.5449999999999994 0.5184180905043653 0.8551272907806219  
0.5474999999999993 0.5205542864487338 0.8538285746330162  
0.5499999999999993 0.5226872289305066 0.8525245220595985  
0.5524999999999992 0.5248169046187999 0.8512151412106931  
0.5549999999999992 0.5269433002031478 0.8499004402699259  
0.5574999999999991 0.5290664023935848 0.8485804274541737  
0.5599999999999991 0.5311861979207291 0.8472551110135123  
0.562499999999999 0.5333026735358654 0.8459244992311649  
0.5649999999999989 0.5354158160110281 0.844588600423451  
0.5674999999999989 0.5375256121390836 0.8432474229397338  
0.5699999999999988 0.539632048733813 0.8419009751623682  
0.5724999999999988 0.5417351126299945 0.8405492655066483  
0.5749999999999987 0.5438347906834855 0.8391923024207553  
0.5774999999999987 0.545931069771305 0.8378300943857038  
0.5799999999999986 0.5480239367917156 0.8364626499152897  
0.5824999999999986 0.5501133786643051 0.8350899775560365  
0.5849999999999985 0.5521993823300687 0.8337120858871421  
0.5874999999999985 0.5542819347514903 0.8323289835204247  
0.5899999999999984 0.556361022912624 0.8309406791002697  
0.5924999999999984 0.5584366338191756 0.8295471813035752  
0.5949999999999983 0.5605087544985837 0.8281484988396979  
0.5974999999999983 0.5625773720001007 0.8267446404503986  
0.5999999999999982 0.5646424733948741 0.8253356149097878  
0.6024999999999981 0.5667040457760267 0.8239214310242704  
0.6049999999999981 0.568762076258738 0.8225020976324912  
0.607499999999998 0.5708165519803241 0.8210776236052791  
0.609999999999998 0.5728674601003184 0.8196480178455924  
0.6124999999999979 0.5749147878005519 0.8182132892884623  
0.6149999999999979 0.5769585222852331 0.8167734469009376  
0.6174999999999978 0.5789986507810282 0.8153284996820285  
0.6199999999999978 0.5810351605371407 0.8138784566626505  
0.6224999999999977 0.5830680388253912 0.8124233269055676  
0.6249999999999977 0.585097272940297 0.8109631195053362  
0.6274999999999976 0.5871228501991516 0.8094978435882477  
0.6299999999999976 0.5891447579421036 0.8080275083122719  
0.6324999999999975 0.5911629835322363 0.8065521228669994  
0.6349999999999975 0.5931775143556463 0.8050716964735846  
0.6374999999999974 0.5951883378215225 0.8035862383846875  
0.6399999999999973 0.5971954413622247 0.8020957578844162  
0.6424999999999973 0.5991988124333625 0.8006002642882692  
0.6449999999999972 0.601198438513873 0.7990997669430766  
0.6474999999999972 0.6031943071060999 0.7975942752269418  
0.6499999999999971 0.6051864057358709 0.7960837985491832  
0.6524999999999971 0.607174721952576 0.7945683463502751  
0.654999999999997 0.6091592433292454 0.7930479281017887  
0.657499999999997 0.6111399574626269 0.7915225533063333  
0.6599999999999969 0.6131168519732637 0.7899922314974962  
0.6624999999999969 0.6150899145055715 0.7884569722397838  
0.6649999999999968 0.6170591327279159 0.7869167851285616  
0.6674999999999968 0.6190244943326894 0.7853716797899939  
0.6699999999999967 0.6209859870363883 0.783821665880984  
0.6724999999999967 0.6229435985796897 0.7822667530891139  
0.6749999999999966 0.6248973167275279 0.7807069511325834  
0.6774999999999965 0.6268471292691706 0.7791422697601497  
0.6799999999999965 0.628793024018296 0.7775727187510663  
0.6824999999999964 0.630734988813068 0.7759983079150219  
0.6849999999999964 0.6326730115162131 0.774419047092079  
0.6874999999999963 0.6346070800150958 0.7728349461526127  
0.6899999999999963 0.6365371822217941 0.7712460149972488  
0.6924999999999962 0.6384633060731757 0.7696522635568016  
0.6949999999999962 0.6403854395309726 0.7680537017922126  
0.6974999999999961 0.6423035705818571 0.7664503396944875  
0.6999999999999961 0.6442176872375162 0.7648421872846344  
0.702499999999996 0.6461277775347272 0.7632292546136004  
0.704999999999996 0.6480338295354319 0.7616115517622095  
0.7074999999999959 0.6499358313268114 0.7599890888410994  
0.7099999999999959 0.6518337710213609 0.758361875990658  
0.7124999999999958 0.6537276367569633 0.7567299233809602  
0.7149999999999958 0.6556174166969641 0.7550932412117046  
0.7174999999999957 0.6575030990302446 0.7534518397121495  
0.7199999999999956 0.6593846719712965 0.7518057291410487  
0.7224999999999956 0.661262123760295 0.7501549197865881  
0.7249999999999955 0.6631354426631726 0.7484994219663208  
0.7274999999999955 0.6650046169716921 0.7468392460271027  
0.7299999999999954 0.6668696350035204 0.7451744023450281  
0.7324999999999954 0.6687304851023006 0.7435049013253645  
0.7349999999999953 0.6705871556377259 0.7418307534024879  
0.7374999999999953 0.6724396350056112 0.7401519690398174  
0.7399999999999952 0.6742879116279668 0.7384685587297497  
0.7424999999999952 0.6761319739530696 0.7367805329935938  
0.7449999999999951 0.6779718104555361 0.735087902381505  
0.7474999999999951 0.6798074096363943 0.7333906774724193  
0.749999999999995 0.6816387600231552 0.7316888688739867  
0.752499999999995 0.6834658501698847 0.7299824872225054  
0.7549999999999949 0.6852886686572756 0.7282715431828551  
0.7574999999999948 0.6871072040927181 0.7265560474484307  
0.7599999999999948 0.6889214451103717 0.7248360107410748  
0.7624999999999947 0.6907313803712359 0.7231114438110113  
0.7649999999999947 0.6925369985632214 0.7213823574367779  
0.7674999999999946 0.6943382884012201 0.7196487624251587  
0.7699999999999946 0.6961352386271765 0.717910669611117  
0.7724999999999945 0.6979278380101576 0.7161680898577272  
0.7749999999999945 0.699716075346423 0.714421034056107  
0.7774999999999944 0.7014999394594952 0.7126695131253497  
0.7799999999999944 0.7032794192002293 0.710913538012455  
0.7824999999999943 0.7050545034468828 0.7091531196922621  
0.7849999999999943 0.7068251811051848 0.7073882691673795  
0.7874999999999942 0.7085914411084058 0.7056189974681173  
0.7899999999999942 0.7103532724174264 0.7038453156524179  
0.7924999999999941 0.7121106640208068 0.7020672348057868  
0.794999999999994 0.7138636049348551 0.7002847660412236  
0.797499999999994 0.7156120842036964 0.6984979204991522  
0.7999999999999939 0.7173560908993408 0.6967067093473513  
0.8024999999999939 0.7190956141217524 0.694911143780885  
0.8049999999999938 0.7208306429989164 0.6931112350220322  
0.8074999999999938 0.7225611666869082 0.6913069943202167  
0.8099999999999937 0.7242871743699603 0.689498432951937  
0.8124999999999937 0.7260086552605303 0.6876855622206959  
0.8149999999999936 0.7277255985993681 0.6858683934569294  
0.8174999999999936 0.7294379936555837 0.6840469380179365  
0.8199999999999935 0.7311458297267134 0.6822212072878077  
0.8224999999999935 0.7328490961387873 0.6803912126773541  
0.8249999999999934 0.7345477822463959 0.6785569656240361  
0.8274999999999934 0.7362418774327566 0.6767184775918919  
0.8299999999999933 0.7379313711097799 0.6748757600714654  
0.8324999999999932 0.7396162527181359 0.6730288245797355  
0.8349999999999932 0.74129651172732 0.6711776826600427  
0.8374999999999931 0.742972137635719 0.6693223458820182  
0.8399999999999931 0.7446431199706762 0.6674628258415107  
0.842499999999993 0.7463094482885576 0.6655991341605144  
0.844999999999993 0.7479711121748166 0.6637312824870963  
0.8474999999999929 0.7496281012440593 0.6618592824953232  
0.8499999999999929 0.7512804051401094 0.659983145885189  
0.8524999999999928 0.752928013536073 0.6581028843825414  
0.8549999999999928 0.7545709161344029 0.6562185097390086  
0.8574999999999927 0.7562091026669633 0.6543300337319262  
0.8599999999999927 0.7578425628950937 0.652437468164263  
0.8624999999999926 0.7594712866096728 0.6505408248645475  
0.8649999999999926 0.7610952636311829 0.6486401156867942  
0.8674999999999925 0.7627144838097728 0.6467353525104295  
0.8699999999999924 0.7643289370253217 0.6448265472402167  
0.8724999999999924 0.7659386131875022 0.6429137118061827  
0.8749999999999923 0.7675435022358437 0.6409968581635428  
0.8774999999999923 0.7691435941397946 0.639075998292626  
0.8799999999999922 0.7707388788987859 0.6371511441988  
0.8824999999999922 0.772329346542293 0.635222307912397  
0.8849999999999921 0.7739149871298984 0.6332895014886373  
0.8874999999999921 0.7754957907513534 0.6313527370075548  
0.889999999999992 0.7770717475266407 0.6294120265739211  
0.892499999999992 0.7786428476060354 0.6274673823171703  
0.8949999999999919 0.7802090811701673 0.6255188163913225  
0.8974999999999919 0.7817704384300815 0.6235663409749084  
0.8999999999999918 0.7833269096273004 0.6216099682708931  
0.9024999999999918 0.7848784850338841 0.6196497105065996  
0.9049999999999917 0.7864251549524912 0.6176855799336325  
0.9074999999999916 0.7879669097164399 0.6157175888278015  
0.9099999999999916 0.7895037396897678 0.6137457494890446  
0.9124999999999915 0.7910356352672927 0.6117700742413513  
0.9149999999999915 0.7925625868746722 0.6097905754326854  
0.9174999999999914 0.7940845849684636 0.6078072654349082  
0.9199999999999914 0.7956016200361838 0.6058201566437004  
0.9224999999999913 0.7971136825963687 0.6038292614784857  
0.9249999999999913 0.7986207631986322 0.6018345923823524  
0.9274999999999912 0.8001228524237253 0.5998361618219757  
0.9299999999999912 0.8016199408835953 0.5978339822875403  
0.9324999999999911 0.8031120192214444 0.5958280662926616  
0.9349999999999911 0.8045990781117875 0.5938184263743082  
0.937499999999991 0.8060811082605116 0.5918050750927228  
0.939999999999991 0.807558100404933 0.5897880250313446  
0.9424999999999909 0.8090300453138557 0.5877672887967299  
0.9449999999999908 0.8104969337876287 0.5857428790184736  
0.9474999999999908 0.8119587566582038 0.58371480834913  
0.9499999999999907 0.813415504789193 0.5816830894641344  
0.9524999999999907 0.814867169075925 0.5796477350617231  
0.9549999999999906 0.816313740445503 0.5776087578628546  
0.9574999999999906 0.8177552098568603 0.5755661706111297  
0.9599999999999905 0.8191915683008181 0.573519986072712  
0.9624999999999905 0.8206228068001407 0.5714702170362483  
0.9649999999999904 0.822048916409592 0.5694168763127885  
0.9674999999999904 0.8234698882159917 0.5673599767357052  
0.9699999999999903 0.8248857133382705 0.5652995311606142  
0.9724999999999903 0.8262963829275263 0.5632355524652936  
0.9749999999999902 0.8277018881670785 0.5611680535496035  
0.9774999999999902 0.829102220272524 0.5590970473354056  
0.9799999999999901 0.8304973704917917 0.5570225467664817  
0.98249999999999 0.8318873301051973 0.5549445648084537  
0.98499999999999 0.8332720904254978 0.5528631144487022  
0.9874999999999899 0.8346516427979455 0.550778208696285  
0.9899999999999899 0.8360259786003427 0.5486898605818564  
0.9924999999999898 0.837395089243095 0.5465980831575853  
0.9949999999999898 0.8387589661692656 0.5445028894970737  
0.9974999999999897 0.8401176008546279 0.5424042926952752  
0.9999999999999897 0.8414709848077196 0.5403023058684131  
1.00249999999999 0.8428191095698955 0.538196942153898  
1.00499999999999 0.84416196671538 0.5360882147102465  
1.00749999999999 0.8454995478513205 0.5339761367169981  
1.00999999999999 0.8468318446178392 0.5318607213746334  
1.01249999999999 0.8481588486880858 0.5297419819044914  
1.014999999999989 0.849480551768289 0.5276199315486869  
1.017499999999989 0.8507969455978088 0.5254945835700278  
1.019999999999989 0.8521080219491882 0.523365951251932  
1.022499999999989 0.8534137726282042 0.5212340478983445  
1.024999999999989 0.8547141894739193 0.5190988868336543  
1.027499999999989 0.8560092643587325 0.5169604814026113  
1.029999999999989 0.8572989891884298 0.5148188449702423  
1.032499999999989 0.8585833559022354 0.5126739909217681  
1.034999999999989 0.8598623564728616 0.5105259326625194  
1.037499999999989 0.8611359829065588 0.5083746836178535  
1.039999999999989 0.862404227243166 0.5062202572330698  
1.042499999999989 0.8636670815561602 0.5040626669733264  
1.044999999999989 0.8649245379527062 0.5019019263235551  
1.047499999999989 0.8661765885737055 0.4997380487883781  
1.049999999999989 0.8674232255938458 0.497571047892023  
1.052499999999989 0.8686644412216498 0.4954009371782382  
1.054999999999989 0.8699002276995238 0.4932277302102087  
1.057499999999989 0.8711305773038064 0.491051440570471  
1.059999999999989 0.8723554823448165 0.4888720818608281  
1.062499999999988 0.8735749351669018 0.486689667702265  
1.064999999999988 0.8747889281484859 0.4845042117348631  
1.067499999999988 0.8759974537021167 0.482315727617715  
1.069999999999988 0.8772005042745133 0.4801242290288393  
1.072499999999988 0.8783980723466138 0.4779297296650951  
1.074999999999988 0.8795901504336215 0.4757322432420962  
1.077499999999988 0.8807767310850523 0.4735317834941257  
1.079999999999988 0.8819578068847809 0.4713283641740497  
1.082499999999988 0.8831333704510873 0.469121999053232  
1.084999999999988 0.8843034144367032 0.4669127019214472  
1.087499999999988 0.8854679315288575 0.4647004865867954  
1.089999999999988 0.8866269144493222 0.4624853668756151  
1.092499999999988 0.8877803559544577 0.4602673566323973  
1.094999999999988 0.8889282488352583 0.4580464697196989  
1.097499999999988 0.8900705859173974 0.4558227200180557  
1.099999999999988 0.8912073600612719 0.4535961214258962  
1.102499999999988 0.892338564162047 0.4513666878594543  
1.104999999999988 0.893464191149701 0.4491344332526827  
1.107499999999987 0.8945842339890686 0.4468993715571651  
1.109999999999987 0.8956986856798859 0.4446615167420302  
1.112499999999987 0.8968075392568333 0.442420882793863  
1.114999999999987 0.8979107877895798 0.4401774837166186  
1.117499999999987 0.8990084243828254 0.4379313335315339  
1.119999999999987 0.900100442176345 0.4356824462770401  
1.122499999999987 0.9011868343450311 0.4334308360086753  
1.124999999999987 0.9022675940989361 0.4311765167989963  
1.127499999999987 0.9033427146833151 0.428919502737491  
1.129999999999987 0.9044121893786679 0.4266598079304897  
1.132499999999987 0.9054760115007811 0.4243974465010778  
1.134999999999987 0.9065341744007699 0.4221324325890067  
1.137499999999987 0.9075866714651196 0.4198647803506061  
1.139999999999987 0.9086334961157271 0.417594503958695  
1.142499999999987 0.9096746418099416 0.4153216176024936  
1.144999999999987 0.9107101020406061 0.4130461354875341  
1.147499999999987 0.9117398703360974 0.4107680718355723  
1.149999999999987 0.9127639402603669 0.4084874408844988  
1.152499999999987 0.9137823054129811 0.4062042568882494  
1.154999999999986 0.914794959429161 0.4039185341167167  
1.157499999999986 0.9158018959798223 0.4016302868556607  
1.159999999999986 0.9168031087716149 0.3993395294066192  
1.162499999999986 0.917798591546962 0.3970462760868189  
1.164999999999986 0.9187883380840995 0.3947505412290854  
1.167499999999986 0.919772342197115 0.3924523391817543  
1.169999999999986 0.9207505977359858 0.3901516843085808  
1.172499999999986 0.9217230985866179 0.3878485909886504  
1.174999999999986 0.9226898386708843 0.3855430736162889  
1.177499999999986 0.9236508119466625 0.3832351466009722  
1.179999999999986 0.9246060124078728 0.3809248243672368  
1.182499999999986 0.9255554340845152 0.3786121213545892  
1.184999999999986 0.9264990710427076 0.3762970520174155  
1.187499999999986 0.9274369173847218 0.3739796308248916  
1.189999999999986 0.9283689672490214 0.3716598722608925  
1.192499999999986 0.9292952148102978 0.3693377908239016  
1.194999999999986 0.9302156542795066 0.3670134010269203  
1.197499999999986 0.9311302799039042 0.3646867173973772  
1.199999999999986 0.9320390859670834 0.3623577544770376  
1.202499999999985 0.9329420667890094 0.3600265268219121  
1.204999999999985 0.9338392167260549 0.3576930490021658  
1.207499999999985 0.9347305301710356 0.3553573356020277  
1.209999999999985 0.9356160015532455 0.3530194012196988  
1.212499999999985 0.9364956253384914 0.3506792604672615  
1.214999999999985 0.9373693960291274 0.3483369279705878  
1.217499999999985 0.9382373081640896 0.3459924183692482  
1.219999999999985 0.9390993563189298 0.34364574631642  
1.222499999999985 0.9399555351058501 0.3412969264787959  
1.224999999999985 0.9408058391737356 0.3389459735364925  
1.227499999999985 0.9416502632081889 0.3365929021829577  
1.229999999999985 0.9424888019315624 0.33423772712488  
1.232499999999985 0.9433214501029917 0.3318804630820957  
1.234999999999985 0.9441482025184287 0.3295211247874976  
1.237499999999985 0.9449690540106733 0.3271597269869421  
1.239999999999985 0.9457839994494065 0.324796284439158  
1.242499999999985 0.9465930337412218 0.3224308119156534  
1.244999999999985 0.9473961518296576 0.3200633242006239  
1.247499999999985 0.9481933486952285 0.31769383609086  
1.249999999999984 0.9489846193554566 0.3153223623956548  
1.252499999999984 0.9497699588649029 0.312948917936711  
1.254999999999984 0.9505493623151979 0.3105735175480488  
1.257499999999984 0.9513228248350727 0.308196176075913  
1.259999999999984 0.9520903415903891 0.3058169083786799  
1.262499999999984 0.9528519077841697 0.3034357293267649  
1.264999999999984 0.9536075186566285 0.3010526538025294  
1.267499999999984 0.9543571694851999 0.2986676967001876  
1.269999999999984 0.9551008555845686 0.2962808729257136  
1.272499999999984 0.9558385723066989 0.2938921973967483  
1.274999999999984 0.9565703150408638 0.291501685042506  
1.277499999999984 0.9572960792136734 0.2891093508036811  
1.279999999999984 0.9580158602891042 0.2867152096323547  
1.282499999999984 0.9587296537685268 0.2843192764919015  
1.284999999999984 0.9594374551907342 0.2819215663568957  
1.287499999999984 0.9601392601319698 0.2795220942130179  
1.289999999999984 0.9608350642059551 0.2771208750569611  
1.292499999999984 0.9615248630639168 0.2747179238963374  
1.294999999999983 0.9622086523946143 0.2723132557495835  
1.297499999999983 0.9628864279243665 0.2699068856458677  
1.299999999999983 0.9635581854170786 0.2674988286249951  
1.302499999999983 0.9642239206742684 0.2650890997373145  
1.304999999999983 0.9648836295350928 0.2626777140436234  
1.307499999999983 0.9655373078763735 0.2602646866150746  
1.309999999999983 0.966184951612623 0.2578500325330816  
1.312499999999983 0.96682655669607 0.2554337668892248  
1.314999999999983 0.9674621191166849 0.2530159047851563  
1.317499999999983 0.9680916349022046 0.2505964613325065  
1.319999999999983 0.9687151001181575 0.2481754516527892  
1.322499999999983 0.9693325108678881 0.2457528908773069  
1.324999999999983 0.9699438632925811 0.2433287941470565  
1.327499999999983 0.9705491535712859 0.2409031766126349  
1.329999999999983 0.9711483779209402 0.2384760534341436  
1.332499999999983 0.9717415325963938 0.2360474397810947  
1.334999999999983 0.9723286138904319 0.2336173508323155  
1.337499999999983 0.9729096181337983 0.2311858017758541  
1.339999999999983 0.9734845416952184 0.2287528078088841  
1.342499999999982 0.9740533809814218 0.22631838413761  
1.344999999999982 0.9746161324371648 0.2238825459771717  
1.347499999999982 0.9751727925452527 0.2214453085515498  
1.349999999999982 0.9757233578265616 0.2190066870934704  
1.352499999999982 0.9762678248400602 0.2165666968443095  
1.354999999999982 0.9768061901828317 0.2141253530539984  
1.357499999999982 0.977338450490094 0.2116826709809276  
1.359999999999982 0.9778646024352223 0.2092386658918523  
1.362499999999982 0.9783846427297685 0.2067933530617963  
1.364999999999982 0.9788985681234825 0.2043467477739568  
1.367499999999982 0.9794063754043323 0.2018988653196089  
1.369999999999982 0.9799080613985239 0.19944972099801  
1.372499999999982 0.9804036229705216 0.1969993301163041  
1.374999999999982 0.9808930570230673 0.1945477079894263  
1.377499999999982 0.9813763604971995 0.1920948699400068  
1.379999999999982 0.9818535303722732 0.1896408312982755  
1.382499999999982 0.9823245636659782 0.1871856074019659  
1.384999999999982 0.982789457434358 0.1847292135962194  
1.387499999999982 0.9832482087718279 0.1822716652334892  
1.389999999999981 0.9837008148111938 0.1798129776734446  
1.392499999999981 0.9841472727236692 0.177353166282875  
1.394999999999981 0.9845875797188938 0.1748922464355934  
1.397499999999981 0.9850217330449501 0.1724302335123408  
1.399999999999981 0.9854497299883813 0.1699671429006901  
1.402499999999981 0.9858715678742079 0.1675029899949496  
1.404999999999981 0.9862872440659446 0.1650377901960668  
1.407499999999981 0.9866967559656165 0.1625715589115326  
1.409999999999981 0.9871001010137754 0.1601043115552844  
1.412499999999981 0.9874972766895163 0.1576360635476101  
1.414999999999981 0.9878882805104923 0.1551668303150518  
1.417499999999981 0.9882731100329309 0.1526966272903091  
1.419999999999981 0.9886517628516489 0.1502254699121429  
1.422499999999981 0.9890242366000673 0.1477533736252788  
1.424999999999981 0.9893905289502265 0.1452803538803105  
1.427499999999981 0.9897506376128004 0.1428064261336033  
1.429999999999981 0.990104560337111 0.1403316058471977  
1.432499999999981 0.9904522949111426 0.1378559084887123  
1.434999999999981 0.9907938391615551 0.1353793495312477  
1.43749999999998 0.991129190953698 0.1329019444532892  
1.43999999999998 0.9914583481916238 0.1304237087386104  
1.44249999999998 0.9917813088181009 0.1279446578761766  
1.44499999999998 0.9920980708146263 0.1254648073600476  
1.44749999999998 0.9924086322014386 0.1229841726892809  
1.44999999999998 0.9927129910375302 0.1205027693678353  
1.45249999999998 0.9930111454206593 0.1180206129044734  
1.45499999999998 0.9933030934873619 0.1155377188126651  
1.45749999999998 0.9935888334129637 0.1130541026104902  
1.45999999999998 0.9938683634115909 0.1105697798205421  
1.46249999999998 0.9941416817361821 0.10808476596983  
1.46499999999998 0.9944087866784986 0.1055990765896824  
1.46749999999998 0.9946696765691354 0.1031127272156499  
1.46999999999998 0.9949243497775314 0.100625733387408  
1.47249999999998 0.99517280471198 0.09813811064865993  
1.47499999999998 0.9954150398196386 0.09564987454703978  
1.47749999999998 0.9956510535865387 0.09316104063401508  
1.47999999999998 0.995880844537595 0.09067162446478966  
1.48249999999998 0.9961044112366146 0.08818164159820649  
1.484999999999979 0.9963217522863066 0.08569110759665038  
1.487499999999979 0.99653286632829 0.08320003802595075  
1.489999999999979 0.9967377520431028 0.08070844845528428  
1.492499999999979 0.9969364081502099 0.0782163544570777  
1.494999999999979 0.9971288334080113 0.07572377160691036  
1.497499999999979 0.9973150266138497 0.07323071548341699  
1.499999999999979 0.9974949866040184 0.07073720166819021  
1.502499999999979 0.9976687122537677 0.06824324574568327  
1.504999999999979 0.9978362024773132 0.06574886330311258  
1.507499999999979 0.9979974562278413 0.06325406993036027  
1.509999999999979 0.9981524724975167 0.0607588812198768  
1.512499999999979 0.9983012503174882 0.05826331276658348  
1.514999999999979 0.9984437887578949 0.05576738016777504  
1.517499999999979 0.9985800869278719 0.05327109902302207  
1.519999999999979 0.9987101439755564 0.05077448493407363  
1.522499999999979 0.9988339590880919 0.04827755350475962  
1.524999999999979 0.9989515314916346 0.04578032034089337  
1.527499999999979 0.9990628604513573 0.04328280105017401  
1.529999999999978 0.9991679452714542 0.04078501124208898  
1.532499999999978 0.9992667852951458 0.03828696652781645  
1.534999999999978 0.999359379904682 0.03578868252012776  
1.537499999999978 0.9994457285213471 0.03329017483328981  
1.539999999999978 0.9995258306054622 0.03079145908296752  
1.542499999999978 0.9995996856563897 0.0282925508861262  
1.544999999999978 0.9996672932125358 0.02579346586093394  
1.547499999999978 0.9997286528513534 0.02329421962666401  
1.549999999999978 0.999783764189345 0.02079482780359724  
1.552499999999978 0.999832626882065 0.01829530601292439  
1.554999999999978 0.9998752406241216 0.01579566987664851  
1.557499999999978 0.9999116051491791 0.01329593501748733  
1.559999999999978 0.9999417202299593 0.01079611705877556  
1.562499999999978 0.9999655856782431 0.008296231624367321  
1.564999999999978 0.9999832013448716 0.005796294338538436  
1.567499999999978 0.9999945671197468 0.003296320825888803  
1.569999999999978 0.9999996829318327 0.0007963267112447384  
1.572499999999978 0.9999985487491555 -0.001703672380438679  
1.574999999999978 0.9999911645788038 -0.004203660824175264  
1.577499999999977 0.9999775304669286 -0.006703622995045382  
1.579999999999977 0.9999576464987432 -0.009203543268293604  
1.582499999999977 0.9999315127985222 -0.01170340601942636  
1.584999999999977 0.9998991295296012 -0.01420319562430959  
1.587499999999977 0.9998604968943756 -0.0167028964592664  
1.589999999999977 0.9998156151342992 -0.01920249290117471  
1.592499999999977 0.9997644845298828 -0.0217019693275649  
1.594999999999977 0.9997071054006924 -0.02420131011671743  
1.597499999999977 0.9996434781053476 -0.02670049964776052  
1.599999999999977 0.9995736030415187 -0.02919952230076772  
1.602499999999977 0.9994974806459246 -0.0316983624568556  
1.604999999999977 0.99941511139433 -0.0341970044982813  
1.607499999999977 0.9993264958015425 -0.03669543280854021  
1.609999999999977 0.9992316344214094 -0.03919363177246352  
1.612499999999977 0.9991305278468138 -0.04169158577631583  
1.614999999999977 0.9990231767096714 -0.04418927920789275  
1.617499999999977 0.9989095816809268 -0.04668669645661847  
1.619999999999977 0.9987897434705483 -0.04918382191364332  
1.622499999999977 0.9986636628275243 -0.0516806399719413  
1.624999999999976 0.9985313405398585 -0.05417713502640769  
1.627499999999976 0.9983927774345648 -0.05667329147395653  
1.629999999999976 0.9982479743776621 -0.05916909371361814  
1.632499999999976 0.9980969322741691 -0.06166452614663664  
1.634999999999976 0.9979396520680983 -0.06415957317656745  
1.637499999999976 0.9977761347424506 -0.06665421920937477  
1.639999999999976 0.9976063813192088 -0.069148448653529  
1.642499999999976 0.9974303928593311 -0.07164224592010424  
1.644999999999976 0.9972481704627449 -0.07413559542287569  
1.647499999999976 0.9970597152683396 -0.07662848157841708  
1.649999999999976 0.9968650284539595 -0.07912088880619804  
1.652499999999976 0.9966641112363966 -0.08161280152868151  
1.654999999999976 0.9964569648713828 -0.0841042041714211  
1.657499999999976 0.9962435906535823 -0.08659508116315839  
1.659999999999976 0.996023989916583 -0.0890854169359203  
1.662499999999976 0.9957981640328891 -0.09157519592511636  
1.664999999999976 0.9955661144139115 -0.09406440256963598  
1.667499999999976 0.9953278425099596 -0.09655302131194574  
1.669999999999976 0.9950833498102321 -0.0990410365981866  
1.672499999999975 0.9948326378428074 -0.1015284328782711  
1.674999999999975 0.9945757081746346 -0.1040151946059806  
1.677499999999975 0.9943125624115232 -0.1065013062390625  
1.679999999999975 0.9940432021981335 -0.108986752239327  
1.682499999999975 0.9937676292179659 -0.1114715170727448  
1.684999999999975 0.9934858451933506 -0.1139555852095438  
1.687499999999975 0.9931978518854369 -0.1164389411243061  
1.689999999999975 0.9929036510941819 -0.1189215692960655  
1.692499999999975 0.9926032446583397 -0.1214034542084038  
1.694999999999975 0.9922966344554496 -0.1238845803495486  
1.697499999999975 0.9919838224018241 -0.1263649322124694  
1.699999999999975 0.9916648104525378 -0.1288444942949753  
1.702499999999975 0.9913396006014144 -0.1313232510998112  
1.704999999999975 0.9910081948810141 -0.1338011871347553  
1.707499999999975 0.9906705953626218 -0.1362782869127153  
1.709999999999975 0.9903268041562333 -0.1387545349518257  
1.712499999999975 0.9899768234105426 -0.1412299157755444  
1.714999999999975 0.9896206553129281 -0.1437044139127492  
1.717499999999974 0.9892583020894393 -0.1461780138978348  
1.719999999999974 0.9888897660047827 -0.1486507002708094  
1.722499999999974 0.9885150493623077 -0.1511224575773912  
1.724999999999974 0.988134154503992 -0.153593270369105  
1.727499999999974 0.9877470838104272 -0.1560631232033791  
1.729999999999974 0.9873538397008039 -0.1585320006436411  
1.732499999999974 0.9869544246328965 -0.1609998872594152  
1.734999999999974 0.9865488411030479 -0.163466767626418  
1.737499999999974 0.9861370916461538 -0.1659326263266552  
1.739999999999974 0.9857191788356471 -0.168397447948518  
1.742499999999974 0.9852951052834813 -0.1708612170868794  
1.744999999999974 0.9848648736401149 -0.1733239183431901  
1.747499999999974 0.9844284865944941 -0.1757855363255754  
1.749999999999974 0.9839859468740366 -0.1782460556489309  
1.752499999999974 0.9835372572446143 -0.1807054609350188  
1.754999999999974 0.9830824205105357 -0.1831637368125641  
1.757499999999974 0.9826214395145292 -0.1856208679173505  
1.759999999999974 0.9821543171377243 -0.1880768388923167  
1.762499999999974 0.9816810562996344 -0.1905316343876521  
1.764999999999973 0.9812016599581382 -0.1929852390608927  
1.767499999999973 0.9807161311094613 -0.1954376375770175  
1.769999999999973 0.9802244727881575 -0.1978888146085435  
1.772499999999973 0.9797266880670895 -0.2003387548356224  
1.774999999999973 0.9792227800574104 -0.2027874429461358  
1.777499999999973 0.9787127519085435 -0.2052348636357909  
1.779999999999973 0.978196606808163 -0.2076810016082163  
1.782499999999973 0.9776743479821742 -0.2101258415750577  
1.784999999999973 0.9771459786946931 -0.2125693682560733  
1.787499999999973 0.976611502248026 -0.2150115663792292  
1.789999999999973 0.9760709219826489 -0.2174524206807951  
1.792499999999973 0.9755242412771867 -0.2198919159054397  
1.794999999999973 0.9749714635483921 -0.2223300368063257  
1.797499999999973 0.9744125922511241 -0.2247667681452053  
1.799999999999973 0.9738476308783264 -0.2272020946925157  
1.802499999999973 0.9732765829610057 -0.2296360012274739  
1.804999999999973 0.9726994520682098 -0.2320684725381718  
1.807499999999973 0.9721162418070048 -0.2344994934216719  
1.809999999999973 0.971526955822453 -0.2369290486841014  
1.812499999999972 0.9709315977975898 -0.2393571231407479  
1.814999999999972 0.9703301714534009 -0.241783701616154  
1.817499999999972 0.9697226805487992 -0.244208768944212  
1.819999999999972 0.9691091288806006 -0.246632309968259  
1.822499999999972 0.9684895202835012 -0.2490543095411716  
1.824999999999972 0.9678638586300526 -0.2514747525254603  
1.827499999999972 0.9672321478306383 -0.2538936237933642  
1.829999999999972 0.9665943918334484 -0.256310908226946  
1.832499999999972 0.9659505946244561 -0.2587265907181857  
1.834999999999972 0.9653007602273918 -0.2611406561690756  
1.837499999999972 0.9646448927037182 -0.2635530894917145  
1.839999999999972 0.9639829961526055 -0.265963875608402  
1.842499999999972 0.9633150747109048 -0.2683729994517328  
1.844999999999972 0.9626411325531229 -0.2707804459646905  
1.847499999999972 0.9619611738913961 -0.2731862001007425  
1.849999999999972 0.961275202975464 -0.2755902468239331  
1.852499999999972 0.9605832240926424 -0.2779925711089781  
1.854999999999972 0.9598852415677971 -0.2803931579413587  
1.857499999999972 0.9591812597633166 -0.2827919923174148  
1.859999999999971 0.9584712830790849 -0.2851890592444395  
1.862499999999971 0.957755315952454 -0.2875843437407723  
1.864999999999971 0.9570333628582162 -0.2899778308358928  
1.867499999999971 0.9563054283085758 -0.2923695055705146  
1.869999999999971 0.9555715168531215 -0.2947593529966783  
1.872499999999971 0.9548316330787974 -0.2971473581778452  
1.874999999999971 0.9540857816098747 -0.2995335061889908  
1.877499999999971 0.9533339671079227 -0.3019177821166978  
1.879999999999971 0.9525761942717796 -0.3043001710592493  
1.882499999999971 0.9518124678375232 -0.3066806581267223  
1.884999999999971 0.951042792578441 -0.3090592284410804  
1.887499999999971 0.9502671733050012 -0.3114358671362666  
1.889999999999971 0.9494856148648215 -0.3138105593582972  
1.892499999999971 0.9486981221426397 -0.3161832902653532  
1.894999999999971 0.9479047000602827 -0.3185540450278743  
1.897499999999971 0.9471053535766359 -0.320922808828651  
1.899999999999971 0.9463000876876124 -0.3232895668629172  
1.902499999999971 0.9454889074261212 -0.3256543043384428  
1.90499999999997 0.9446718178620364 -0.3280170064756264  
1.90749999999997 0.943848824102165 -0.3303776585075873  
1.90999999999997 0.9430199312902153 -0.3327362456802579  
1.91249999999997 0.9421851446067649 -0.3350927532524762  
1.91499999999997 0.9413444692692278 -0.3374471664960775  
1.91749999999997 0.9404979105318219 -0.3397994706959866  
1.91999999999997 0.9396454736855366 -0.34214965115031  
1.92249999999997 0.9387871640580997 -0.3444976931704274  
1.92499999999997 0.9379229870139433 -0.346843582081084  
1.92749999999997 0.9370529479541712 -0.3491873032204816  
1.92999999999997 0.9361770523165247 -0.3515288419403708  
1.93249999999997 0.9352953055753487 -0.3538681836061421  
1.93499999999997 0.9344077132415575 -0.3562053135969178  
1.93749999999997 0.9335142808626001 -0.358540217305643  
1.93999999999997 0.9326150140224262 -0.3608728801391772  
1.94249999999997 0.9317099183414504 -0.3632032875183853  
1.94499999999997 0.930798999476518 -0.3655314248782287  
1.94749999999997 0.9298822631208687 -0.3678572776678564  
1.94999999999997 0.928959715004102 -0.3701808313506962  
1.952499999999969 0.9280313608921404 -0.3725020714045451  
1.954999999999969 0.9270972065871942 -0.3748209833216603  
1.957499999999969 0.9261572579277247 -0.3771375526088498  
1.959999999999969 0.9252115207884081 -0.3794517647875632  
1.962499999999969 0.9242600010800982 -0.3817636053939818  
1.964999999999969 0.9233027047497903 -0.3840730599791095  
1.967499999999969 0.9223396377805831 -0.3863801141088625  
1.969999999999969 0.9213708061916424 -0.3886847533641601  
1.972499999999969 0.9203962160381621 -0.3909869633410144  
1.974999999999969 0.9194158734113277 -0.3932867296506206  
1.977499999999969 0.9184297844382774 -0.3955840379194467  
1.979999999999969 0.917437955282064 -0.3978788737893236  
1.982499999999969 0.9164403921416165 -0.4001712229175344  
1.984999999999969 0.9154371012517014 -0.4024610709769046  
1.987499999999969 0.9144280888828834 -0.4047484036558913  
1.989999999999969 0.9134133613414865 -0.4070332066586727  
1.992499999999969 0.9123929249695546 -0.4093154657052375  
1.994999999999969 0.9113667861448117 -0.411595166531474  
1.997499999999969 0.910334951280622 -0.4138722948892595  
1.999999999999968 0.9092974268259503 -0.4161468365465492  
