0 0 1  
0.005 0.00499998 0.999988  
0.01 0.00999983 0.99995  
0.015 0.0149994 0.999888  
0.02 0.0199987 0.9998  
0.025 0.0249974 0.999688  
0.03 0.0299955 0.99955  
0.035 0.0349929 0.999388  
0.04 0.0399893 0.9992  
0.045 0.0449848 0.998988  
0.05 0.0499792 0.99875  
0.055 0.0549723 0.998488  
0.06 0.059964 0.998201  
0.065 0.0649542 0.997888  
0.07 0.0699428 0.997551  
0.075 0.0749297 0.997189  
0.08 0.0799147 0.996802  
0.085 0.0848977 0.99639  
0.09 0.0898785 0.995953  
0.095 0.0948572 0.995491  
0.1 0.0998334 0.995004  
0.105 0.104807 0.994493  
0.11 0.109778 0.993956  
0.115 0.114747 0.993395  
0.12 0.119712 0.992809  
0.125 0.124675 0.992198  
0.13 0.129634 0.991562  
0.135 0.13459 0.990901  
0.14 0.139543 0.990216  
0.145 0.144492 0.989506  
0.15 0.149438 0.988771  
0.155 0.15438 0.988012  
0.16 0.159318 0.987227  
0.165 0.164252 0.986418  
0.17 0.169182 0.985585  
0.175 0.174108 0.984727  
0.18 0.17903 0.983844  
0.185 0.183947 0.982936  
0.19 0.188859 0.982004  
0.195 0.193767 0.981048  
0.2 0.198669 0.980067  
0.205 0.203567 0.979061  
0.21 0.20846 0.978031  
0.215 0.213347 0.976976  
0.22 0.21823 0.975897  
0.225 0.223106 0.974794  
0.23 0.227978 0.973666  
0.235 0.232843 0.972514  
0.24 0.237703 0.971338  
0.245 0.242556 0.970137  
0.25 0.247404 0.968912  
0.255 0.252245 0.967663  
0.26 0.257081 0.96639  
0.265 0.261909 0.965093  
0.27 0.266731 0.963771  
0.275 0.271547 0.962425  
0.28 0.276356 0.961055  
0.285 0.281157 0.959662  
0.29 0.285952 0.958244  
0.295 0.29074 0.956802  
0.3 0.29552 0.955336  
0.305 0.300293 0.953847  
0.31 0.305059 0.952334  
0.315 0.309816 0.950796  
0.32 0.314567 0.949235  
0.325 0.319309 0.947651  
0.33 0.324043 0.946042  
0.335 0.328769 0.94441  
0.34 0.333487 0.942755  
0.345 0.338197 0.941075  
0.35 0.342898 0.939373  
0.355 0.34759 0.937646  
0.36 0.352274 0.935897  
0.365 0.356949 0.934124  
0.37 0.361615 0.932327  
0.375 0.366273 0.930508  
0.38 0.37092 0.928665  
0.385 0.375559 0.926798  
0.39 0.380188 0.924909  
0.395 0.384808 0.922997  
0.4 0.389418 0.921061  
0.405 0.394019 0.919102  
0.41 0.398609 0.917121  
0.415 0.40319 0.915116  
0.42 0.40776 0.913089  
0.425 0.412321 0.911039  
0.43 0.416871 0.908966  
0.435 0.42141 0.90687  
0.44 0.425939 0.904752  
0.445 0.430458 0.902611  
0.45 0.434966 0.900447  
0.455 0.439462 0.898261  
0.46 0.443948 0.896052  
0.465 0.448423 0.893822  
0.47 0.452886 0.891568  
0.475 0.457338 0.889293  
0.48 0.461779 0.886995  
0.485 0.466208 0.884675  
0.49 0.470626 0.882333  
0.495 0.475032 0.879969  
0.5 0.479426 0.877583  
0.505 0.483807 0.875174  
0.51 0.488177 0.872745  
0.515 0.492535 0.870293  
0.52 0.49688 0.867819  
0.525 0.501213 0.865324  
0.53 0.505533 0.862807  
0.535 0.509841 0.860269  
0.54 0.514136 0.857709  
0.545 0.518418 0.855127  
0.55 0.522687 0.852525  
0.555 0.526943 0.8499  
0.56 0.531186 0.847255  
0.565 0.535416 0.844589  
0.57 0.539632 0.841901  
0.575 0.543835 0.839192  
0.58 0.548024 0.836463  
0.585 0.552199 0.833712  
0.59 0.556361 0.830941  
0.595 0.560509 0.828148  
0.6 0.564642 0.825336  
0.605 0.568762 0.822502  
0.61 0.572867 0.819648  
0.615 0.576959 0.816773  
0.62 0.581035 0.813878  
0.625 0.585097 0.810963  
0.63 0.589145 0.808028  
0.635 0.593178 0.805072  
0.64 0.597195 0.802096  
0.645 0.601198 0.7991  
0.65 0.605186 0.796084  
0.655 0.609159 0.793048  
0.66 0.613117 0.789992  
0.665 0.617059 0.786917  
0.67 0.620986 0.783822  
0.675 0.624897 0.780707  
0.68 0.628793 0.777573  
0.685 0.632673 0.774419  
0.69 0.636537 0.771246  
0.695 0.640385 0.768054  
0.7 0.644218 0.764842  
0.705 0.648034 0.761612  
0.71 0.651834 0.758362  
0.715 0.655617 0.755093  
0.72 0.659385 0.751806  
0.725 0.663135 0.748499  
0.73 0.66687 0.745174  
0.735 0.670587 0.741831  
0.74 0.674288 0.738469  
0.745 0.677972 0.735088  
0.75 0.681639 0.731689  
0.755 0.685289 0.728272  
0.76 0.688921 0.724836  
0.765 0.692537 0.721382  
0.77 0.696135 0.717911  
0.775 0.699716 0.714421  
0.78 0.703279 0.710914  
0.785 0.706825 0.707388  
0.79 0.710353 0.703845  
0.795 0.713864 0.700285  
0.8 0.717356 0.696707  
0.805 0.720831 0.693111  
0.81 0.724287 0.689498  
0.815 0.727726 0.685868  
0.82 0.731146 0.682221  
0.825 0.734548 0.678557  
0.83 0.737931 0.674876  
0.835 0.741297 0.671178  
0.84 0.744643 0.667463  
0.845 0.747971 0.663731  
0.85 0.75128 0.659983  
0.855 0.754571 0.656219  
0.86 0.757843 0.652437  
0.865 0.761095 0.64864  
0.87 0.764329 0.644827  
0.875 0.767544 0.640997  
0.88 0.770739 0.637151  
0.885 0.773915 0.63329  
0.89 0.777072 0.629412  
0.895 0.780209 0.625519  
0.9 0.783327 0.62161  
0.905 0.786425 0.617686  
0.91 0.789504 0.613746  
0.915 0.792563 0.609791  
0.92 0.795602 0.60582  
0.925 0.798621 0.601835  
0.93 0.80162 0.597834  
0.935 0.804599 0.593818  
0.94 0.807558 0.589788  
0.945 0.810497 0.585743  
0.95 0.813416 0.581683  
0.955 0.816314 0.577609  
0.96 0.819192 0.57352  
0.965 0.822049 0.569417  
0.97 0.824886 0.5653  
0.975 0.827702 0.561168  
0.98 0.830497 0.557023  
0.985 0.833272 0.552863  
0.99 0.836026 0.54869  
0.995 0.838759 0.544503  
1 0.841471 0.540302  
1.005 0.844162 0.536088  
1.01 0.846832 0.531861  
1.015 0.849481 0.52762  
1.02 0.852108 0.523366  
1.025 0.854714 0.519099  
1.03 0.857299 0.514819  
1.035 0.859862 0.510526  
1.04 0.862404 0.50622  
1.045 0.864925 0.501902  
1.05 0.867423 0.497571  
1.055 0.8699 0.493228  
1.06 0.872355 0.488872  
1.065 0.874789 0.484504  
1.07 0.877201 0.480124  
1.075 0.87959 0.475732  
1.08 0.881958 0.471328  
1.085 0.884303 0.466913  
1.09 0.886627 0.462485  
1.095 0.888928 0.458046  
1.1 0.891207 0.453596  
1.105 0.893464 0.449134  
1.11 0.895699 0.444662  
1.115 0.897911 0.440177  
1.12 0.9001 0.435682  
1.125 0.902268 0.431177  
1.13 0.904412 0.42666  
1.135 0.906534 0.422132  
1.14 0.908633 0.417595  
1.145 0.91071 0.413046  
1.15 0.912764 0.408487  
1.155 0.914795 0.403919  
1.16 0.916803 0.39934  
1.165 0.918788 0.394751  
1.17 0.920751 0.390152  
1.175 0.92269 0.385543  
1.18 0.924606 0.380925  
1.185 0.926499 0.376297  
1.19 0.928369 0.37166  
1.195 0.930216 0.367013  
1.2 0.932039 0.362358  
1.205 0.933839 0.357693  
1.21 0.935616 0.353019  
1.215 0.937369 0.348337  
1.22 0.939099 0.343646  
1.225 0.940806 0.338946  
1.23 0.942489 0.334238  
1.235 0.944148 0.329521  
1.24 0.945784 0.324796  
1.245 0.947396 0.320063  
1.25 0.948985 0.315322  
1.255 0.950549 0.310574  
1.26 0.95209 0.305817  
1.265 0.953608 0.301053  
1.27 0.955101 0.296281  
1.275 0.95657 0.291502  
1.28 0.958016 0.286715  
1.285 0.959437 0.281922  
1.29 0.960835 0.277121  
1.295 0.962209 0.272313  
1.3 0.963558 0.267499  
1.305 0.964884 0.262678  
1.31 0.966185 0.25785  
1.315 0.967462 0.253016  
1.32 0.968715 0.248175  
1.325 0.969944 0.243329  
1.33 0.971148 0.238476  
1.335 0.972329 0.233617  
1.34 0.973485 0.228753  
1.345 0.974616 0.223883  
1.35 0.975723 0.219007  
1.355 0.976806 0.214125  
1.36 0.977865 0.209239  
1.365 0.978899 0.204347  
1.37 0.979908 0.19945  
1.375 0.980893 0.194548  
1.38 0.981854 0.189641  
1.385 0.982789 0.184729  
1.39 0.983701 0.179813  
1.395 0.984588 0.174892  
1.4 0.98545 0.169967  
1.405 0.986287 0.165038  
1.41 0.9871 0.160104  
1.415 0.987888 0.155167  
1.42 0.988652 0.150225  
1.425 0.989391 0.14528  
1.43 0.990105 0.140332  
1.435 0.990794 0.135379  
1.44 0.991458 0.130424  
1.445 0.992098 0.125465  
1.45 0.992713 0.120503  
1.455 0.993303 0.115538  
1.46 0.993868 0.11057  
1.465 0.994409 0.105599  
1.47 0.994924 0.100626  
1.475 0.995415 0.0956499  
1.48 0.995881 0.0906716  
1.485 0.996322 0.0856911  
1.49 0.996738 0.0807084  
1.495 0.997129 0.0757238  
1.5 0.997495 0.0707372  
1.505 0.997836 0.0657489  
1.51 0.998152 0.0607589  
1.515 0.998444 0.0557674  
1.52 0.99871 0.0507745  
1.525 0.998952 0.0457803  
1.53 0.999168 0.040785  
1.535 0.999359 0.0357887  
1.54 0.999526 0.0307915  
1.545 0.999667 0.0257935  
1.55 0.999784 0.0207948  
1.555 0.999875 0.0157957  
1.56 0.999942 0.0107961  
1.565 0.999983 0.00579629  
1.57 1 0.000796327  
1.575 0.999991 -0.00420366  
1.58 0.999958 -0.00920354  
1.585 0.999899 -0.0142032  
1.59 0.999816 -0.0192025  
1.595 0.999707 -0.0242013  
1.6 0.999574 -0.0291995  
1.605 0.999415 -0.034197  
1.61 0.999232 -0.0391936  
1.615 0.999023 -0.0441893  
1.62 0.99879 -0.0491838  
1.625 0.998531 -0.0541771  
1.63 0.998248 -0.0591691  
1.635 0.99794 -0.0641596  
1.64 0.997606 -0.0691484  
1.645 0.997248 -0.0741356  
1.65 0.996865 -0.0791209  
1.655 0.996457 -0.0841042  
1.66 0.996024 -0.0890854  
1.665 0.995566 -0.0940644  
1.67 0.995083 -0.099041  
1.675 0.994576 -0.104015  
1.68 0.994043 -0.108987  
1.685 0.993486 -0.113956  
1.69 0.992904 -0.118922  
1.695 0.992297 -0.123885  
1.7 0.991665 -0.128844  
1.705 0.991008 -0.133801  
1.71 0.990327 -0.138755  
1.715 0.989621 -0.143704  
1.72 0.98889 -0.148651  
1.725 0.988134 -0.153593  
1.73 0.987354 -0.158532  
1.735 0.986549 -0.163467  
1.74 0.985719 -0.168397  
1.745 0.984865 -0.173324  
1.75 0.983986 -0.178246  
1.755 0.983082 -0.183164  
1.76 0.982154 -0.188077  
1.765 0.981202 -0.192985  
1.77 0.980224 -0.197889  
1.775 0.979223 -0.202787  
1.78 0.978197 -0.207681  
1.785 0.977146 -0.212569  
1.79 0.976071 -0.217452  
1.795 0.974971 -0.22233  
1.8 0.973848 -0.227202  
1.805 0.972699 -0.232068  
1.81 0.971527 -0.236929  
1.815 0.97033 -0.241784  
1.82 0.969109 -0.246632  
1.825 0.967864 -0.251475  
1.83 0.966594 -0.256311  
1.835 0.965301 -0.261141  
1.84 0.963983 -0.265964  
1.845 0.962641 -0.27078  
1.85 0.961275 -0.27559  
1.855 0.959885 -0.280393  
1.86 0.958471 -0.285189  
1.865 0.957033 -0.289978  
1.87 0.955572 -0.294759  
1.875 0.954086 -0.299534  
1.88 0.952576 -0.3043  
1.885 0.951043 -0.309059  
1.89 0.949486 -0.313811  
1.895 0.947905 -0.318554  
1.9 0.9463 -0.32329  
1.905 0.944672 -0.328017  
1.91 0.94302 -0.332736  
1.915 0.941344 -0.337447  
1.92 0.939645 -0.34215  
1.925 0.937923 -0.346844  
1.93 0.936177 -0.351529  
1.935 0.934408 -0.356205  
1.94 0.932615 -0.360873  
1.945 0.930799 -0.365531  
1.95 0.92896 -0.370181  
1.955 0.927097 -0.374821  
1.96 0.925212 -0.379452  
1.965 0.923303 -0.384073  
1.97 0.921371 -0.388685  
1.975 0.919416 -0.393287  
1.98 0.917438 -0.397879  
1.985 0.915437 -0.402461  
1.99 0.913413 -0.407033  
1.995 0.911367 -0.411595  
2 0.909297 -0.416147  
2.005 0.907205 -0.420688  
2.01 0.905091 -0.425219  
2.015 0.902953 -0.429739  
2.02 0.900793 -0.434248  
2.025 0.898611 -0.438747  
2.03 0.896406 -0.443234  
2.035 0.894178 -0.447711  
2.04 0.891929 -0.452176  
2.045 0.889657 -0.45663  
2.05 0.887362 -0.461073  
2.055 0.885046 -0.465504  
2.06 0.882707 -0.469923  
2.065 0.880347 -0.474331  
2.07 0.877964 -0.478727  
2.075 0.875559 -0.48311  
2.08 0.873133 -0.487482  
2.085 0.870685 -0.491842  
2.09 0.868215 -0.496189  
2.095 0.865723 -0.500524  
2.1 0.863209 -0.504846  
2.105 0.860674 -0.509156  
2.11 0.858118 -0.513453  
2.115 0.85554 -0.517737  
2.12 0.85294 -0.522008  
2.125 0.85032 -0.526266  
2.13 0.847678 -0.530511  
2.135 0.845015 -0.534743  
2.14 0.84233 -0.538961  
2.145 0.839625 -0.543166  
2.15 0.836899 -0.547358  
2.155 0.834152 -0.551535  
2.16 0.831383 -0.555699  
2.165 0.828595 -0.559849  
2.17 0.825785 -0.563985  
2.175 0.822955 -0.568107  
2.18 0.820104 -0.572215  
2.185 0.817233 -0.576308  
2.19 0.814341 -0.580387  
2.195 0.811429 -0.584451  
2.2 0.808496 -0.588501  
2.205 0.805544 -0.592536  
2.21 0.802571 -0.596557  
2.215 0.799578 -0.600562  
2.22 0.796565 -0.604552  
2.225 0.793533 -0.608528  
2.23 0.79048 -0.612488  
2.235 0.787408 -0.616432  
2.24 0.784316 -0.620362  
2.245 0.781204 -0.624275  
2.25 0.778073 -0.628174  
2.255 0.774923 -0.632056  
2.26 0.771753 -0.635923  
2.265 0.768563 -0.639774  
2.27 0.765355 -0.643608  
2.275 0.762127 -0.647427  
2.28 0.758881 -0.65123  
2.285 0.755615 -0.655016  
2.29 0.752331 -0.658786  
2.295 0.749027 -0.662539  
2.3 0.745705 -0.666276  
2.305 0.742365 -0.669996  
2.31 0.739005 -0.6737  
2.315 0.735628 -0.677386  
2.32 0.732231 -0.681056  
2.325 0.728817 -0.684709  
2.33 0.725384 -0.688344  
2.335 0.721934 -0.691962  
2.34 0.718465 -0.695563  
2.345 0.714978 -0.699147  
2.35 0.711473 -0.702713  
2.355 0.707951 -0.706262  
2.36 0.704411 -0.709793  
2.365 0.700853 -0.713306  
2.37 0.697278 -0.716801  
2.375 0.693685 -0.720278  
2.38 0.690075 -0.723738  
2.385 0.686448 -0.727179  
2.39 0.682803 -0.730602  
2.395 0.679142 -0.734007  
2.4 0.675463 -0.737394  
2.405 0.671768 -0.740762  
2.41 0.668056 -0.744111  
2.415 0.664327 -0.747442  
2.42 0.660581 -0.750755  
2.425 0.656819 -0.754048  
2.43 0.653041 -0.757323  
2.435 0.649246 -0.760578  
2.44 0.645435 -0.763815  
2.445 0.641608 -0.767033  
2.45 0.637765 -0.770231  
2.455 0.633906 -0.77341  
2.46 0.630031 -0.77657  
2.465 0.62614 -0.779711  
2.47 0.622234 -0.782832  
2.475 0.618312 -0.785933  
2.48 0.614374 -0.789015  
2.485 0.610422 -0.792077  
2.49 0.606454 -0.795119  
2.495 0.60247 -0.798141  
2.5 0.598472 -0.801144  
2.505 0.594459 -0.804126  
2.51 0.590431 -0.807088  
2.515 0.586388 -0.81003  
2.52 0.582331 -0.812952  
2.525 0.578259 -0.815854  
2.53 0.574172 -0.818735  
2.535 0.570071 -0.821595  
2.54 0.565956 -0.824435  
2.545 0.561827 -0.827255  
2.55 0.557684 -0.830054  
2.555 0.553526 -0.832832  
2.56 0.549355 -0.835589  
2.565 0.545171 -0.838325  
2.57 0.540972 -0.84104  
2.575 0.53676 -0.843735  
2.58 0.532535 -0.846408  
2.585 0.528296 -0.84906  
2.59 0.524044 -0.851691  
2.595 0.519779 -0.854301  
2.6 0.515501 -0.856889  
2.605 0.511211 -0.859456  
2.61 0.506907 -0.862001  
2.615 0.502591 -0.864525  
2.62 0.498262 -0.867027  
2.625 0.49392 -0.869507  
2.63 0.489567 -0.871966  
2.635 0.485201 -0.874403  
2.64 0.480823 -0.876818  
2.645 0.476433 -0.879211  
2.65 0.472031 -0.881582  
2.655 0.467617 -0.883931  
2.66 0.463191 -0.886258  
2.665 0.458754 -0.888563  
2.67 0.454306 -0.890846  
2.675 0.449846 -0.893106  
2.68 0.445375 -0.895344  
2.685 0.440892 -0.89756  
2.69 0.436399 -0.899753  
2.695 0.431895 -0.901924  
2.7 0.42738 -0.904072  
2.705 0.422854 -0.906198  
2.71 0.418318 -0.908301  
2.715 0.413771 -0.910381  
2.72 0.409214 -0.912438  
2.725 0.404647 -0.914473  
2.73 0.400069 -0.916485  
2.735 0.395482 -0.918474  
2.74 0.390885 -0.92044  
2.745 0.386278 -0.922383  
2.75 0.381661 -0.924302  
2.755 0.377035 -0.926199  
2.76 0.372399 -0.928073  
2.765 0.367754 -0.929923  
2.77 0.3631 -0.93175  
2.775 0.358437 -0.933554  
2.78 0.353764 -0.935335  
2.785 0.349083 -0.937092  
2.79 0.344393 -0.938825  
2.795 0.339695 -0.940536  
2.8 0.334988 -0.942222  
2.805 0.330273 -0.943885  
2.81 0.325549 -0.945525  
2.815 0.320818 -0.947141  
2.82 0.316078 -0.948733  
2.825 0.31133 -0.950302  
2.83 0.306575 -0.951847  
2.835 0.301812 -0.953367  
2.84 0.297041 -0.954865  
2.845 0.292263 -0.956338  
2.85 0.287478 -0.957787  
2.855 0.282686 -0.959213  
2.86 0.277886 -0.960614  
2.865 0.273079 -0.961991  
2.87 0.268266 -0.963345  
2.875 0.263446 -0.964674  
2.88 0.258619 -0.965979  
2.885 0.253786 -0.96726  
2.89 0.248947 -0.968517  
2.895 0.244101 -0.96975  
2.9 0.239249 -0.970958  
2.905 0.234392 -0.972142  
2.91 0.229528 -0.973302  
2.915 0.224659 -0.974438  
2.92 0.219784 -0.975549  
2.925 0.214903 -0.976635  
2.93 0.210017 -0.977698  
2.935 0.205126 -0.978736  
2.94 0.20023 -0.979749  
2.945 0.195329 -0.980738  
2.95 0.190423 -0.981702  
2.955 0.185512 -0.982642  
2.96 0.180596 -0.983557  
2.965 0.175676 -0.984448  
2.97 0.170752 -0.985314  
2.975 0.165823 -0.986156  
2.98 0.16089 -0.986972  
2.985 0.155953 -0.987764  
2.99 0.151013 -0.988532  
2.995 0.146068 -0.989275  
3 0.14112 -0.989992  
3.005 0.136168 -0.990686  
3.01 0.131213 -0.991354  
3.015 0.126255 -0.991998  
3.02 0.121293 -0.992617  
3.025 0.116329 -0.993211  
3.03 0.111361 -0.99378  
3.035 0.106391 -0.994324  
3.04 0.101418 -0.994844  
3.045 0.0964425 -0.995339  
3.05 0.0914646 -0.995808  
3.055 0.0864845 -0.996253  
3.06 0.0815022 -0.996673  
3.065 0.0765178 -0.997068  
3.07 0.0715315 -0.997438  
3.075 0.0665434 -0.997784  
3.08 0.0615537 -0.998104  
3.085 0.0565624 -0.998399  
3.09 0.0515698 -0.998669  
3.095 0.0465758 -0.998915  
3.1 0.0415807 -0.999135  
3.105 0.0365845 -0.999331  
3.11 0.0315874 -0.999501  
3.115 0.0265895 -0.999646  
3.12 0.021591 -0.999767  
3.125 0.0165919 -0.999862  
3.13 0.0115924 -0.999933  
3.135 0.00659261 -0.999978  
3.14 0.00159265 -0.999999  
3.145 -0.00340734 -0.999994  
3.15 -0.00840725 -0.999965  
3.155 -0.0134069 -0.99991  
3.16 -0.0184063 -0.999831  
3.165 -0.0234052 -0.999726  
3.17 -0.0284035 -0.999597  
3.175 -0.0334011 -0.999442  
3.18 -0.0383979 -0.999263  
3.185 -0.0433937 -0.999058  
3.19 -0.0483884 -0.998829  
3.195 -0.053382 -0.998574  
3.2 -0.0583741 -0.998295  
3.205 -0.0633649 -0.99799  
3.21 -0.068354 -0.997661  
3.215 -0.0733414 -0.997307  
3.22 -0.078327 -0.996928  
3.225 -0.0833107 -0.996524  
3.23 -0.0882922 -0.996095  
3.235 -0.0932716 -0.995641  
3.24 -0.0982486 -0.995162  
3.245 -0.103223 -0.994658  
3.25 -0.108195 -0.99413  
3.255 -0.113164 -0.993576  
3.26 -0.118131 -0.992998  
3.265 -0.123094 -0.992395  
3.27 -0.128055 -0.991767  
3.275 -0.133012 -0.991114  
3.28 -0.137966 -0.990437  
3.285 -0.142916 -0.989735  
3.29 -0.147863 -0.989008  
3.295 -0.152806 -0.988256  
3.3 -0.157746 -0.98748  
3.305 -0.162681 -0.986679  
3.31 -0.167612 -0.985853  
3.315 -0.17254 -0.985003  
3.32 -0.177462 -0.984128  
3.325 -0.182381 -0.983228  
3.33 -0.187295 -0.982304  
3.335 -0.192204 -0.981355  
3.34 -0.197108 -0.980382  
3.345 -0.202008 -0.979384  
3.35 -0.206902 -0.978362  
3.355 -0.211791 -0.977315  
3.36 -0.216675 -0.976244  
3.365 -0.221554 -0.975148  
3.37 -0.226427 -0.974028  
3.375 -0.231294 -0.972884  
3.38 -0.236155 -0.971715  
3.385 -0.241011 -0.970522  
3.39 -0.245861 -0.969305  
3.395 -0.250704 -0.968064  
3.4 -0.255541 -0.966798  
3.405 -0.260372 -0.965508  
3.41 -0.265196 -0.964194  
3.415 -0.270014 -0.962856  
3.42 -0.274825 -0.961494  
3.425 -0.279629 -0.960108  
3.43 -0.284426 -0.958698  
3.435 -0.289216 -0.957264  
3.44 -0.293998 -0.955806  
3.445 -0.298774 -0.954324  
3.45 -0.303542 -0.952818  
3.455 -0.308302 -0.951289  
3.46 -0.313054 -0.949735  
3.465 -0.317799 -0.948158  
3.47 -0.322536 -0.946557  
3.475 -0.327265 -0.944933  
3.48 -0.331985 -0.943285  
3.485 -0.336697 -0.941613  
3.49 -0.341401 -0.939918  
3.495 -0.346097 -0.938199  
3.5 -0.350783 -0.936457  
3.505 -0.355461 -0.934691  
3.51 -0.36013 -0.932902  
3.515 -0.36479 -0.93109  
3.52 -0.369441 -0.929254  
3.525 -0.374083 -0.927395  
3.53 -0.378715 -0.925513  
3.535 -0.383338 -0.923608  
3.54 -0.387951 -0.92168  
3.545 -0.392554 -0.919729  
3.55 -0.397148 -0.917755  
3.555 -0.401732 -0.915757  
3.56 -0.406306 -0.913737  
3.565 -0.410869 -0.911694  
3.57 -0.415423 -0.909629  
3.575 -0.419966 -0.90754  
3.58 -0.424498 -0.905429  
3.585 -0.42902 -0.903295  
3.59 -0.433531 -0.901139  
3.595 -0.438031 -0.89896  
3.6 -0.44252 -0.896758  
3.605 -0.446999 -0.894535  
3.61 -0.451466 -0.892288  
3.615 -0.455922 -0.89002  
3.62 -0.460366 -0.887729  
3.625 -0.464799 -0.885416  
3.63 -0.46922 -0.883081  
3.635 -0.47363 -0.880724  
3.64 -0.478027 -0.878345  
3.645 -0.482413 -0.875944  
3.65 -0.486787 -0.873521  
3.655 -0.491148 -0.871076  
3.66 -0.495497 -0.868609  
3.665 -0.499834 -0.866121  
3.67 -0.504159 -0.863611  
3.675 -0.50847 -0.86108  
3.68 -0.512769 -0.858526  
3.685 -0.517056 -0.855952  
3.69 -0.521329 -0.853356  
3.695 -0.525589 -0.850739  
3.7 -0.529836 -0.8481  
3.705 -0.53407 -0.84544  
3.71 -0.538291 -0.842759  
3.715 -0.542498 -0.840057  
3.72 -0.546691 -0.837334  
3.725 -0.550871 -0.83459  
3.73 -0.555037 -0.831826  
3.735 -0.559189 -0.82904  
3.74 -0.563327 -0.826234  
3.745 -0.567451 -0.823407  
3.75 -0.571561 -0.820559  
3.755 -0.575657 -0.817691  
3.76 -0.579738 -0.814803  
3.765 -0.583805 -0.811894  
3.77 -0.587857 -0.808965  
3.775 -0.591895 -0.806015  
3.78 -0.595917 -0.803046  
3.785 -0.599925 -0.800056  
3.79 -0.603918 -0.797047  
3.795 -0.607895 -0.794017  
3.8 -0.611858 -0.790968  
3.805 -0.615805 -0.787899  
3.81 -0.619737 -0.78481  
3.815 -0.623653 -0.781701  
3.82 -0.627554 -0.778573  
3.825 -0.631439 -0.775426  
3.83 -0.635308 -0.772259  
3.835 -0.639161 -0.769073  
3.84 -0.642999 -0.765867  
3.845 -0.64682 -0.762643  
3.85 -0.650625 -0.759399  
3.855 -0.654414 -0.756136  
3.86 -0.658186 -0.752855  
3.865 -0.661943 -0.749555  
3.87 -0.665682 -0.746236  
3.875 -0.669405 -0.742898  
3.88 -0.673111 -0.739542  
3.885 -0.6768 -0.736167  
3.89 -0.680473 -0.732774  
3.895 -0.684128 -0.729362  
3.9 -0.687766 -0.725932  
3.905 -0.691387 -0.722484  
3.91 -0.694991 -0.719018  
3.915 -0.698577 -0.715535  
3.92 -0.702146 -0.712033  
3.925 -0.705698 -0.708513  
3.93 -0.709231 -0.704976  
3.935 -0.712747 -0.701421  
3.94 -0.716246 -0.697848  
3.945 -0.719726 -0.694258  
3.95 -0.723188 -0.690651  
3.955 -0.726632 -0.687027  
3.96 -0.730058 -0.683385  
3.965 -0.733466 -0.679726  
3.97 -0.736856 -0.67605  
3.975 -0.740227 -0.672357  
3.98 -0.743579 -0.668648  
3.985 -0.746913 -0.664922  
3.99 -0.750228 -0.661179  
3.995 -0.753525 -0.657419  
4 -0.756802 -0.653644  
4.005 -0.760061 -0.649851  
4.01 -0.763301 -0.646043  
4.015 -0.766522 -0.642218  
4.02 -0.769723 -0.638378  
4.025 -0.772905 -0.634521  
4.03 -0.776068 -0.630649  
4.035 -0.779212 -0.626761  
4.04 -0.782336 -0.622857  
4.045 -0.78544 -0.618937  
4.05 -0.788525 -0.615002  
4.055 -0.79159 -0.611052  
4.06 -0.794636 -0.607087  
4.065 -0.797661 -0.603106  
4.07 -0.800667 -0.59911  
4.075 -0.803652 -0.595099  
4.08 -0.806618 -0.591073  
4.085 -0.809563 -0.587033  
4.09 -0.812488 -0.582978  
4.095 -0.815393 -0.578908  
4.1 -0.818277 -0.574824  
4.105 -0.821141 -0.570725  
4.11 -0.823984 -0.566613  
4.115 -0.826807 -0.562486  
4.12 -0.829609 -0.558345  
4.125 -0.832391 -0.55419  
4.13 -0.835151 -0.550021  
4.135 -0.837891 -0.545838  
4.14 -0.840609 -0.541642  
4.145 -0.843307 -0.537432  
4.15 -0.845984 -0.533209  
4.155 -0.848639 -0.528972  
4.16 -0.851273 -0.524722  
4.165 -0.853886 -0.520459  
4.17 -0.856478 -0.516184  
4.175 -0.859048 -0.511895  
4.18 -0.861597 -0.507593  
4.185 -0.864124 -0.503279  
4.19 -0.86663 -0.498952  
4.195 -0.869114 -0.494613  
4.2 -0.871576 -0.490261  
4.205 -0.874016 -0.485897  
4.21 -0.876435 -0.481521  
4.215 -0.878831 -0.477133  
4.22 -0.881206 -0.472732  
4.225 -0.883559 -0.46832  
4.23 -0.885889 -0.463897  
4.235 -0.888198 -0.459462  
4.24 -0.890484 -0.455015  
4.245 -0.892748 -0.450557  
4.25 -0.894989 -0.446087  
4.255 -0.897209 -0.441607  
4.26 -0.899405 -0.437115  
4.265 -0.90158 -0.432613  
4.27 -0.903732 -0.4281  
4.275 -0.905861 -0.423576  
4.28 -0.907967 -0.419041  
4.285 -0.910051 -0.414496  
4.29 -0.912112 -0.409941  
4.295 -0.91415 -0.405375  
4.3 -0.916166 -0.400799  
4.305 -0.918158 -0.396213  
4.31 -0.920128 -0.391618  
4.315 -0.922075 -0.387012  
4.32 -0.923998 -0.382397  
4.325 -0.925899 -0.377772  
4.33 -0.927776 -0.373138  
4.335 -0.92963 -0.368494  
4.34 -0.931461 -0.363842  
4.345 -0.933268 -0.35918  
4.35 -0.935053 -0.354509  
4.355 -0.936813 -0.349829  
4.36 -0.938551 -0.345141  
4.365 -0.940265 -0.340444  
4.37 -0.941955 -0.335738  
4.375 -0.943622 -0.331024  
4.38 -0.945266 -0.326302  
4.385 -0.946885 -0.321572  
4.39 -0.948481 -0.316833  
4.395 -0.950054 -0.312087  
4.4 -0.951602 -0.307333  
4.405 -0.953127 -0.302571  
4.41 -0.954628 -0.297802  
4.415 -0.956105 -0.293025  
4.42 -0.957558 -0.288241  
4.425 -0.958987 -0.283449  
4.43 -0.960392 -0.278651  
4.435 -0.961774 -0.273845  
4.44 -0.963131 -0.269033  
4.445 -0.964464 -0.264214  
4.45 -0.965773 -0.259389  
4.455 -0.967058 -0.254556  
4.46 -0.968319 -0.249718  
4.465 -0.969555 -0.244873  
4.47 -0.970767 -0.240022  
4.475 -0.971955 -0.235166  
4.48 -0.973119 -0.230303  
4.485 -0.974258 -0.225434  
4.49 -0.975373 -0.22056  
4.495 -0.976464 -0.215681  
4.5 -0.97753 -0.210796  
4.505 -0.978572 -0.205906  
4.51 -0.979589 -0.20101  
4.515 -0.980582 -0.19611  
4.52 -0.98155 -0.191204  
4.525 -0.982494 -0.186294  
4.53 -0.983413 -0.181379  
4.535 -0.984308 -0.17646  
4.54 -0.985178 -0.171536  
4.545 -0.986023 -0.166608  
4.55 -0.986844 -0.161676  
4.555 -0.98764 -0.15674  
4.56 -0.988411 -0.1518  
4.565 -0.989158 -0.146856  
4.57 -0.98988 -0.141908  
4.575 -0.990577 -0.136957  
4.58 -0.991249 -0.132003  
4.585 -0.991897 -0.127045  
4.59 -0.99252 -0.122084  
4.595 -0.993118 -0.11712  
4.6 -0.993691 -0.112153  
4.605 -0.994239 -0.107183  
4.61 -0.994763 -0.10221  
4.615 -0.995261 -0.0972351  
4.62 -0.995735 -0.0922576  
4.625 -0.996184 -0.0872778  
4.63 -0.996608 -0.0822958  
4.635 -0.997007 -0.0773118  
4.64 -0.997381 -0.0723258  
4.645 -0.99773 -0.067338  
4.65 -0.998054 -0.0623485  
4.655 -0.998354 -0.0573575  
4.66 -0.998628 -0.052365  
4.665 -0.998877 -0.0473712  
4.67 -0.999102 -0.0423763  
4.675 -0.999301 -0.0373803  
4.68 -0.999476 -0.0323833  
4.685 -0.999625 -0.0273856  
4.69 -0.999749 -0.0223871  
4.695 -0.999849 -0.0173881  
4.7 -0.999923 -0.0123887  
4.705 -0.999973 -0.00738891  
4.71 -0.999997 -0.00238898  
4.715 -0.999997 0.00261102  
4.72 -0.999971 0.00761095  
4.725 -0.99992 0.0126107  
4.73 -0.999845 0.0176101  
4.735 -0.999744 0.0226091  
4.74 -0.999619 0.0276075  
4.745 -0.999468 0.0326052  
4.75 -0.999293 0.0376022  
4.755 -0.999092 0.0425981  
4.76 -0.998867 0.047593  
4.765 -0.998616 0.0525868  
4.77 -0.998341 0.0575792  
4.775 -0.998041 0.0625701  
4.78 -0.997715 0.0675595  
4.785 -0.997365 0.0725472  
4.79 -0.99699 0.0775331  
4.795 -0.99659 0.0825171  
4.8 -0.996165 0.087499  
4.805 -0.995715 0.0924787  
4.81 -0.99524 0.0974561  
4.815 -0.99474 0.102431  
4.82 -0.994216 0.107403  
4.825 -0.993666 0.112373  
4.83 -0.993092 0.11734  
4.835 -0.992493 0.122304  
4.84 -0.991869 0.127265  
4.845 -0.99122 0.132223  
4.85 -0.990547 0.137177  
4.855 -0.989848 0.142128  
4.86 -0.989125 0.147076  
4.865 -0.988378 0.152019  
4.87 -0.987605 0.156959  
4.875 -0.986808 0.161895  
4.88 -0.985986 0.166827  
4.885 -0.98514 0.171755  
4.89 -0.984269 0.176679  
4.895 -0.983373 0.181598  
4.9 -0.982453 0.186512  
4.905 -0.981508 0.191422  
4.91 -0.980538 0.196327  
4.915 -0.979545 0.201228  
4.92 -0.978526 0.206123  
4.925 -0.977483 0.211013  
4.93 -0.976416 0.215898  
4.935 -0.975324 0.220777  
4.94 -0.974208 0.225651  
4.945 -0.973068 0.230519  
4.95 -0.971903 0.235381  
4.955 -0.970714 0.240238  
4.96 -0.969501 0.245089  
4.965 -0.968263 0.249933  
4.97 -0.967001 0.254771  
4.975 -0.965715 0.259603  
4.98 -0.964405 0.264428  
4.985 -0.963071 0.269247  
4.99 -0.961713 0.274059  
4.995 -0.960331 0.278864  
5 -0.958924 0.283662  
5.005 -0.957494 0.288453  
5.01 -0.95604 0.293237  
5.015 -0.954562 0.298014  
5.02 -0.95306 0.302783  
5.025 -0.951534 0.307544  
5.03 -0.949984 0.312298  
5.035 -0.948411 0.317044  
5.04 -0.946814 0.321782  
5.045 -0.945193 0.326512  
5.05 -0.943549 0.331234  
5.055 -0.941881 0.335948  
5.06 -0.940189 0.340653  
5.065 -0.938474 0.345349  
5.07 -0.936736 0.350037  
5.075 -0.934974 0.354717  
5.08 -0.933189 0.359387  
5.085 -0.93138 0.364049  
5.09 -0.929548 0.368701  
5.095 -0.927693 0.373344  
5.1 -0.925815 0.377978  
5.105 -0.923913 0.382602  
5.11 -0.921989 0.387217  
5.115 -0.920041 0.391822  
5.12 -0.91807 0.396417  
5.125 -0.916077 0.401003  
5.13 -0.91406 0.405578  
5.135 -0.912021 0.410143  
5.14 -0.909959 0.414698  
5.145 -0.907874 0.419243  
5.15 -0.905767 0.423777  
5.155 -0.903636 0.4283  
5.16 -0.901484 0.432813  
5.165 -0.899308 0.437315  
5.17 -0.897111 0.441806  
5.175 -0.89489 0.446286  
5.18 -0.892648 0.450755  
5.185 -0.890383 0.455213  
5.19 -0.888096 0.459659  
5.195 -0.885786 0.464094  
5.2 -0.883455 0.468517  
5.205 -0.881101 0.472928  
5.21 -0.878725 0.477328  
5.215 -0.876328 0.481715  
5.22 -0.873908 0.486091  
5.225 -0.871467 0.490454  
5.23 -0.869004 0.494806  
5.235 -0.866519 0.499144  
5.24 -0.864012 0.503471  
5.245 -0.861484 0.507784  
5.25 -0.858934 0.512085  
5.255 -0.856363 0.516374  
5.26 -0.853771 0.520649  
5.265 -0.851157 0.524911  
5.27 -0.848522 0.529161  
5.275 -0.845865 0.533397  
5.28 -0.843188 0.537619  
5.285 -0.840489 0.541828  
5.29 -0.837769 0.546024  
5.295 -0.835029 0.550206  
5.3 -0.832267 0.554374  
5.305 -0.829485 0.558529  
5.31 -0.826682 0.562669  
5.315 -0.823859 0.566796  
5.32 -0.821014 0.570908  
5.325 -0.818149 0.575006  
5.33 -0.815264 0.579089  
5.335 -0.812359 0.583158  
5.34 -0.809433 0.587213  
5.345 -0.806486 0.591253  
5.35 -0.80352 0.595278  
5.355 -0.800534 0.599288  
5.36 -0.797527 0.603283  
5.365 -0.794501 0.607263  
5.37 -0.791455 0.611228  
5.375 -0.788389 0.615177  
5.38 -0.785303 0.619112  
5.385 -0.782198 0.62303  
5.39 -0.779073 0.626934  
5.395 -0.775928 0.630821  
5.4 -0.772764 0.634693  
5.405 -0.769581 0.638549  
5.41 -0.766379 0.642389  
5.415 -0.763158 0.646213  
5.42 -0.759917 0.65002  
5.425 -0.756657 0.653812  
5.43 -0.753379 0.657587  
5.435 -0.750082 0.661345  
5.44 -0.746765 0.665088  
5.445 -0.743431 0.668813  
5.45 -0.740077 0.672522  
5.455 -0.736705 0.676214  
5.46 -0.733315 0.679889  
5.465 -0.729907 0.683547  
5.47 -0.72648 0.687188  
5.475 -0.723035 0.690812  
5.48 -0.719572 0.694418  
5.485 -0.716091 0.698007  
5.49 -0.712592 0.701579  
5.495 -0.709075 0.705133  
5.5 -0.70554 0.70867  
5.505 -0.701988 0.712189  
5.51 -0.698418 0.71569  
5.515 -0.694831 0.719173  
5.52 -0.691227 0.722638  
5.525 -0.687605 0.726085  
5.53 -0.683966 0.729514  
5.535 -0.68031 0.732925  
5.54 -0.676637 0.736317  
5.545 -0.672947 0.739691  
5.55 -0.66924 0.743046  
5.555 -0.665516 0.746383  
5.56 -0.661776 0.749702  
5.565 -0.658019 0.753001  
5.57 -0.654246 0.756282  
5.575 -0.650457 0.759544  
5.58 -0.646651 0.762786  
5.585 -0.642829 0.76601  
5.59 -0.638991 0.769215  
5.595 -0.635137 0.7724  
5.6 -0.631267 0.775566  
5.605 -0.627381 0.778713  
5.61 -0.62348 0.78184  
5.615 -0.619563 0.784947  
5.62 -0.61563 0.788035  
5.625 -0.611682 0.791104  
5.63 -0.607719 0.794152  
5.635 -0.603741 0.797181  
5.64 -0.599747 0.800189  
5.645 -0.595739 0.803178  
5.65 -0.591716 0.806147  
5.655 -0.587677 0.809095  
5.66 -0.583625 0.812024  
5.665 -0.579557 0.814932  
5.67 -0.575475 0.817819  
5.675 -0.571379 0.820686  
5.68 -0.567269 0.823533  
5.685 -0.563144 0.826359  
5.69 -0.559005 0.829164  
5.695 -0.554852 0.831949  
5.7 -0.550686 0.834713  
5.705 -0.546505 0.837456  
5.71 -0.542311 0.840178  
5.715 -0.538103 0.842879  
5.72 -0.533882 0.845559  
5.725 -0.529648 0.848218  
5.73 -0.5254 0.850855  
5.735 -0.521139 0.853472  
5.74 -0.516865 0.856067  
5.745 -0.512579 0.85864  
5.75 -0.508279 0.861192  
5.755 -0.503967 0.863723  
5.76 -0.499642 0.866232  
5.765 -0.495304 0.868719  
5.77 -0.490955 0.871185  
5.775 -0.486593 0.873629  
5.78 -0.482218 0.876051  
5.785 -0.477832 0.878451  
5.79 -0.473434 0.880829  
5.795 -0.469024 0.883185  
5.8 -0.464602 0.88552  
5.805 -0.460169 0.887831  
5.81 -0.455724 0.890121  
5.815 -0.451268 0.892389  
5.82 -0.4468 0.894634  
5.825 -0.442321 0.896857  
5.83 -0.437832 0.899057  
5.835 -0.433331 0.901235  
5.84 -0.428819 0.90339  
5.845 -0.424297 0.905523  
5.85 -0.419764 0.907633  
5.855 -0.415221 0.909721  
5.86 -0.410667 0.911785  
5.865 -0.406103 0.913827  
5.87 -0.401529 0.915846  
5.875 -0.396944 0.917843  
5.88 -0.39235 0.919816  
5.885 -0.387746 0.921766  
5.89 -0.383133 0.923693  
5.895 -0.378509 0.925597  
5.9 -0.373877 0.927478  
5.905 -0.369235 0.929336  
5.91 -0.364583 0.931171  
5.915 -0.359923 0.932982  
5.92 -0.355254 0.93477  
5.925 -0.350575 0.936535  
5.93 -0.345888 0.938276  
5.935 -0.341193 0.939993  
5.94 -0.336488 0.941688  
5.945 -0.331776 0.943358  
5.95 -0.327055 0.945005  
5.955 -0.322326 0.946629  
5.96 -0.317589 0.948229  
5.965 -0.312843 0.949805  
5.97 -0.308091 0.951357  
5.975 -0.30333 0.952886  
5.98 -0.298562 0.95439  
5.985 -0.293786 0.955871  
5.99 -0.289003 0.957328  
5.995 -0.284213 0.958761  
6 -0.279415 0.96017  
6.005 -0.274611 0.961555  
6.01 -0.2698 0.962916  
6.015 -0.264982 0.964253  
6.02 -0.260157 0.965566  
6.025 -0.255326 0.966855  
6.03 -0.250489 0.968119  
6.035 -0.245645 0.96936  
6.04 -0.240795 0.970576  
6.045 -0.23594 0.971768  
6.05 -0.231078 0.972935  
6.055 -0.22621 0.974079  
6.06 -0.221337 0.975197  
6.065 -0.216458 0.976292  
6.07 -0.211574 0.977362  
6.075 -0.206685 0.978408  
6.08 -0.20179 0.979429  
6.085 -0.19689 0.980425  
6.09 -0.191986 0.981398  
6.095 -0.187077 0.982345  
6.1 -0.182163 0.983268  
6.105 -0.177244 0.984167  
6.11 -0.172321 0.985041  
6.115 -0.167394 0.98589  
6.12 -0.162462 0.986715  
6.125 -0.157526 0.987515  
6.13 -0.152587 0.98829  
6.135 -0.147644 0.989041  
6.14 -0.142697 0.989766  
6.145 -0.137746 0.990468  
6.15 -0.132792 0.991144  
6.155 -0.127835 0.991796  
6.16 -0.122874 0.992422  
6.165 -0.11791 0.993024  
6.17 -0.112944 0.993601  
6.175 -0.107974 0.994154  
6.18 -0.103002 0.994681  
6.185 -0.0980276 0.995184  
6.19 -0.0930505 0.995661  
6.195 -0.0880711 0.996114  
6.2 -0.0830894 0.996542  
6.205 -0.0781057 0.996945  
6.21 -0.07312 0.997323  
6.215 -0.0681325 0.997676  
6.22 -0.0631433 0.998004  
6.225 -0.0581525 0.998308  
6.23 -0.0531602 0.998586  
6.235 -0.0481667 0.998839  
6.24 -0.0431719 0.999068  
6.245 -0.038176 0.999271  
6.25 -0.0331792 0.999449  
6.255 -0.0281816 0.999603  
6.26 -0.0231832 0.999731  
6.265 -0.0181843 0.999835  
6.27 -0.0131849 0.999913  
6.275 -0.00818522 0.999967  
6.28 -0.0031853 0.999995  
6.285 0.00181469 0.999998  
6.29 0.00681464 0.999977  
6.295 0.0118144 0.99993  
6.3 0.0168139 0.999859  
6.305 0.021813 0.999762  
6.31 0.0268115 0.999641  
6.315 0.0318093 0.999494  
6.32 0.0368064 0.999322  
6.325 0.0418025 0.999126  
6.33 0.0467976 0.998904  
6.335 0.0517915 0.998658  
6.34 0.0567841 0.998386  
6.345 0.0617753 0.99809  
6.35 0.066765 0.997769  
6.355 0.071753 0.997422  
6.36 0.0767392 0.997051  
6.365 0.0817235 0.996655  
6.37 0.0867057 0.996234  
6.375 0.0916857 0.995788  
6.38 0.0966635 0.995317  
6.385 0.101639 0.994821  
6.39 0.106612 0.994301  
6.395 0.111582 0.993755  
6.4 0.116549 0.993185  
6.405 0.121514 0.99259  
6.41 0.126475 0.99197  
6.415 0.131433 0.991325  
6.42 0.136388 0.990655  
6.425 0.14134 0.989961  
6.43 0.146288 0.989242  
6.435 0.151232 0.988498  
6.44 0.156173 0.98773  
6.445 0.161109 0.986937  
6.45 0.166042 0.986119  
6.455 0.170971 0.985276  
6.46 0.175895 0.984409  
6.465 0.180815 0.983517  
6.47 0.18573 0.982601  
6.475 0.190641 0.98166  
6.48 0.195547 0.980694  
6.485 0.200448 0.979704  
6.49 0.205344 0.97869  
6.495 0.210234 0.977651  
6.5 0.21512 0.976588  
6.505 0.22 0.9755  
6.51 0.224875 0.974388  
6.515 0.229744 0.973251  
6.52 0.234607 0.97209  
6.525 0.239465 0.970905  
6.53 0.244316 0.969696  
6.535 0.249162 0.968462  
6.54 0.254001 0.967204  
6.545 0.258834 0.965922  
6.55 0.26366 0.964616  
6.555 0.26848 0.963285  
6.56 0.273293 0.961931  
6.565 0.278099 0.960552  
6.57 0.282898 0.95915  
6.575 0.287691 0.957723  
6.58 0.292476 0.956273  
6.585 0.297253 0.954799  
6.59 0.302024 0.9533  
6.595 0.306786 0.951778  
6.6 0.311541 0.950233  
6.605 0.316289 0.948663  
6.61 0.321028 0.94707  
6.615 0.325759 0.945453  
6.62 0.330482 0.943812  
6.625 0.335197 0.942148  
6.63 0.339904 0.94046  
6.635 0.344602 0.938749  
6.64 0.349291 0.937014  
6.645 0.353972 0.935256  
6.65 0.358644 0.933474  
6.655 0.363307 0.93167  
6.66 0.367961 0.929841  
6.665 0.372605 0.92799  
6.67 0.37724 0.926115  
6.675 0.381866 0.924218  
6.68 0.386483 0.922297  
6.685 0.391089 0.920353  
6.69 0.395686 0.918386  
6.695 0.400273 0.916396  
6.7 0.40485 0.914383  
6.705 0.409417 0.912347  
6.71 0.413973 0.910289  
6.715 0.41852 0.908208  
6.72 0.423055 0.906104  
6.725 0.427581 0.903977  
6.73 0.432095 0.901828  
6.735 0.436599 0.899656  
6.74 0.441092 0.897462  
6.745 0.445573 0.895245  
6.75 0.450044 0.893006  
6.755 0.454503 0.890745  
6.76 0.458951 0.888461  
6.765 0.463388 0.886155  
6.77 0.467813 0.883827  
6.775 0.472226 0.881477  
6.78 0.476628 0.879105  
6.785 0.481017 0.876711  
6.79 0.485395 0.874295  
6.795 0.48976 0.871857  
6.8 0.494113 0.869397  
6.805 0.498454 0.866916  
6.81 0.502782 0.864413  
6.815 0.507098 0.861888  
6.82 0.511401 0.859342  
6.825 0.515692 0.856774  
6.83 0.519969 0.854185  
6.835 0.524233 0.851575  
6.84 0.528485 0.848943  
6.845 0.532723 0.84629  
6.85 0.536948 0.843616  
6.855 0.541159 0.84092  
6.86 0.545357 0.838204  
6.865 0.549541 0.835467  
6.87 0.553711 0.832709  
6.875 0.557868 0.82993  
6.88 0.562011 0.82713  
6.885 0.566139 0.82431  
6.89 0.570254 0.821469  
6.895 0.574354 0.818607  
6.9 0.57844 0.815725  
6.905 0.582511 0.812823  
6.91 0.586568 0.8099  
6.915 0.59061 0.806957  
6.92 0.594637 0.803994  
6.925 0.59865 0.801011  
6.93 0.602648 0.798007  
6.935 0.60663 0.794984  
6.94 0.610597 0.791941  
6.945 0.614549 0.788878  
6.95 0.618486 0.785796  
6.955 0.622407 0.782693  
6.96 0.626313 0.779572  
6.965 0.630203 0.77643  
6.97 0.634077 0.77327  
6.975 0.637936 0.77009  
6.98 0.641778 0.76689  
6.985 0.645605 0.763672  
6.99 0.649415 0.760434  
6.995 0.653209 0.757178  
7 0.656987 0.753902  
7.005 0.660748 0.750608  
7.01 0.664493 0.747295  
7.015 0.668221 0.743963  
7.02 0.671932 0.740613  
7.025 0.675627 0.737244  
7.03 0.679305 0.733856  
7.035 0.682965 0.730451  
7.04 0.686609 0.727027  
7.045 0.690236 0.723585  
7.05 0.693845 0.720124  
7.055 0.697437 0.716646  
7.06 0.701011 0.71315  
7.065 0.704568 0.709636  
7.07 0.708108 0.706104  
7.075 0.711629 0.702555  
7.08 0.715133 0.698988  
7.085 0.718619 0.695404  
7.09 0.722087 0.691802  
7.095 0.725537 0.688183  
7.1 0.728969 0.684547  
7.105 0.732383 0.680893  
7.11 0.735778 0.677223  
7.115 0.739155 0.673536  
7.12 0.742513 0.669831  
7.125 0.745853 0.66611  
7.13 0.749174 0.662373  
7.135 0.752477 0.658619  
7.14 0.755761 0.654848  
7.145 0.759025 0.651061  
7.15 0.762271 0.647258  
7.155 0.765498 0.643438  
7.16 0.768705 0.639603  
7.165 0.771894 0.635751  
7.17 0.775063 0.631884  
7.175 0.778213 0.628001  
7.18 0.781343 0.624102  
7.185 0.784454 0.620187  
7.19 0.787545 0.616257  
7.195 0.790616 0.612312  
7.2 0.793668 0.608351  
7.205 0.7967 0.604375  
7.21 0.799712 0.600384  
7.215 0.802704 0.596378  
7.22 0.805675 0.592357  
7.225 0.808627 0.588322  
7.23 0.811559 0.584271  
7.235 0.81447 0.580206  
7.24 0.817361 0.576126  
7.245 0.820231 0.572032  
7.25 0.823081 0.567924  
7.255 0.82591 0.563802  
7.26 0.828719 0.559665  
7.265 0.831507 0.555515  
7.27 0.834274 0.55135  
7.275 0.83702 0.547172  
7.28 0.839746 0.54298  
7.285 0.84245 0.538774  
7.29 0.845133 0.534555  
7.295 0.847796 0.530323  
7.3 0.850437 0.526078  
7.305 0.853056 0.521819  
7.31 0.855655 0.517547  
7.315 0.858232 0.513262  
7.32 0.860787 0.508965  
7.325 0.863321 0.504654  
7.33 0.865834 0.500332  
7.335 0.868325 0.495996  
7.34 0.870794 0.491648  
7.345 0.873241 0.487288  
7.35 0.875667 0.482916  
7.355 0.87807 0.478532  
7.36 0.880452 0.474135  
7.365 0.882812 0.469727  
7.37 0.885149 0.465307  
7.375 0.887465 0.460876  
7.38 0.889758 0.456433  
7.385 0.892029 0.451978  
7.39 0.894278 0.447512  
7.395 0.896504 0.443035  
7.4 0.898708 0.438547  
7.405 0.90089 0.434048  
7.41 0.903049 0.429538  
7.415 0.905185 0.425018  
7.42 0.907299 0.420487  
7.425 0.90939 0.415945  
7.43 0.911458 0.411393  
7.435 0.913504 0.40683  
7.44 0.915526 0.402258  
7.445 0.917526 0.397675  
7.45 0.919503 0.393083  
7.455 0.921457 0.38848  
7.46 0.923388 0.383868  
7.465 0.925296 0.379246  
7.47 0.92718 0.374615  
7.475 0.929042 0.369975  
7.48 0.93088 0.365325  
7.485 0.932695 0.360666  
7.49 0.934487 0.355998  
7.495 0.936255 0.351321  
7.5 0.938 0.346635  
7.505 0.939721 0.341941  
7.51 0.941419 0.337238  
7.515 0.943094 0.332527  
7.52 0.944745 0.327807  
7.525 0.946372 0.323079  
7.53 0.947975 0.318344  
7.535 0.949555 0.3136  
7.54 0.951111 0.308848  
7.545 0.952644 0.304089  
7.55 0.954152 0.299322  
7.555 0.955637 0.294547  
7.56 0.957098 0.289765  
7.565 0.958535 0.284976  
7.57 0.959947 0.28018  
7.575 0.961336 0.275377  
7.58 0.962701 0.270567  
7.585 0.964042 0.26575  
7.59 0.965359 0.260926  
7.595 0.966651 0.256096  
7.6 0.96792 0.25126  
7.605 0.969164 0.246417  
7.61 0.970384 0.241568  
7.615 0.97158 0.236713  
7.62 0.972751 0.231852  
7.625 0.973898 0.226986  
7.63 0.975021 0.222114  
7.635 0.976119 0.217236  
7.64 0.977193 0.212352  
7.645 0.978243 0.207464  
7.65 0.979268 0.20257  
7.655 0.980268 0.197671  
7.66 0.981244 0.192767  
7.665 0.982196 0.187859  
7.67 0.983123 0.182945  
7.675 0.984026 0.178028  
7.68 0.984903 0.173105  
7.685 0.985757 0.168179  
7.69 0.986585 0.163248  
7.695 0.987389 0.158313  
7.7 0.988168 0.153374  
7.705 0.988923 0.148431  
7.71 0.989653 0.143485  
7.715 0.990358 0.138535  
7.72 0.991038 0.133581  
7.725 0.991693 0.128624  
7.73 0.992324 0.123664  
7.735 0.99293 0.118701  
7.74 0.993511 0.113735  
7.745 0.994067 0.108766  
7.75 0.994599 0.103794  
7.755 0.995105 0.0988201  
7.76 0.995587 0.0938433  
7.765 0.996044 0.0888643  
7.77 0.996476 0.0838829  
7.775 0.996883 0.0788995  
7.78 0.997265 0.0739142  
7.785 0.997622 0.0689269  
7.79 0.997954 0.063938  
7.795 0.998261 0.0589474  
7.8 0.998543 0.0539554  
7.805 0.998801 0.0489621  
7.81 0.999033 0.0439675  
7.815 0.99924 0.0389718  
7.82 0.999423 0.0339751  
7.825 0.99958 0.0289776  
7.83 0.999712 0.0239793  
7.835 0.99982 0.0189805  
7.84 0.999902 0.0139812  
7.845 0.99996 0.00898151  
7.85 0.999992 0.00398162  
7.855 0.999999 -0.00101837  
7.86 0.999982 -0.00601833  
7.865 0.999939 -0.0110181  
7.87 0.999872 -0.0160177  
7.875 0.999779 -0.0210168  
7.88 0.999662 -0.0260154  
7.885 0.999519 -0.0310134  
7.89 0.999351 -0.0360106  
7.895 0.999159 -0.0410069  
7.9 0.998941 -0.0460021  
7.905 0.998699 -0.0509962  
7.91 0.998431 -0.0559891  
7.915 0.998139 -0.0609805  
7.92 0.997822 -0.0659704  
7.925 0.997479 -0.0709587  
7.93 0.997112 -0.0759452  
7.935 0.99672 -0.0809298  
7.94 0.996303 -0.0859123  
7.945 0.995861 -0.0908927  
7.95 0.995394 -0.0958709  
7.955 0.994902 -0.100847  
7.96 0.994385 -0.10582  
7.965 0.993844 -0.11079  
7.97 0.993277 -0.115758  
7.975 0.992686 -0.120723  
7.98 0.99207 -0.125685  
7.985 0.991429 -0.130644  
7.99 0.990764 -0.135599  
7.995 0.990073 -0.140551  
8 0.989358 -0.1455  
8.005 0.988618 -0.150445  
8.01 0.987854 -0.155386  
8.015 0.987065 -0.160323  
8.02 0.986251 -0.165257  
8.025 0.985412 -0.170186  
8.03 0.984549 -0.175111  
8.035 0.983661 -0.180031  
8.04 0.982748 -0.184947  
8.045 0.981811 -0.189859  
8.05 0.98085 -0.194765  
8.055 0.979864 -0.199667  
8.06 0.978853 -0.204564  
8.065 0.977818 -0.209456  
8.07 0.976759 -0.214342  
8.075 0.975675 -0.219223  
8.08 0.974566 -0.224099  
8.085 0.973434 -0.228969  
8.09 0.972277 -0.233833  
8.095 0.971095 -0.238692  
8.1 0.96989 -0.243544  
8.105 0.96866 -0.248391  
8.11 0.967406 -0.253231  
8.115 0.966128 -0.258065  
8.12 0.964825 -0.262892  
8.125 0.963499 -0.267713  
8.13 0.962148 -0.272527  
8.135 0.960774 -0.277334  
8.14 0.959375 -0.282135  
8.145 0.957952 -0.286928  
8.15 0.956506 -0.291714  
8.155 0.955035 -0.296493  
8.16 0.953541 -0.301264  
8.165 0.952022 -0.306028  
8.17 0.95048 -0.310785  
8.175 0.948915 -0.315533  
8.18 0.947325 -0.320274  
8.185 0.945712 -0.325006  
8.19 0.944075 -0.329731  
8.195 0.942415 -0.334447  
8.2 0.940731 -0.339155  
8.205 0.939023 -0.343854  
8.21 0.937292 -0.348545  
8.215 0.935538 -0.353227  
8.22 0.93376 -0.3579  
8.225 0.931959 -0.362565  
8.23 0.930134 -0.36722  
8.235 0.928286 -0.371866  
8.24 0.926415 -0.376503  
8.245 0.924521 -0.38113  
8.25 0.922604 -0.385748  
8.255 0.920664 -0.390356  
8.26 0.918701 -0.394955  
8.265 0.916714 -0.399543  
8.27 0.914705 -0.404122  
8.275 0.912673 -0.40869  
8.28 0.910618 -0.413248  
8.285 0.908541 -0.417796  
8.29 0.90644 -0.422334  
8.295 0.904317 -0.426861  
8.3 0.902172 -0.431377  
8.305 0.900004 -0.435882  
8.31 0.897813 -0.440377  
8.315 0.8956 -0.44486  
8.32 0.893364 -0.449333  
8.325 0.891107 -0.453794  
8.33 0.888827 -0.458244  
8.335 0.886524 -0.462682  
8.34 0.8842 -0.467109  
8.345 0.881853 -0.471524  
8.35 0.879484 -0.475928  
8.355 0.877094 -0.480319  
8.36 0.874681 -0.484698  
8.365 0.872247 -0.489066  
8.37 0.869791 -0.493421  
8.375 0.867313 -0.497764  
8.38 0.864813 -0.502094  
8.385 0.862292 -0.506412  
8.39 0.859749 -0.510717  
8.395 0.857185 -0.515009  
8.4 0.854599 -0.519289  
8.405 0.851992 -0.523555  
8.41 0.849363 -0.527809  
8.415 0.846714 -0.532049  
8.42 0.844043 -0.536276  
8.425 0.841351 -0.540489  
8.43 0.838638 -0.544689  
8.435 0.835904 -0.548875  
8.44 0.833149 -0.553048  
8.445 0.830374 -0.557207  
8.45 0.827577 -0.561352  
8.455 0.82476 -0.565483  
8.46 0.821922 -0.569599  
8.465 0.819064 -0.573702  
8.47 0.816185 -0.57779  
8.475 0.813286 -0.581864  
8.48 0.810367 -0.585923  
8.485 0.807427 -0.589967  
8.49 0.804467 -0.593997  
8.495 0.801487 -0.598012  
8.5 0.798487 -0.602012  
8.505 0.795467 -0.605997  
8.51 0.792427 -0.609967  
8.515 0.789367 -0.613921  
8.52 0.786288 -0.61786  
8.525 0.783189 -0.621784  
8.53 0.78007 -0.625692  
8.535 0.776932 -0.629585  
8.54 0.773774 -0.633461  
8.545 0.770597 -0.637322  
8.55 0.767401 -0.641167  
8.555 0.764186 -0.644996  
8.56 0.760951 -0.648809  
8.565 0.757698 -0.652606  
8.57 0.754425 -0.656386  
8.575 0.751134 -0.66015  
8.58 0.747824 -0.663897  
8.585 0.744495 -0.667628  
8.59 0.741147 -0.671342  
8.595 0.737782 -0.67504  
8.6 0.734397 -0.67872  
8.605 0.730994 -0.682384  
8.61 0.727573 -0.68603  
8.615 0.724134 -0.689659  
8.62 0.720677 -0.693271  
8.625 0.717201 -0.696866  
8.63 0.713708 -0.700443  
8.635 0.710197 -0.704003  
8.64 0.706668 -0.707545  
8.645 0.703122 -0.71107  
8.65 0.699557 -0.714576  
8.655 0.695976 -0.718065  
8.66 0.692377 -0.721536  
8.665 0.68876 -0.724989  
8.67 0.685127 -0.728424  
8.675 0.681476 -0.73184  
8.68 0.677809 -0.735238  
8.685 0.674124 -0.738618  
8.69 0.670422 -0.74198  
8.695 0.666704 -0.745322  
8.7 0.662969 -0.748647  
8.705 0.659218 -0.751952  
8.71 0.65545 -0.755239  
8.715 0.651665 -0.758507  
8.72 0.647865 -0.761755  
8.725 0.644048 -0.764985  
8.73 0.640215 -0.768196  
8.735 0.636366 -0.771387  
8.74 0.632501 -0.77456  
8.745 0.62862 -0.777712  
8.75 0.624724 -0.780846  
8.755 0.620812 -0.78396  
8.76 0.616884 -0.787054  
8.765 0.612941 -0.790128  
8.77 0.608983 -0.793183  
8.775 0.60501 -0.796218  
8.78 0.601021 -0.799233  
8.785 0.597017 -0.802228  
8.79 0.592999 -0.805203  
8.795 0.588965 -0.808158  
8.8 0.584917 -0.811093  
8.805 0.580854 -0.814007  
8.81 0.576777 -0.816902  
8.815 0.572685 -0.819775  
8.82 0.568579 -0.822628  
8.825 0.564459 -0.825461  
8.83 0.560325 -0.828273  
8.835 0.556177 -0.831064  
8.84 0.552014 -0.833835  
8.845 0.547838 -0.836584  
8.85 0.543648 -0.839313  
8.855 0.539445 -0.842021  
8.86 0.535228 -0.844707  
8.865 0.530998 -0.847373  
8.87 0.526755 -0.850017  
8.875 0.522498 -0.852641  
8.88 0.518228 -0.855242  
8.885 0.513946 -0.857823  
8.89 0.50965 -0.860382  
8.895 0.505342 -0.862919  
8.9 0.501021 -0.865435  
8.905 0.496687 -0.867929  
8.91 0.492342 -0.870402  
8.915 0.487983 -0.872853  
8.92 0.483613 -0.875282  
8.925 0.479231 -0.877689  
8.93 0.474836 -0.880074  
8.935 0.47043 -0.882437  
8.94 0.466012 -0.884778  
8.945 0.461582 -0.887097  
8.95 0.457141 -0.889394  
8.955 0.452688 -0.891669  
8.96 0.448224 -0.893921  
8.965 0.443749 -0.896151  
8.97 0.439263 -0.898359  
8.975 0.434766 -0.900544  
8.98 0.430257 -0.902706  
8.985 0.425739 -0.904846  
8.99 0.421209 -0.906964  
8.995 0.416669 -0.909058  
9 0.412118 -0.91113  
9.005 0.407558 -0.913179  
9.01 0.402987 -0.915206  
9.015 0.398406 -0.917209  
9.02 0.393815 -0.91919  
9.025 0.389214 -0.921147  
9.03 0.384603 -0.923082  
9.035 0.379983 -0.924993  
9.04 0.375353 -0.926882  
9.045 0.370714 -0.928747  
9.05 0.366066 -0.930589  
9.055 0.361408 -0.932408  
9.06 0.356742 -0.934203  
9.065 0.352066 -0.935975  
9.07 0.347382 -0.937724  
9.075 0.342689 -0.939449  
9.08 0.337988 -0.941151  
9.085 0.333278 -0.942829  
9.09 0.328559 -0.944483  
9.095 0.323833 -0.946114  
9.1 0.319098 -0.947722  
9.105 0.314356 -0.949305  
9.11 0.309605 -0.950865  
9.115 0.304847 -0.952401  
9.12 0.300081 -0.953914  
9.125 0.295308 -0.955402  
9.13 0.290527 -0.956867  
9.135 0.285739 -0.958307  
9.14 0.280944 -0.959724  
9.145 0.276142 -0.961117  
9.15 0.271333 -0.962485  
9.155 0.266517 -0.96383  
9.16 0.261695 -0.965151  
9.165 0.256866 -0.966447  
9.17 0.252031 -0.967719  
9.175 0.247189 -0.968967  
9.18 0.242341 -0.970191  
9.185 0.237487 -0.971391  
9.19 0.232627 -0.972566  
9.195 0.227761 -0.973717  
9.2 0.22289 -0.974844  
9.205 0.218013 -0.975946  
9.21 0.21313 -0.977024  
9.215 0.208243 -0.978077  
9.22 0.20335 -0.979106  
9.225 0.198452 -0.980111  
9.23 0.193549 -0.981091  
9.235 0.188641 -0.982046  
9.24 0.183728 -0.982977  
9.245 0.178811 -0.983883  
9.25 0.173889 -0.984765  
9.255 0.168964 -0.985622  
9.26 0.164033 -0.986455  
9.265 0.159099 -0.987263  
9.27 0.154161 -0.988046  
9.275 0.149219 -0.988804  
9.28 0.144273 -0.989538  
9.285 0.139323 -0.990247  
9.29 0.13437 -0.990931  
9.295 0.129414 -0.991591  
9.3 0.124454 -0.992225  
9.305 0.119492 -0.992835  
9.31 0.114526 -0.99342  
9.315 0.109558 -0.99398  
9.32 0.104586 -0.994516  
9.325 0.0996125 -0.995026  
9.33 0.0946361 -0.995512  
9.335 0.0896574 -0.995973  
9.34 0.0846764 -0.996409  
9.345 0.0796934 -0.996819  
9.35 0.0747083 -0.997205  
9.355 0.0697214 -0.997567  
9.36 0.0647327 -0.997903  
9.365 0.0597424 -0.998214  
9.37 0.0547506 -0.9985  
9.375 0.0497574 -0.998761  
9.38 0.044763 -0.998998  
9.385 0.0397675 -0.999209  
9.39 0.034771 -0.999395  
9.395 0.0297736 -0.999557  
9.4 0.0247754 -0.999693  
9.405 0.0197767 -0.999804  
9.41 0.0147774 -0.999891  
9.415 0.00977781 -0.999952  
9.42 0.00477794 -0.999989  
9.425 -0.000222039 -1  
9.43 -0.00522202 -0.999986  
9.435 -0.0102219 -0.999948  
9.44 -0.0152215 -0.999884  
9.445 -0.0202207 -0.999796  
9.45 -0.0252194 -0.999682  
9.455 -0.0302174 -0.999543  
9.46 -0.0352148 -0.99938  
9.465 -0.0402112 -0.999191  
9.47 -0.0452066 -0.998978  
9.475 -0.0502009 -0.998739  
9.48 -0.055194 -0.998476  
9.485 -0.0601856 -0.998187  
9.49 -0.0651758 -0.997874  
9.495 -0.0701643 -0.997535  
9.5 -0.0751511 -0.997172  
9.505 -0.080136 -0.996784  
9.51 -0.0851189 -0.996371  
9.515 -0.0900997 -0.995933  
9.52 -0.0950782 -0.99547  
9.525 -0.100054 -0.994982  
9.53 -0.105028 -0.994469  
9.535 -0.109999 -0.993932  
9.54 -0.114967 -0.993369  
9.545 -0.119933 -0.992782  
9.55 -0.124895 -0.99217  
9.555 -0.129854 -0.991533  
9.56 -0.13481 -0.990871  
9.565 -0.139763 -0.990185  
9.57 -0.144712 -0.989474  
9.575 -0.149658 -0.988738  
9.58 -0.154599 -0.987977  
9.585 -0.159537 -0.987192  
9.59 -0.164471 -0.986382  
9.595 -0.169401 -0.985547  
9.6 -0.174327 -0.984688  
9.605 -0.179248 -0.983804  
9.61 -0.184165 -0.982895  
9.615 -0.189077 -0.981962  
9.62 -0.193984 -0.981005  
9.625 -0.198887 -0.980022  
9.63 -0.203785 -0.979016  
9.635 -0.208677 -0.977985  
9.64 -0.213564 -0.976929  
9.645 -0.218446 -0.975849  
9.65 -0.223323 -0.974745  
9.655 -0.228194 -0.973616  
9.66 -0.233059 -0.972463  
9.665 -0.237918 -0.971285  
9.67 -0.242772 -0.970083  
9.675 -0.247619 -0.968857  
9.68 -0.25246 -0.967607  
9.685 -0.257295 -0.966333  
9.69 -0.262124 -0.965034  
9.695 -0.266945 -0.963712  
9.7 -0.271761 -0.962365  
9.705 -0.276569 -0.960994  
9.71 -0.281371 -0.959599  
9.715 -0.286165 -0.95818  
9.72 -0.290952 -0.956738  
9.725 -0.295732 -0.955271  
9.73 -0.300505 -0.95378  
9.735 -0.30527 -0.952266  
9.74 -0.310028 -0.950728  
9.745 -0.314777 -0.949166  
9.75 -0.319519 -0.94758  
9.755 -0.324253 -0.94597  
9.76 -0.328979 -0.944337  
9.765 -0.333696 -0.942681  
9.77 -0.338406 -0.941  
9.775 -0.343106 -0.939297  
9.78 -0.347799 -0.937569  
9.785 -0.352482 -0.935819  
9.79 -0.357157 -0.934044  
9.795 -0.361822 -0.932247  
9.8 -0.366479 -0.930426  
9.805 -0.371127 -0.928582  
9.81 -0.375765 -0.926715  
9.815 -0.380394 -0.924825  
9.82 -0.385013 -0.922911  
9.825 -0.389623 -0.920975  
9.83 -0.394223 -0.919015  
9.835 -0.398813 -0.917032  
9.84 -0.403393 -0.915027  
9.845 -0.407963 -0.912998  
9.85 -0.412523 -0.910947  
9.855 -0.417073 -0.908873  
9.86 -0.421612 -0.906776  
9.865 -0.42614 -0.904657  
9.87 -0.430658 -0.902515  
9.875 -0.435165 -0.900351  
9.88 -0.439662 -0.898163  
9.885 -0.444147 -0.895954  
9.89 -0.448621 -0.893722  
9.895 -0.453084 -0.891468  
9.9 -0.457536 -0.889191  
9.905 -0.461976 -0.886892  
9.91 -0.466405 -0.884571  
9.915 -0.470822 -0.882228  
9.92 -0.475227 -0.879863  
9.925 -0.47962 -0.877476  
9.93 -0.484002 -0.875067  
9.935 -0.488371 -0.872636  
9.94 -0.492728 -0.870183  
9.945 -0.497073 -0.867709  
9.95 -0.501405 -0.865213  
9.955 -0.505725 -0.862695  
9.96 -0.510032 -0.860155  
9.965 -0.514326 -0.857595  
9.97 -0.518608 -0.855012  
9.975 -0.522877 -0.852408  
9.98 -0.527132 -0.849783  
9.985 -0.531374 -0.847137  
9.99 -0.535603 -0.84447  
9.995 -0.539819 -0.841781  
