0 0 1  
0.000625 0.000625 0.9999998046875  
0.001875 0.001874999267578125 0.9999982421876527  
0.004375 0.004374989013674545 0.9999904296949769  
0.009375000000000001 0.009374886474786759 0.9999560548695373  
0.011875 0.01187474731544037 0.9999294927906789  
0.016875 0.01687424634505232 0.9998576199354418  
0.019375 0.0193738376628711 0.9998123097645168  
0.024375 0.0243726570387229 0.9997029429223304  
0.026875 0.02687183823147548 0.999638887208037  
0.031875 0.03186969676953777 0.9994920325307894  
0.034375 0.03436832725806234 0.999409234876264  
0.039375 0.03936494382835293 0.9992249006245377  
0.041875 0.04186288306446481 0.9991233656871524  
0.046875 0.04685797660686227 0.998901562229759  
0.049375 0.04935508408125977 0.9987812957208599  
0.054375 0.05434837362131305 0.9985220355342571  
0.056875 0.05684450887148113 0.9983830442188428  
0.061875 0.06183571353621446 0.9980863418864326  
0.064375 0.06433073615432573 0.9979286335827737  
0.06937500000000001 0.06931957518803768 0.9975945057940823  
0.07187500000000001 0.07181334482885042 0.9974180893732816  
0.07687500000000001 0.07679953760890647 0.9970465549230202  
0.07937500000000001 0.07929191399765899 0.9968514403085138  
0.08437500000000002 0.08427518005027659 0.9964425200955217  
0.08687500000000002 0.08676602299057774 0.9962287182625207  
0.09187500000000003 0.09174608200660296 0.9957824352885896  
0.09437500000000003 0.09423525138831816 0.9955499582634628  
0.09937500000000003 0.09921182323899312 0.9950663376320429  
0.101875 0.1016991790461256 0.9948151984916404  
0.106875 0.1066719837988457 0.9942942674064286  
0.109375 0.1091573861174124 0.9940244802773458  
0.114375 0.1141261440514727 0.9934662680407552  
0.116875 0.1166094530773744 0.9931778480985389  
0.1218750000000001 0.1215738846997036 0.9925823861100508  
0.1243750000000001 0.1240549607465891 0.992275349578345  
0.129375 0.1290147868074715 0.9916426713327423  
0.131875 0.1314934903145946 0.9913170354823757  
0.1368750000000001 0.1364484318233775 0.9906471765678592  
0.1393750000000001 0.1389246233634477 0.9903029597158739  
0.1443750000000001 0.143874401604235 0.9895959578120602  
0.1468750000000001 0.1463479418912602 0.9892331793206814  
0.1518750000000001 0.1512922784385899 0.9884890741964837  
0.1543750000000001 0.153763028335711 0.9881077544720304  
0.1593750000000001 0.158701645070217 0.9873265879834209  
0.1618750000000001 0.1611694655975347 0.9869267484751579  
0.1668750000000001 0.1661020847215905 0.9861085645628144  
0.1693750000000001 0.1685668370639828 0.9856902277617461  
0.1743750000000001 0.1734931811173282 0.9848350724485792  
0.1768750000000001 0.1759547266322587 0.9843982618861844  
0.1818750000000001 0.1808745185076067 0.9835061832747495  
0.1843750000000001 0.1833327187329233 0.9830509235216577  
0.1893750000000001 0.1882456816915474 0.982121971791449  
0.1918750000000001 0.1907003983532707 0.9816482884560583  
0.1968750000000001 0.1956062560405716 0.9806825158606863  
0.1993750000000001 0.1980573510606732 0.9801904355877228  
0.2043750000000001 0.2029558275217235 0.9791878964519746  
0.2068750000000001 0.2054031630258925 0.9786774469209939  
0.2118750000000001 0.2102939827209596 0.9776381976377779  
0.2143750000000001 0.212737421046358 0.9771094075616079  
0.2193750000000001 0.217620308866403 0.9760335065887816  
0.2218750000000001 0.2200597125694097 0.9754864057119075  
0.2268750000000001 0.2249343938515622 0.9743739135689891  
0.2293750000000001 0.2273696257155038 0.9738085326658803  
0.2343750000000001 0.2322358262585118 0.9726595119306445  
0.2368750000000001 0.2346667493013813 0.9720758828040235  
0.2418750000000001 0.2395241953810352 0.9708903981089815  
0.2443750000000001 0.2419506728631971 0.9702885535880348  
0.2493750000000002 0.2467990912477264 0.9690666716167989  
0.2518750000000001 0.2492209866796083 0.9684466455553308  
0.2568750000000001 0.2540601046450515 0.9671884350388633  
0.2593750000000001 0.2564772817948216 0.9665502623133911  
0.2643750000000001 0.2613068271403661 0.9652557940261381  
0.2668750000000001 0.2637191500415967 0.9645995105339309  
0.2718750000000001 0.2685388511048908 0.9632688572898412  
0.2743750000000001 0.2709461840642057 0.9625944999468999  
0.2793750000000002 0.2757557697366394 0.9612277365953296  
0.2818750000000002 0.2781579773413473 0.9605353433343111  
0.2868750000000002 0.2829571770833021 0.9591325467558127  
0.2893750000000002 0.2853541242090132 0.9584221565238958  
0.2943750000000002 0.2901426680650801 0.9569834056258942  
0.2968750000000002 0.2925342198833071 0.956255058382589  
0.3018750000000002 0.2973118384974716 0.9547804340949426  
0.3043750000000002 0.2996978604832136 0.9540341708098424  
0.3093750000000002 0.3044642851140068 0.9525237560802913  
0.3118750000000002 0.3068446430533165 0.9517596187307685  
0.3168750000000002 0.3115996055889322 0.9502134985202678  
0.3193750000000002 0.3139741655864655 0.9494315300891126  
0.3243750000000002 0.3187173985598412 0.9478497913670542  
0.3268750000000002 0.3210860270463883 0.9470500358400565  
0.3318750000000002 0.3258172636502505 0.9454327675793766  
0.3343750000000002 0.3281798273902501 0.9446152699428523  
0.3393750000000002 0.332898801492122 0.9429625631150267  
0.3418750000000002 0.3352551675911549 0.9421273693532867  
0.3468750000000002 0.3399616137483264 0.940439316923214  
0.3493750000000002 0.3423116496605915 0.9395864740159778  
0.3543750000000002 0.3470053031350506 0.9378631709367496  
0.3568750000000002 0.3493488766708202 0.9369927268565028  
0.3618750000000002 0.3540294734441443 0.935234270064063  
0.3643750000000002 0.3563664527772 0.9343462737733587  
0.3693750000000002 0.361033729565407 0.9325527621810505  
0.3718750000000002 0.3633639832404548 0.9316472636297553  
0.3768750000000002 0.368017677508813 0.9298187981227576  
0.3793750000000002 0.3703410744488777 0.9288958482452414  
0.3843750000000002 0.3749809244266733 0.927032531674894  
0.3868750000000002 0.3772973339404717 0.9260921823871658  
0.3918750000000003 0.3819230786357333 0.9241941195651836  
0.3943750000000003 0.3842323704250255 0.9232364237619707  
0.3993750000000003 0.388843749639205 0.9213037214545485  
0.4018750000000003 0.3911457938061238 0.920328733006321  
0.4068750000000003 0.3957425481487328 0.9183614999281278  
0.4093750000000003 0.3980372152030902 0.9173692736780686  
0.4143750000000003 0.4026190861062905 0.9153676204861322  
0.4168750000000003 0.4049062469728618 0.9143582122470524  
0.4218750000000003 0.4094729767060099 0.9123222515345349  
0.4243750000000003 0.411752502731794 0.9112957180857338  
0.4293750000000003 0.4163038344159385 0.9092255643755988  
0.4318750000000003 0.4185755973773949 0.9081819634596703  
0.4368750000000003 0.4231112749997261 0.90607773319824  
0.4393750000000003 0.4253751471099873 0.9050171235178245  
0.4443750000000003 0.4298949155382376 0.9028789350682306  
0.4468750000000003 0.4321507694542971 0.901801376282713  
0.4518750000000003 0.4366543744510925 0.899629349918238  
0.4543750000000003 0.4389020832809679 0.8985349026403917  
0.4593750000000003 0.4433892715181288 0.8963291605377038  
0.4618750000000003 0.4456287088279996 0.8952178863302819  
0.4668750000000003 0.4500992279007907 0.8929785525625628  
0.4693750000000003 0.4523302677221099 0.8918505139348341  
0.4743750000000003 0.4567838661634375 0.8895777144647993  
0.4768750000000003 0.4590063830000178 0.8884329748690329  
0.4818750000000003 0.4634428102945755 0.886126837541847  
0.4843750000000003 0.4656566791296479 0.8849654613697432  
0.4893750000000003 0.4700756857280075 0.8826261159058278  
0.4918750000000003 0.4722807820312542 0.8814481684848956  
0.4968750000000003 0.4766821193639033 0.8790757464726333  
0.4993750000000003 0.4788783190984618 0.8778812940625158  
0.5043750000000004 0.4832617395897857 0.8754759289508477  
0.5068750000000003 0.4854489192192266 0.8742650387395953  
0.5118750000000003 0.4898141763014344 0.8718268658305149  
0.5143750000000002 0.4919922127967097 0.8705996059308057  
0.5193750000000003 0.4963390609237038 0.868128762371748  
0.5218750000000002 0.4985078317700678 0.8668852018170563  
0.5268750000000002 0.5028360264312559 0.8643818265931833  
0.5293750000000002 0.5049954096351563 0.8631220353338971  
0.5343750000000002 0.5093047073692054 0.8605862692602796  
0.5368750000000001 0.5114545814651456 0.8593103181597651  
0.5418750000000001 0.5157447398736761 0.8567423038734624  
0.5443750000000001 0.5178849839310476 0.8554502647040786  
0.5493750000000001 0.5221557616922688 0.8528501466561146  
0.551875 0.5242862553221539 0.8515420920951756  
0.556875 0.5285374122044383 0.8489100165424137  
0.559375 0.5306580355663811 0.8475860201681009  
0.564375 0.5348893324417771 0.8449221351650169  
0.5668749999999999 0.5369999662505257 0.8435822714522401  
0.5718749999999999 0.5412111651082088 0.8408867268425942  
0.5743749999999999 0.5433116906404243 0.8395310711588023  
0.5793749999999999 0.5475025546000853 0.8368040185672108  
0.5818749999999998 0.5495928537010203 0.8354326471681526  
0.5868749999999998 0.5537631470261898 0.8326742399915579  
0.5893749999999998 0.5558431021163343 0.8312872300169925  
0.5943749999999998 0.5599925902276428 0.8284976234160356  
0.5968749999999997 0.5620620843093385 0.8270950528853933  
0.6018749999999997 0.5661905337977116 0.8242744037756855  
0.6043749999999997 0.5682494504617327 0.8228563515836794  
0.6093749999999997 0.5723566291015203 0.8200048186269759  
0.6118749999999996 0.5744048525336218 0.8185713645391639  
0.6168749999999996 0.578490529295661 0.8156891081344391  
0.6193749999999996 0.5805279442830931 0.814240332782737  
0.6243749999999996 0.5845918893477032 0.8113275150571617  
0.6268749999999995 0.5866183812856919 0.8098634999353079  
0.6318749999999995 0.5906603660556023 0.8069202847351303  
0.6343749999999995 0.5926758209537962 0.8054411121941015  
0.6393749999999995 0.5966956180670048 0.8024676650754301  
0.6418749999999994 0.5986999225558869 0.8009734183188092  
0.6468749999999994 0.6026973058984489 0.7979699065383008  
0.6493749999999994 0.6046903472357138 0.7964606696175968  
0.6543749999999994 0.6086650919544614 0.7934272621230479  
0.6568749999999993 0.6106467580313567 0.7919031199329677  
0.6618749999999993 0.6145986405465461 0.7888399873538118  
0.6643749999999993 0.6165688198941789 0.7873010256274849  
0.6693749999999993 0.6204976179120676 0.7842083402651937  
0.6718749999999992 0.6224561997076746 0.7826546455693502  
0.6768749999999992 0.6263616922330251 0.7795325813877422  
0.6793749999999992 0.6283085663062062 0.7779642411178428  
0.6843749999999992 0.6321905336547167 0.7748129737332978  
0.6868749999999991 0.6341255904936323 0.7732300761086182  
0.6918749999999991 0.6379838143042942 0.7700497827801986  
0.6943749999999991 0.639906945061825 0.7684524168388667  
0.6993749999999991 0.643741208309206 0.7652432764583471  
0.701874999999999 0.6456523048090759 0.7636315320523351  
0.706874999999999 0.6494623918155275 0.7603937251341391  
0.709374999999999 0.6513613465583884 0.7587676929242092  
0.714374999999999 0.6551470430061774 0.7555014015952557  
0.7168749999999989 0.6570337491756562 0.7538611730458603  
0.7218749999999989 0.6607948421190207 0.7505665810353189  
0.7243749999999989 0.6626691935877274 0.7489122484094556  
0.7293749999999989 0.6664054714648547 0.7455895410384118  
0.7318749999999988 0.6682673628003525 0.7439211973924339  
0.7368749999999988 0.6719786154452796 0.7405705615634647  
0.7393749999999988 0.673827941916015 0.7388883007418466  
0.7443749999999988 0.6775139605704503 0.7355099249285073  
0.7468749999999987 0.6793506181516448 0.7338138415585658  
0.7518749999999987 0.6830111954767107 0.730407915794788  
0.7543749999999987 0.6848350808562118 0.7286981052813594  
0.7593749999999987 0.6884700109441079 0.7252648211507623  
0.7618749999999986 0.6902810215282006 0.723541379670836  
0.7668749999999986 0.6938900999137857 0.7200809302959491  
0.7693749999999986 0.6956881338329634 0.7183439547932575  
0.7743749999999986 0.6992711575052567 0.7148565348246578  
0.7768749999999985 0.7010561136199511 0.7131061230042234  
0.7818749999999985 0.704612881033552 0.7095919286095861  
0.7843749999999985 0.7063846589398227 0.7078281789322253  
0.7893749999999985 0.7099149700262471 0.7042874077852895  
0.7918749999999984 0.711673470061429 0.7025104194620746  
0.7968749999999984 0.7151771262403636 0.6989432707315242  
0.7993749999999984 0.7169222494886729 0.6971531437182023  
0.8043749999999984 0.7203990536791453 0.6935598180564624  
0.8068749999999983 0.7221307019772436 0.6917566530478331  
0.8118749999999983 0.725580458608708 0.6881373525797837  
0.8143749999999983 0.7272985345512243 0.6863212510040351  
0.8193749999999983 0.7307210495745625 0.6826761793156414  
0.8218749999999982 0.7324254565195717 0.6808472433286447  
0.8268749999999983 0.7358205374180085 0.6771766054555052  
0.8293749999999982 0.7375111794924678 0.6753349379350682  
0.8343749999999982 0.7408786352923995 0.6716389403508817  
0.8368749999999981 0.7425554173975414 0.6697846448909621  
0.8418749999999982 0.7458950586792787 0.6660634954959133  
0.8443749999999981 0.7475578864959601 0.6641966764007916  
0.8493749999999981 0.7508695254043829 0.6604505845098568  
0.8518749999999981 0.7525183053983906 0.6585713467882692  
0.8568749999999981 0.7558017556535145 0.6548005231194425  
0.859374999999998 0.7574363950808267 0.652908972478674  
0.864374999999998 0.7606914719882816 0.6491136291411138  
0.866874999999998 0.7623118789002844 0.6472098719810521  
0.871874999999998 0.7655383993617034 0.6433902224631509  
0.8743749999999979 0.7671444826103633 0.6414743658703015  
0.8793749999999979 0.7703422651336822 0.6376306250276763  
0.8818749999999979 0.7719339343766729 0.6357027767691389  
0.8868749999999979 0.7751027990863388 0.6318351608125459  
0.8893749999999978 0.7766799647921231 0.6298954293299525  
0.8943749999999978 0.779819733439213 0.6260041558131252  
0.8968749999999978 0.7813823068920788 0.6240526502165402  
0.9018749999999978 0.7844928028643253 0.6201379380239521  
0.9043749999999977 0.7860406961693762 0.618174768085735  
0.9093749999999977 0.7891217445011027 0.6142368374202871  
0.9118749999999977 0.7906548705892019 0.6122621135689175  
0.9168749999999977 0.7937062979711641 0.6083011859395518  
0.9193749999999976 0.7952245706038318 0.6063150192534179  
0.9243749999999976 0.7982462053929663 0.6023313174626581  
0.9268749999999976 0.7997495391672311 0.6003338196638086  
0.9318749999999976 0.8027412113963106 0.5963275677952267  
0.9343749999999975 0.804229521749513 0.5943188512430865  
0.9393749999999975 0.8071910631367065 0.5902902746486983  
0.9418749999999975 0.808664266351256 0.5882704523337483  
0.9468749999999975 0.8115955103095953 0.5842197776213378  
0.9493749999999974 0.8130535235176789 0.5821889631587588  
0.9543749999999974 0.8159543051644287 0.578116418179131  
0.9568749999999974 0.8173970463526729 0.576074725802413  
0.9618749999999974 0.8202672025186055 0.5719805396365771  
0.9643749999999973 0.8216945905326891 0.5699280841910943  
0.9693749999999973 0.824533959771263 0.5658124871373785  
0.9718749999999973 0.8259459143204821 0.5637493840739281  
0.9768749999999973 0.8287543369169228 0.5596126076350247  
0.9793749999999972 0.8301507785787074 0.5575389730033335  
0.9843749999999972 0.8329280965589919 0.5533812498732775  
0.9868749999999972 0.8343089467833733 0.5512972003154742  
0.9918749999999972 0.8370550039231159 0.5471187643665535  
0.9943749999999971 0.8384201850371451 0.545024417110607  
0.9993749999999971 0.8411348268703852 0.5408255033802074  
1.001874999999997 0.8424842620825017 0.5387209762333334  
1.006874999999997 0.8451673359103924 0.534501820910718  
1.009374999999997 0.8465009493147445 0.5323872322527516  
1.014374999999997 0.8491523042141418 0.5281480726657748  
1.016874999999997 0.8504700207948556 0.5260235414425124  
1.021874999999997 0.8530895076268082 0.52176461604427  
1.024374999999997 0.8543912532622076 0.5196302617607779  
1.029374999999997 0.8569787246803456 0.5153518101161948  
1.031874999999997 0.8582644261471215 0.5132077528300873  
1.036874999999996 0.8608197366059451 0.5089100156024413  
1.039374999999996 0.8620893215832743 0.5067563759171277  
1.044374999999996 0.8646123273463402 0.5024395948545124  
1.046874999999996 0.8658657244199535 0.5002764939124126  
1.051874999999996 0.8683562835679602 0.4959409118341389  
1.054374999999996 0.8695934222341595 0.4937684713098695  
1.059374999999996 0.8720513946729309 0.4894143320928073  
1.061874999999996 0.8732722053425546 0.4872326741863372  
1.066874999999996 0.8756974528109195 0.4828602227511971  
1.069374999999996 0.8769018668132574 0.4806694701809737  
1.074374999999996 0.8792942528908272 0.4762789524785302  
1.076874999999996 0.8804822024774832 0.4740792284745766  
1.081874999999995 0.8828415925923251 0.4696708914718333  
1.084374999999995 0.8840130109410278 0.4674623197688166  
1.089374999999995 0.8863392723772351 0.4630364114351144  
1.091874999999995 0.8874940935955967 0.4608191162653855  
1.096874999999995 0.8897870955007537 0.4563758855584542  
1.099374999999995 0.8909252546299764 0.45414999164506  
1.104374999999995 0.8931848680225188 0.4496896884970145  
1.106874999999995 0.8943063010410488 0.4474553210466817  
1.111874999999995 0.8965323988175192 0.4429781963499633  
1.114374999999995 0.8976370426446478 0.4407354810460559  
1.119374999999995 0.8998294995868451 0.4362417866393196  
1.121874999999995 0.9009172920862571 0.4339908496347692  
1.126874999999995 0.9030759848682799 0.4294808382887175  
1.129374999999994 0.9041468648515489 0.4272218061989272  
1.134374999999994 0.906271672046733 0.422695731602092  
1.136874999999994 0.9073255792767631 0.4204287314978138  
1.141874999999994 0.9094163813645112 0.4158868482422863  
1.144374999999994 0.9104532565589252 0.4136120076424743  
1.149374999999994 0.9125099359314306 0.4090545712095842  
1.151874999999994 0.9135297207659048 0.4067720180742205  
1.156874999999994 0.9155521617347663 0.4021992848201651  
1.159374999999994 0.9165547988463113 0.3999091475430631  
1.164374999999994 0.918542887649041 0.3953213746844872  
1.166874999999994 0.9195283206392283 0.3930237820860688  
1.171874999999994 0.9214819454456507 0.3884212276855966  
1.174374999999994 0.9224501188837851 0.3861163090056459  
1.179374999999993 0.9243691698023273 0.3814992319573644  
1.181874999999993 0.925320029228565 0.3791871168477587  
1.186874999999993 0.9272043983124385 0.3745557768626553  
1.189374999999993 0.9281378902408505 0.3722365953800715  
1.194374999999993 0.9299874714941229 0.367591252971425  
1.196874999999993 0.930903543415703 0.3652651355700242  
1.201874999999993 0.9327182327992605 0.3606060520387511  
1.204374999999993 0.9336168331848799 0.3582731295628403  
1.209374999999993 0.9353965286222793 0.3536005669827963  
1.211874999999993 0.9362776069255844 0.3512609706594688  
1.216874999999993 0.9380222083087951 0.3465751918627076  
1.219374999999993 0.9388857149690509 0.3442290532944611  
1.224374999999992 0.9405951241640861 0.3395303218564497  
1.226874999999992 0.9414410106089642 0.3371777730137837  
1.231874999999992 0.9431151314614006 0.3324663532385762  
1.234374999999992 0.9439433501097112 0.3301075264525688  
1.239374999999992 0.9455820884500977 0.3253836833579396  
1.241874999999992 0.9463925927144662 0.3230187113128039  
1.246874999999992 0.9479958563636213 0.3182827106153401  
1.249374999999992 0.9487886006531084 0.3159117263409604  
1.254374999999992 0.950356299427305 0.3111638344411156  
1.256874999999992 0.9511312391499721 0.3087869713055647  
1.261874999999992 0.9526632848660106 0.3040274552726736  
1.264374999999992 0.9534203764314271 0.3016448469747108  
1.269374999999991 0.9549166829115953 0.2968739745319665  
1.271874999999991 0.955655883733291 0.294485755093517  
1.276874999999991 0.9571163668102119 0.2897037946029119  
1.279374999999991 0.957837635308073 0.2873100983615282  
1.284374999999991 0.9592622128294392 0.2825173188087583  
1.286874999999991 0.9599655084320461 0.2801182804100634  
1.291874999999991 0.961354100265241 0.275314951389398  
1.294374999999991 0.9620393834121512 0.2729107057795119  
1.299374999999991 0.9633919114487561 0.2680970974786289  
1.301874999999991 0.9640591435927294 0.2656877798965774  
1.306874999999991 0.9653755317529173 0.260864163081365  
1.309374999999991 0.966024675362084 0.2584499090514731  
1.314374999999991 0.9673048495988994 0.2536165550507995  
1.31687499999999 0.9679358681588714 0.2511975003750677  
1.32187499999999 0.9691797564623948 0.2463546810655187  
1.32437499999999 0.9697926144783197 0.2439309618159843  
1.32937499999999 0.9710001468797186 0.23907894960657  
1.33187499999999 0.971594809878276 0.2366507021176532  
1.33687499999999 0.9727659184537407 0.2317897699344854  
1.33937499999999 0.9733423529850818 0.22935713079532  
1.34437499999999 0.9744769718596461 0.2244875520662596  
1.34687499999999 0.9750351454992747 0.2220506581130103  
1.35187499999999 0.9761332108505211 0.2171727067522875  
1.35437499999999 0.9766730922011179 0.2147316950604526  
1.35937499999999 0.9777345422627676 0.2098456454532587  
1.36187499999999 0.9782561009559562 0.2074006533299598  
1.366874999999989 0.9792808760213441 0.2025067803170134  
1.369374999999989 0.979784082719399 0.2000579452932715  
1.374374999999989 0.9807721251448314 0.1951565241553583  
1.376874999999989 0.9812569515423287 0.1927039839783583  
1.381874999999989 0.9822082057503262 0.1877952904208469  
1.384374999999989 0.9826746245757353 0.1853391830461885  
1.389374999999989 0.983589037058159 0.1804234931835218  
1.391874999999989 0.984037022075377 0.1779639567674602  
1.396874999999989 0.9849145413964384 0.1730415471076237  
1.399374999999989 0.9853440674062656 0.1705787199992979  
1.404374999999989 0.9861846442054195 0.1656498674282666  
1.406874999999989 0.9865956870469771 0.1631838881619173  
1.411874999999988 0.9873992740416986 0.1582488699280804  
1.414374999999988 0.9877918105937874 0.1557798772152577  
1.419374999999988 0.9885583625822313 0.1508389709138235  
1.421874999999988 0.9889323707646328 0.1483671036355839  
1.426874999999988 0.9896618446281762 0.1434205871929652  
1.429374999999988 0.9900173034028942 0.1409459843920598  
1.434374999999988 0.9907096581085619 0.1359941360502405  
1.436874999999988 0.991046547481006 0.1335169369232939  
1.441874999999988 0.9917017440837789 0.1285600352241773  
1.444374999999988 0.9920200451038891 0.1260803791138578  
1.449374999999988 0.9926380467488946 0.1211187028835994  
1.451874999999988 0.9929377415122075 0.1186367292707807  
1.456874999999987 0.9935185134367925 0.1136705576041038  
1.459374999999987 0.9937995850854483 0.1111864061000193  
1.464374999999987 0.9943430946211348 0.1062160183445158  
1.466874999999987 0.9946055273448254 0.1037298286829056  
1.471874999999987 0.9951117439191481 0.09875550442332294  
1.474374999999987 0.9953555229560067 0.09626741645257375  
1.479374999999987 0.9958244180942326 0.09128943549508806  
1.481874999999987 0.9960495297316638 0.08879958917036655  
1.486874999999987 0.9964810770583941 0.0838182315268436  
1.489374999999987 0.9966875086338454 0.0813267669022241  
1.494374999999987 0.9970816838744986 0.0763423127744686  
1.496874999999987 0.9972694237761727 0.07384936999505493  
1.501874999999987 0.9976262047583507 0.06886209975904913  
1.504374999999986 0.9977952424258585 0.0663678190530915  
1.509374999999986 0.9981146090805936 0.06137801324322404  
1.511874999999986 0.9982649350055482 0.05888253491423117  
1.516874999999986 0.9985468693684318 0.053890474207517  
1.519374999999986 0.9986784750949839 0.05139393862636402  
1.524374999999986 0.9989229613071769 0.04639990382665626  
1.526874999999986 0.9990358394324895 0.04390245142368886  
1.531874999999986 0.9992428637416151 0.03890672344588362  
1.534374999999986 0.9993370079162806 0.03640849470301881  
1.539374999999986 0.9995065586771967 0.03141135455725362  
1.541874999999986 0.999581963605594 0.02891249000007764  
1.546874999999986 0.9997140312810494 0.02391421877592467  
1.549374999999986 0.9997706927216414 0.02141485896578837  
1.554374999999985 0.9998652698828113 0.01641573781644309  
1.556874999999985 0.999903184648384 0.01391602334255538  
1.561874999999985 0.9999602659752886 0.008916333469021679  
1.564374999999985 0.99997943193313 0.006416404940541367  
1.569374999999985 0.9999990142149335 0.001416427575813959  
1.571874999999985 0.9999994302869536 -0.001083574386059549  
1.576874999999985 0.9999815124221447 -0.00608355799281449  
1.579374999999985 0.9999631785849363 -0.008583492762751124  
1.584374999999985 0.9999077615813903 -0.01358320136201627  
1.586874999999985 0.9998706788662303 -0.01608292831846549  
1.591874999999985 0.9997777658411521 -0.02108208067619266  
1.594374999999985 0.9997219363339434 -0.02358145920929343  
1.599374999999984 0.9995915325136927 -0.02857977412272303  
1.601874999999984 0.9995169593548467 -0.03107866364221313  
1.606874999999984 0.9993490720746437 -0.03607585995569183  
1.609374999999984 0.9992557594589043 -0.03857411989881608  
1.614374999999984 0.999050398162417 -0.04356991651961187  
1.616874999999984 0.9989383513386237 -0.04606740635902878  
1.621874999999984 0.9986955275774368 -0.05106152227314242  
1.624374999999984 0.9985647528482303 -0.05355810152482891  
1.629374999999984 0.9982844802811955 -0.058550255812801  
1.631874999999984 0.9981349850026626 -0.06104578404395457  
1.636874999999984 0.9978172793951303 -0.06603569589666733  
1.639374999999984 0.9976490719763905 -0.06853003273360547  
1.644374999999983 0.9972939511993227 -0.07351742146807826  
1.646874999999983 0.9971070411020551 -0.07601042660413447  
1.651874999999983 0.9967145251310207 -0.0809950116793122  
1.654374999999983 0.9965089228689313 -0.08348654488272825  
1.659374999999983 0.9960790337829818 -0.08846804591526188  
1.661874999999983 0.9958547509212131 -0.09095796703707584  
1.666874999999983 0.9953875129016412 -0.09593610381709394  
1.669374999999983 0.9951445620561207 -0.09842427279902362  
1.674374999999983 0.9946400013850999 -0.1033987653058942  
1.676874999999983 0.9943783962218308 -0.1058850421882154  
1.681874999999983 0.9938365412809369 -0.1108556106062972  
1.684374999999983 0.9935562965152297 -0.1133398555357164  
1.689374999999983 0.9929771777838446 -0.1183062202700984  
1.691874999999982 0.9926783091794888 -0.1207882935076196  
1.696874999999982 0.992061959233086 -0.1257501751998482  
1.699374999999982 0.9917444836014638 -0.1282299371286334  
1.704374999999982 0.9910909371097757 -0.1331870566724266  
1.706874999999982 0.9907548723089161 -0.135664367805649  
1.711874999999982 0.9900641660339841 -0.140616446362596  
1.714374999999982 0.9897095309675588 -0.1430911673512861  
1.719374999999982 0.9889817037616653 -0.148037926366532  
1.721874999999982 0.9886085183779247 -0.1505099180074163  
1.726874999999982 0.987843611181408 -0.1554510792253308  
1.729374999999982 0.9874518964720597 -0.1579202024686617  
1.734374999999982 0.9866499523110105 -0.1628554879484911  
1.736874999999982 0.9862397303100383 -0.1653216039058688  
1.741874999999981 0.9854007942938801 -0.1702507360373702  
1.744374999999981 0.9849720880763044 -0.1727137059895548  
1.749374999999981 0.9840962073952557 -0.1776364075086115  
1.751874999999981 0.9836490410758361 -0.1800960929133261  
1.756874999999981 0.9827362649982559 -0.1850120869175439  
1.759374999999981 0.9822706637301339 -0.1874683494172679  
1.764374999999981 0.981321043599751 -0.1923773593815509  
1.766874999999981 0.9808370335730359 -0.1948300608113022  
1.771874999999981 0.9798506228060597 -0.1997318106034072  
1.774374999999981 0.9793482312463549 -0.2021808129985142  
1.779374999999981 0.9783250853284718 -0.2070750268945835  
1.781874999999981 0.9778043404953437 -0.2095201924984456  
1.78687499999998 0.9767445169785953 -0.2144065951985161  
1.78937499999998 0.9762054481639835 -0.2168477864703526  
1.79437499999998 0.9751090066635296 -0.2217261031138417  
1.79687499999998 0.9745516441900992 -0.2241631827364283  
1.80187499999998 0.9734186463808647 -0.2290331389175946  
1.80437499999998 0.9728430216003008 -0.2314659698049876  
1.80937499999998 0.9716735312135059 -0.2363272915883665  
1.81187499999998 0.9710796765047499 -0.2387557368936141  
1.81687499999998 0.9698737593243255 -0.2436081508294267  
1.81937499999998 0.969261708091754 -0.2460320739522661  
1.82437499999998 0.9680194319506416 -0.2508753070918005  
1.82687499999998 0.9673892186221872 -0.2532945716863425  
1.831874999999979 0.9661106533985226 -0.2581283515973073  
1.834374999999979 0.9654623134237376 -0.2605428215797049  
1.839374999999979 0.9641475310369212 -0.2653668763615538  
1.841874999999979 0.9634811008849828 -0.2677764159176575  
1.846874999999979 0.9621301752916335 -0.2725904742168834  
1.849374999999979 0.9614456924492935 -0.2749949478098806  
1.854374999999979 0.9600586996390884 -0.2797987388352794  
1.856874999999979 0.9593562026085638 -0.2821980112133183  
1.861874999999979 0.9579332205999646 -0.286991264751221  
1.864374999999979 0.9572127488967721 -0.2893852009550186  
1.869374999999979 0.9557538577326358 -0.2941676473844905  
1.871874999999979 0.9550154518833691 -0.296556112754924  
1.876874999999979 0.953520733626446 -0.3013274830629314  
1.879374999999978 0.952764435166496 -0.303710343248613  
1.884374999999978 0.9512339738948133 -0.3084703690451548  
1.886874999999978 0.950459825366032 -0.3108474900099886  
1.891874999999978 0.948893707168165 -0.3155959035431937  
1.894374999999978 0.9481017521164721 -0.3179671515739155  
1.899374999999978 0.946500065086701 -0.3227036857451032  
1.901874999999978 0.9456903480596349 -0.325068927458802  
1.906874999999978 0.9440531822929902 -0.3297933158375069  
1.909374999999978 0.9432257488372018 -0.3321524181891274  
1.914374999999978 0.9415531964243957 -0.336864395028086  
1.916874999999978 0.9407080930830867 -0.3392172253179125  
1.921874999999978 0.9390002481053336 -0.3439165255680115  
1.924374999999978 0.9381375224156382 -0.3462629514491324  
1.929374999999977 0.9363944809393623 -0.3509493107743175  
1.931874999999977 0.9355141814296736 -0.3532892002600698  
1.936874999999977 0.9337360415011053 -0.3579623550522149  
1.939374999999977 0.9328382176883451 -0.3602955765236081  
1.944374999999977 0.9310250793280059 -0.3649552639173433  
1.946874999999977 0.9301097817148397 -0.3672816861304636  
1.951874999999977 0.928261746911916 -0.3719276440179611  
1.954374999999977 0.927329026983912 -0.3742471361113534  
1.959374999999977 0.9254461996905179 -0.3788791031570715  
1.961874999999977 0.9244961099132512 -0.3811915346591004  
1.966874999999977 0.9225785960385817 -0.3858092503144834  
1.969374999999977 0.9216111898546829 -0.3881144911506726  
1.974374999999976 0.9196590972590564 -0.3927176956688067  
1.976874999999976 0.9186744290852055 -0.3950156161691553  
1.981874999999976 0.9166878675739961 -0.3996040506193792  
1.984374999999976 0.9156859927978614 -0.401894521525656  
1.989374999999976 0.9136650741153232 -0.4064679278081262  
1.991874999999976 0.9126460490924463 -0.4087508202811401  
1.996874999999976 0.9105908869154269 -0.4133089411413489  
1.999374999999976 0.9095547689660519 -0.4155841267681963  
