0 0 1  
0.01 0.01 0.99995  
0.03 0.029997 0.99955001  
0.07000000000000001 0.0699550028 0.997550489992  
0.15 0.1495351859904 0.9887619282000256  
0.19 0.1889660349696087 0.9819895112178496  
0.27 0.2669205045551339 0.9637298619843838  
0.31 0.3052561626308652 0.9522820579125909  
0.39 0.3804619075434537 0.9248142623168014  
0.43 0.417150108510091 0.9088559346052099  
0.51 0.4885237029312755 0.8725755869336659  
0.55 0.5230359074462771 0.8523365783468679  
0.63 0.5895491188101984 0.8077662287004558  
0.67 0.6213881286631685 0.7835380509650874  
0.75 0.6820827307286533 0.7313196789089457  
0.79 0.7107898517004282 0.7034513139366724  
0.87 0.7647914292899206 0.6443370815960408  
0.91 0.7899530794103303 0.6132299547591671  
0.99 0.8364836259369506 0.5480713725511113  
1.03 0.8577372939382455 0.5141735704155923  
1.11 0.8961264202308905 0.4439092314752028  
1.15 0.9131658883537139 0.407709047280787  
1.23 0.942860481293445 0.3333511072611914  
1.27 0.955440237198858 0.2953700071236446  
1.35 0.9760124290097132 0.2179896041249403  
1.39 0.983951203231503 0.1787747152812519  
1.47 0.9951045366036623 0.09948653993383161  
1.51 0.9982879145717326 0.05960276923773805  
1.590000000000001 0.9998616147841221 -0.02045099278956133  
1.630000000000001 0.9982436857807123 -0.06042909658669457  
1.710000000000001 0.9902149782592785 -0.1400952183400741  
1.750000000000001 0.9838189975430681 -0.1795917412957732  
1.830000000000001 0.9663034374472684 -0.2577225675270722  
1.870000000000001 0.9552214919962277 -0.2961685269709413  
1.950000000000001 0.9284713010641645 -0.3716385070443325  
1.990000000000001 0.91286298374154 -0.4084800482812636  
