0 0 1  
0.000625 0.0006249999593098958 0.9999998046875064  
0.001875 0.001874998901367355 0.999998242188015  
0.004375 0.004374986043306788 0.9999904297027652  
0.009375000000000001 0.009374862671475052 0.9999560550093644  
0.019375 0.01937378782299881 0.9998123105590246  
0.03937500000000001 0.03936482632269255 0.9992249048375854  
0.079375 0.0792916764550677 0.9968514583362783  
0.159375 0.1587011304239969 0.9873266670694099  
0.319375 0.313972341279824 0.9494320054349734  
0.479375 0.4612230441367269 0.887283965435576  
0.519375 0.596692460218702 0.8024697124829524  
0.599375 0.6589131622843053 0.7522186998904254  
0.639375 0.7703391831677769 0.6376339628229016  
0.719375 0.8188317180881839 0.5740332233273731  
0.759375 0.8998269546769434 0.436246461808195  
0.839375 0.9318115347065611 0.3629418465170139  
0.879375 0.9777330132916796 0.209851553859958  
0.959375 0.9913761532896895 0.1310451791880579  
1.119375 0.9995913782001709 -0.02857202577089415  
