0.01 0.00999983 0.99995  
0.015 0.0149994 0.999888  
0.025 0.0249974 0.999688  
0.03 0.0299955 0.99955  
0.04 0.0399893 0.9992  
0.045 0.0449848 0.998988  
0.055 0.0549723 0.998488  
0.06 0.059964 0.998201  
0.07 0.0699428 0.997551  
0.075 0.0749297 0.997189  
0.085 0.0848977 0.99639  
0.09 0.0898785 0.995953  
0.1 0.0998334 0.995004  
0.105 0.104807 0.994493  
0.115 0.114747 0.993395  
0.12 0.119712 0.992809  
0.13 0.129634 0.991562  
0.135 0.13459 0.990901  
0.145 0.144492 0.989506  
0.15 0.149438 0.988771  
0.16 0.159318 0.987227  
0.165 0.164252 0.986418  
0.175 0.174108 0.984727  
0.18 0.17903 0.983844  
0.19 0.188859 0.982004  
0.195 0.193767 0.981048  
0.205 0.203567 0.979061  
0.21 0.20846 0.978031  
0.22 0.21823 0.975897  
0.225 0.223106 0.974794  
0.235 0.232843 0.972514  
0.24 0.237703 0.971338  
0.25 0.247404 0.968912  
0.255 0.252245 0.967663  
0.265 0.261909 0.965093  
0.27 0.266731 0.963771  
0.28 0.276356 0.961055  
0.285 0.281157 0.959662  
0.295 0.29074 0.956802  
0.3 0.29552 0.955336  
0.31 0.305059 0.952334  
0.315 0.309816 0.950796  
0.325 0.319309 0.947651  
0.33 0.324043 0.946042  
0.34 0.333487 0.942755  
0.345 0.338197 0.941075  
0.355 0.34759 0.937646  
0.36 0.352274 0.935897  
0.37 0.361615 0.932327  
0.375 0.366273 0.930508  
0.385 0.375559 0.926798  
0.39 0.380188 0.924909  
0.4 0.389418 0.921061  
0.405 0.394019 0.919102  
0.415 0.40319 0.915116  
0.42 0.40776 0.913089  
0.43 0.416871 0.908966  
0.435 0.42141 0.90687  
0.445 0.430458 0.902611  
0.45 0.434966 0.900447  
0.46 0.443948 0.896052  
0.465 0.448423 0.893822  
0.475 0.457338 0.889293  
0.48 0.461779 0.886995  
0.49 0.470626 0.882333  
0.495 0.475032 0.879969  
0.505 0.483807 0.875174  
0.51 0.488177 0.872745  
0.52 0.49688 0.867819  
0.525 0.501213 0.865324  
0.535 0.509841 0.860269  
0.54 0.514136 0.857709  
0.55 0.522687 0.852525  
0.555 0.526943 0.8499  
0.565 0.535416 0.844589  
0.57 0.539632 0.841901  
0.58 0.548024 0.836463  
0.585 0.552199 0.833712  
0.595 0.560509 0.828148  
0.6 0.564642 0.825336  
0.61 0.572867 0.819648  
0.615 0.576959 0.816773  
0.625 0.585097 0.810963  
0.63 0.589145 0.808028  
0.64 0.597195 0.802096  
0.645 0.601198 0.7991  
0.655 0.609159 0.793048  
0.66 0.613117 0.789992  
0.67 0.620986 0.783822  
0.675 0.624897 0.780707  
0.685 0.632673 0.774419  
0.69 0.636537 0.771246  
0.7 0.644218 0.764842  
0.705 0.648034 0.761612  
0.715 0.655617 0.755093  
0.72 0.659385 0.751806  
0.73 0.66687 0.745174  
0.735 0.670587 0.741831  
0.745 0.677972 0.735088  
0.75 0.681639 0.731689  
0.76 0.688921 0.724836  
0.765 0.692537 0.721382  
0.775 0.699716 0.714421  
0.78 0.703279 0.710914  
0.79 0.710353 0.703845  
0.795 0.713864 0.700285  
0.805 0.720831 0.693111  
0.81 0.724287 0.689498  
0.82 0.731146 0.682221  
0.825 0.734548 0.678557  
0.835 0.741297 0.671178  
0.84 0.744643 0.667463  
0.85 0.75128 0.659983  
0.855 0.754571 0.656219  
0.865 0.761095 0.64864  
0.87 0.764329 0.644827  
0.88 0.770739 0.637151  
0.885 0.773915 0.63329  
0.895 0.780209 0.625519  
0.9 0.783327 0.62161  
0.91 0.789504 0.613746  
0.915 0.792563 0.609791  
0.925 0.798621 0.601835  
0.93 0.80162 0.597834  
0.94 0.807558 0.589788  
0.945 0.810497 0.585743  
0.955 0.816314 0.577609  
0.96 0.819192 0.57352  
0.97 0.824886 0.5653  
0.975 0.827702 0.561168  
0.985 0.833272 0.552863  
0.99 0.836026 0.54869  
1 0.841471 0.540302  
