0 0 1  
0.01 0.009999833333333335 0.9999500004166667  
0.02 0.01999866669166653 0.9998000066665973  
0.03 0.02999550019999626 0.9995500337490417  
0.04 0.03998933418330251 0.9992001066610835  
0.05 0.04997916926651529 0.9987502603951398  
0.06 0.05996400647445128 0.9982005399354624  
0.07000000000000001 0.06994284733171054 0.9975510002536391  
0.08 0.07991469396252315 0.9968017063030967  
0.09 0.08987854919053606 0.995952733012606  
0.09999999999999999 0.09983341663852982 0.9950041652787885  
0.11 0.1097783008280555 0.9939560979576272  
0.12 0.1197122072789817 0.9928086358549806  
0.13 0.1296341426089416 0.9915618937161028  
0.14 0.1395431146326708 0.9902159962141688  
0.15 0.1494381324612245 0.9887710779378072  
0.16 0.1593182066010657 0.9872272833776414  
0.17 0.1691823490530141 0.985584766911841  
0.18 0.1790295734110447 0.9838436927906838  
0.19 0.1888588949609278 0.982004235120131  
0.2 0.1986693307786998 0.9800665778444166  
0.21 0.2084598998289542 0.9780309147276536  
0.2200000000000001 0.2182296230629452 0.9758974493344572  
0.2300000000000001 0.2279775235164907 0.9736663950095888  
0.2400000000000001 0.2377026264076689 0.9713379748566218  
0.2500000000000001 0.247403959234295 0.9689124217156309  
0.2600000000000001 0.257080551871171 0.9663899781399088  
0.2700000000000001 0.266731436667097 0.9637708963717112  
0.2800000000000001 0.2763556485416362 0.9610554383170323  
0.2900000000000001 0.2859522250816212 0.9582438755194146  
0.3000000000000001 0.2955202066373955 0.9553364891327949  
0.3100000000000001 0.3050586364187768 0.9523335698933889  
0.3200000000000001 0.3145665605907358 0.9492354180906182  
0.3300000000000001 0.3240430283687789 0.9460423435370812  
0.3400000000000001 0.3334870921140252 0.9427546655375723  
0.3500000000000001 0.3428978074279706 0.9393727128571516  
0.3600000000000002 0.352274233246926 0.9358968236882689  
0.3700000000000002 0.3616154319361233 0.9323273456169444  
0.3800000000000002 0.3709204693834781 0.9286646355880107  
0.3900000000000002 0.3801884150929999 0.9249090598694184  
0.4000000000000002 0.3894183422778413 0.9210609940156096  
0.4100000000000002 0.3986093279529755 0.9171208228299629  
0.4200000000000002 0.4077604530274942 0.9130889403263133  
0.4300000000000002 0.4168708023965161 0.9089657496895512  
0.4400000000000002 0.4259394650326963 0.9047516632353044  
0.4500000000000002 0.4349655340773286 0.9004471023687064  
0.4600000000000002 0.4439481069310304 0.8960524975422567  
0.4700000000000003 0.4528862853440019 0.8915682882127757  
0.4800000000000003 0.4617791755058503 0.8869949227974594  
0.4900000000000003 0.4706258881349705 0.8823328586290382  
0.5000000000000002 0.4794255385674718 0.8775825619100438  
0.5100000000000002 0.4881772468456442 0.8727445076661894  
0.5200000000000002 0.4968801378059531 0.8678191796988677  
0.5300000000000002 0.5055333411665549 0.8628070705367709  
0.5400000000000003 0.5141359916143248 0.8577086813866382  
0.5500000000000003 0.5226872288913869 0.8525245220831362  
0.5600000000000003 0.5311861978811396 0.8472551110378749  
0.5700000000000003 0.5396320486937667 0.8419009751875676  
0.5800000000000003 0.5480239367512252 0.8364626499413373  
0.5900000000000003 0.5563610228717026 0.830940679127177  
0.6000000000000003 0.5646424733535347 0.825335614937566  
0.6100000000000003 0.5728674600585746 0.8196480178742526  
0.6200000000000003 0.581035160495006 0.8138784566922032  
0.6300000000000003 0.5891447578995919 0.808027508342728  
0.6400000000000003 0.5971954413193498 0.802095757915786  
0.6500000000000004 0.6051864056926468 0.7960837985814768  
0.6600000000000004 0.6131168519297049 0.7899922315307238  
0.6700000000000004 0.6209859869925091 0.7838216659151557  
0.6800000000000004 0.6287930239741109 0.7775727187861917  
0.6900000000000004 0.636537182177318 0.7712460150333372  
0.7000000000000004 0.6442176871927638 0.7648421873216953  
0.7100000000000004 0.6518337709763473 0.7583618760287003  
0.7200000000000004 0.6593846719260369 0.7518057291800814  
0.7300000000000004 0.6668696349580302 0.7451744023850597  
0.7400000000000004 0.6742879115822615 0.7384685587707887  
0.7500000000000004 0.6816387599772504 0.7316888689160413  
0.7600000000000005 0.6889214450642833 0.7248360107841534  
0.7700000000000005 0.6961352385809204 0.7179106696552272  
0.7800000000000005 0.7032794191538217 0.7109135380576045  
0.7900000000000005 0.7103532723708835 0.7038453156986139  
0.8000000000000005 0.717356090852679 0.696706709394601  
0.8100000000000005 0.7242871743231959 0.6894984330002474  
0.8200000000000005 0.7311458296798631 0.6822212073371855  
0.8300000000000005 0.7379313710628604 0.6748757601219171  
0.8400000000000005 0.7446431199237045 0.6674628258930424  
0.8500000000000005 0.7512804050931023 0.6599831459378068  
0.8600000000000005 0.7578425628480683 0.6524374682179728  
0.8700000000000006 0.7643289369782953 0.644826547295024  
0.8800000000000006 0.7707388788517758 0.6371511442547102  
0.8900000000000006 0.7770717474796641 0.6294120266309392  
0.9000000000000006 0.783326909580375 0.6216099683290239  
0.9100000000000006 0.789503739642911 0.6137457495482929  
0.9200000000000006 0.7956016199894134 0.6058201567040703  
0.9300000000000006 0.8016199408369291 0.5978339823490361  
0.9400000000000006 0.8075581003583889 0.5897880250939703  
0.9500000000000006 0.8134155047427891 0.5816830895278935  
0.9600000000000006 0.8191915682545724 0.5735199861376079  
0.9700000000000006 0.8248857132922012 0.56529953122665  
0.9800000000000006 0.8304973704459169 0.5570225468336604  
0.9900000000000007 0.8360259785546806 0.5486898606501807  
1.000000000000001 0.8414709847622888 0.5403023059378852  
1.010000000000001 0.8468318445726581 0.5318607214452555  
1.020000000000001 0.8521080219042751 0.5233659513237061  
1.030000000000001 0.8572989891438034 0.51481884504317  
1.040000000000001 0.862404227198845 0.5062202573071525  
1.050000000000001 0.8674232255498489 0.4975710479672616  
1.060000000000001 0.8723554823011623 0.4888720819372236  
1.070000000000001 0.8772005042312206 0.4801242291063922  
1.080000000000001 0.8819578068418684 0.4713283642527605  
1.090000000000001 0.886626914406809 0.4624853669554838  
1.100000000000001 0.8912073600191769 0.4535961215069226  
1.110000000000001 0.895698685638228 0.4446615168242138  
1.120000000000001 0.9001004421351432 0.4356824463603803  
1.130000000000001 0.904412189337941 0.4266598080149855  
1.140000000000001 0.9086334960754944 0.4175945040443452  
1.150000000000001 0.9127639402206473 0.4084874409713017  
1.160000000000001 0.9168031087324274 0.3993395294945732  
1.170000000000001 0.9207505976973496 0.3901516843976838  
1.180000000000001 0.9246060123698069 0.3809248244574865  
1.190000000000001 0.928368967211545 0.3716598723522863  
1.200000000000001 0.9320390859302157 0.3623577545695728  
1.210000000000001 0.9356160015170054 0.3530194013133722  
1.220000000000001 0.9390993562833364 0.3436457464112281  
1.230000000000001 0.9424888018966349 0.3342377272208193  
1.240000000000001 0.945783999415164 0.3247962845362246  
1.250000000000001 0.948984619321918 0.3153223624938445  
1.260000000000001 0.9520903415575735 0.3058169084779881  
1.270000000000001 0.9551008555524951 0.2962808730261358  
1.280000000000001 0.9580158602577921 0.2867152097338859  
1.290000000000001 0.960835064175423 0.277120875159596  
1.300000000000001 0.9635581853873456 0.2674988287287282  
1.310000000000001 0.966184951583708 0.257850032637907  
1.320000000000001 0.9687151000900794 0.2481754517587008  
1.330000000000001 0.971148377893718 0.2384760535411352  
1.340000000000001 0.9734845416688709 0.228752807916949  
1.350000000000001 0.9757233578011075 0.2190066872026017  
1.360000000000001 0.9778646024106804 0.2092386660020429  
1.370000000000001 0.9799080613749129 0.1994497211092525  
1.380000000000001 0.9818535303496115 0.1896408314105622  
1.390000000000001 0.9837008147895001 0.1798129777867677  
1.400000000000001 0.985449729967674 0.1699671430150412  
1.410000000000001 0.9871001009940729 0.160104311670655  
1.420000000000001 0.9886517628329695 0.1502254700285244  
1.430000000000001 0.990104560319473 0.140331605964581  
1.440000000000001 0.9914583481750454 0.1304237088569863  
1.450000000000001 0.9927129910220294 0.1205027694871942  
1.460000000000001 0.9938683633971858 0.1105697799408742  
1.470000000000001 0.9949243497642398 0.1006257335087033  
1.480000000000001 0.9958808445254349 0.09067162458703781  
1.490000000000001 0.9967377520320919 0.08070844857847471  
1.500000000000001 0.9974949865941743 0.07073720179231206  
1.510000000000001 0.9981524724888571 0.06075888134491897  
1.520000000000001 0.9987101439680984 0.05077448506002476  
1.530000000000001 0.9991679452652154 0.04078501136893747  
1.540000000000001 0.9995258306004595 0.03079145921070151  
1.550000000000001 0.9997837641855958 0.02079482793220458  
1.560000000000001 0.9999417202274805 0.01079611718824389  
1.570000000000001 0.9999996829306411 0.0007963268415614264  
1.580000000000001 0.9999576464988555 -0.009203543137141439  
1.590000000000001 0.999815615135732 -0.0192024927692002  
1.600000000000001 0.9995736030442886 -0.02919952216798424  
1.610000000000001 0.9992316344255325 -0.03919363163888469  
1.620000000000001 0.9987897434760409 -0.04918382177928301  
1.630000000000001 0.9982479743845403 -0.05916909357849047  
1.640000000000001 0.9976063813274884 -0.06914844851764834  
1.650000000000001 0.9968650284636562 -0.07912088866957898  
1.660000000000001 0.9960239899277125 -0.08908541679857769  
1.670000000000001 0.9950833498228098 -0.09904103646013548  
1.680000000000001 0.9940432022121748 -0.1089867521005827  
1.690000000000001 0.9929036511097017 -0.1189215691566435  
1.700000000000001 0.9916648104695511 -0.1288444941548915  
1.710000000000001 0.9903268041747547 -0.1387545348110961  
1.720000000000001 0.988889766024827 -0.1486507001294501  
1.730000000000001 0.9873538397223853 -0.1585320005016687  
1.740000000000001 0.98571917885878 -0.1683974478059492  
1.750000000000001 0.9839859468987352 -0.1782460555057825  
1.760000000000001 0.9821543171640025 -0.1880768387486059  
1.770000000000001 0.980224472816029 -0.1978888144642877  
1.780000000000001 0.9781966068376412 -0.207681001463433  
1.790000000000001 0.9760709220137471 -0.2174524205355022  
1.800000000000001 0.9738476309110577 -0.227202094546731  
1.810000000000001 0.9715269558568305 -0.2369290485378433  
1.820000000000001 0.9691091289166368 -0.2466323098215459  
1.830000000000001 0.9665943918711559 -0.2563109080797965  
1.840000000000001 0.9639829961919968 -0.2659638754608349  
1.850000000000001 0.961275203016551 -0.2755902466759674  
1.860000000000001 0.9584712831218796 -0.2851890590960946  
1.870000000000001 0.9555715168976354 -0.2947593528479735  
1.880000000000001 0.9525761943180244 -0.3043001709102044  
1.890000000000001 0.9494856149128084 -0.3138105592089318  
1.900000000000001 0.9463000877373523 -0.3232895667132514  
1.910000000000001 0.9430199313417191 -0.3327362455303119  
1.920000000000001 0.9396454737388148 -0.3421496510001042  
1.930000000000001 0.9361770523715875 -0.3515288417899257  
1.940000000000002 0.9326150140792838 -0.3608728799885137  
1.950000000000002 0.9289597150627643 -0.3701808311998351  
1.960000000000002 0.9252115208488846 -0.3794517646365256  
1.970000000000002 0.9213708062539424 -0.3886847532129674  
1.980000000000002 0.9174379553461968 -0.3978788736379971  
1.990000000000002 0.9134133614074609 -0.4070332065072342  
2.000000000000001 0.9092974268937748 -0.4161468363950204  
2.010000000000001 0.9050905633951599 -0.4252188519459617  
2.020000000000001 0.9007931915944603 -0.4342483459660633  
2.030000000000001 0.8964057412252747 -0.4432344155134478  
2.04 0.891928651028984 -0.4521761619886491  
2.05 0.8873623687108767 -0.461072691224471  
2.06 0.8827073508953793 -0.4699231135754041  
2.07 0.8779640630803942 -0.4787265440065885  
2.08 0.87313297959075 -0.4874821021823177  
2.089999999999999 0.8682145835307697 -0.4961889125540703  
2.099999999999999 0.8632093667359607 -0.5048461044480651  
2.109999999999999 0.8581178297238312 -0.5134528121523271  
2.119999999999999 0.8529404816438395 -0.5220081750032581  
2.129999999999999 0.8476778402264791 -0.5305113374717029  
2.139999999999998 0.842330431731506 -0.5389614492485004  
2.149999999999998 0.8368987908953136 -0.547357665329515  
2.159999999999998 0.8313834608774591 -0.5556991461001356  
2.169999999999998 0.825784993206348 -0.5639850574192363  
2.179999999999997 0.820103947724082 -0.5722145707025904  
2.189999999999997 0.814340892530475 -0.5803868630057275  
2.199999999999997 0.8084964039262438 -0.5885011171062278  
2.209999999999997 0.8025710663553782 -0.596556521585443  
2.219999999999997 0.7965654723466976 -0.6045522709096384  
2.229999999999996 0.790480222454598 -0.6124875655105446  
2.239999999999996 0.7843159251989975 -0.6203616118653145  
2.249999999999996 0.7780731970044847 -0.6281736225758743  
2.259999999999996 0.7717526621386767 -0.6359228164476631  
2.269999999999996 0.7653549526497928 -0.6436084185677516  
2.279999999999995 0.7588807083034504 -0.6512296603823325  
2.289999999999995 0.752330576518689 -0.6587857797735756  
2.299999999999995 0.7457052123032283 -0.6662760211358384  
2.309999999999995 0.7390052781879688 -0.6736996354512268  
2.319999999999995 0.7322314441607386 -0.6810558803644957  
2.329999999999994 0.7253843875992955 -0.6883440202572841  
2.339999999999994 0.7184647932035896 -0.6955633263216763  
2.349999999999994 0.711473352927294 -0.7027130766330819  
2.359999999999994 0.7044107659086101 -0.7097925562224282  
2.369999999999993 0.6972777384003542 -0.7168010571476557  
2.379999999999993 0.690074983699333 -0.7237378785645127  
2.389999999999993 0.6828032220750139 -0.7306023267966379  
2.399999999999993 0.6754631806974996 -0.7373937154049289  
2.409999999999993 0.6680555935648109 -0.7441113652561843  
2.419999999999992 0.6605812014294882 -0.7507546045910171  
2.429999999999992 0.6530407517245161 -0.7573227690910299  
2.439999999999992 0.6454349984885814 -0.7638152019452464  
2.449999999999992 0.6377647022906694 -0.7702312539157916  
2.459999999999992 0.6300306301540078 -0.7765702834028152  
2.469999999999991 0.6222335554793653 -0.7828316565086511  
2.479999999999991 0.6143742579677116 -0.7890147471012066  
2.489999999999991 0.6064535235422482 -0.7951189368765751  
2.499999999999991 0.5984721442698172 -0.8011436154208661  
2.50999999999999 0.5904309182816944 -0.8070881802712457  
2.51999999999999 0.5823306496937775 -0.8129520369761828  
2.52999999999999 0.5741721485261748 -0.8187345991548934  
2.53999999999999 0.5659562306222045 -0.8244352885559788  
2.54999999999999 0.5576837175668101 -0.8300535351152494  
2.559999999999989 0.5493554366044033 -0.835588777012731  
2.569999999999989 0.54097222055614 -0.841040460728847  
2.579999999999989 0.5325349077366389 -0.8464080410997687  
2.589999999999989 0.5240443418701508 -0.8516909813719322  
2.599999999999989 0.5155013720061867 -0.8568887532557127  
2.609999999999988 0.5069068524346138 -0.8620008369782534  
2.619999999999988 0.4982616426002268 -0.8670267213354422  
2.629999999999988 0.4895666070168049 -0.8719659037430317  
2.639999999999988 0.4808226151806605 -0.8768178902868973  
2.649999999999987 0.4720305414836903 -0.8815821957724278  
2.659999999999987 0.4631912651259372 -0.8862583437730451  
2.669999999999987 0.4543056700276707 -0.8908458666778459  
2.679999999999987 0.445374644740996 -0.8953443057383629  
2.689999999999987 0.4363990823609991 -0.8997532111144386  
2.699999999999986 0.4273798804364381 -0.9040721419192097  
2.709999999999986 0.4183179408799895 -0.9083006662631947  
2.719999999999986 0.409214169878057 -0.9124383612974832  
2.729999999999986 0.4000694778001544 -0.9164848132560199  
2.739999999999986 0.3908847791078687 -0.920439617496981  
2.749999999999985 0.381660992263415 -0.9243023785432382  
2.759999999999985 0.3723990396377913 -0.9280727101219057  
2.769999999999985 0.3630998474185416 -0.931750235202968  
2.779999999999985 0.3537643455171385 -0.9353345860369813  
2.789999999999984 0.3443934674759923 -0.9388254041918493  
2.799999999999984 0.334988150375098 -0.9422223405886657  
2.809999999999984 0.3255493347383278 -0.9455250555366215  
2.819999999999984 0.3160779644393794 -0.9487332187669743  
2.829999999999984 0.30657498660739 -0.9518465094660745  
2.839999999999983 0.2970413515322233 -0.9548646163074467  
2.849999999999983 0.2874780125694422 -0.9577872374829218  
2.859999999999983 0.2778859260449733 -0.9606140807328181  
2.869999999999983 0.2682660511594755 -0.963344863375166  
2.879999999999983 0.2586193498924206 -0.9659793123339772  
2.889999999999982 0.2489467869058964 -0.9685171641665511  
2.899999999999982 0.2392493294481408 -0.9709581650898194  
2.909999999999982 0.2295279472568182 -0.973302071005724  
2.919999999999982 0.2197836124620466 -0.9755486475256265  
2.929999999999982 0.210017299489185 -0.9776976699937473  
2.939999999999981 0.200229984961392 -0.9797489235096303  
2.949999999999981 0.190422647601964 -0.9817022029496333  
2.959999999999981 0.1805962681364642 -0.9835573129874401  
2.969999999999981 0.1707518291946502 -0.9853140681135929  
2.97999999999998 0.1608903152122125 -0.9869722926540431  
2.98999999999998 0.1510127123323312 -0.9885318207877184  
2.99999999999998 0.1411200083070629 -0.9899924965631052  
3.00999999999998 0.1312131923985659 -0.9913541739138432  
3.01999999999998 0.1212932552801753 -0.992616716673332  
3.029999999999979 0.1113611889373363 -0.9937799985883478  
3.039999999999979 0.1014179865684062 -0.9948439033316685  
3.049999999999979 0.09146464248533585 -0.9958083245137065  
3.059999999999979 0.08150215201423888 -0.9966731656931472  
3.069999999999979 0.07153151139586021 -0.9974383403865934  
3.079999999999978 0.06155371768595268 -0.9981037720772135  
3.089999999999978 0.05156976865557231 -0.9986693942223928  
3.099999999999978 0.04158066269130204 -0.9991351502603881  
3.109999999999978 0.03158739869541391 -0.999500993615984  
3.119999999999977 0.02159097598597965 -0.9997668877051497  
3.129999999999977 0.01159239419693971 -0.9999328059386977  
3.139999999999977 0.001592653178140706 -0.9999987317249431  
3.149999999999977 -0.008407247104648741 -0.9999646584713623  
3.159999999999977 -0.01840630666973374 -0.9998305895852521  
3.169999999999976 -0.02840352561949047 -0.9995965384733894  
3.179999999999976 -0.03839790424035511 -0.9992625285406903  
3.189999999999976 -0.04838844310279437 -0.9988285931878698  
3.199999999999976 -0.05837414316124759 -0.9982947758081016  
3.209999999999976 -0.06835400585403047 -0.9976611297826787  
3.219999999999975 -0.07832703320319043 -0.9969277184756757  
3.229999999999975 -0.08829222791430355 -0.9960946152276121  
3.239999999999975 -0.09824859347620318 -0.9951619033481185  
3.249999999999975 -0.1081951342606303 -0.9941296761076054  
3.259999999999974 -0.1181308556217952 -0.9929980367279367  
3.269999999999974 -0.1280547639958419 -0.9917670983721075  
3.279999999999974 -0.137965867000203 -0.9904369841329275  
3.289999999999974 -0.1478631735328373 -0.989007827020712  
3.299999999999974 -0.1577456938713396 -0.9874797699499814  
3.309999999999973 -0.1676124397719116 -0.9858529657251695  
3.319999999999973 -0.1774624245681856 -0.9841275770253428  
3.329999999999973 -0.1872946632698904 -0.9823037763879336  
3.339999999999973 -0.1971081726613496 -0.9803817461914858  
3.349999999999973 -0.2069019713998021 -0.9783616786374172  
3.359999999999972 -0.2166750801135357 -0.9762437757307999  
3.369999999999972 -0.2264265214998233 -0.9740282492601596  
3.379999999999972 -0.2361553204226528 -0.9717153207762971  
3.389999999999972 -0.2458605040102392 -0.9693052215701332  
3.399999999999971 -0.2555411017523117 -0.9667981926495801  
3.409999999999971 -0.2651961455971632 -0.9641944847154407  
3.419999999999971 -0.2748246700484553 -0.9614943581363385  
3.429999999999971 -0.2844257122617669 -0.9586980829226815  
3.439999999999971 -0.2939983121408775 -0.9558059386996607  
3.44999999999997 -0.3035415124337766 -0.9528182146792881  
3.45999999999997 -0.3130543588283876 -0.949735209631476  
3.46999999999997 -0.3225359000479986 -0.94655723185416  
3.47999999999997 -0.3319851879463891 -0.9432845991424694  
3.48999999999997 -0.3414012776026438 -0.9399176387569483  
3.499999999999969 -0.3507832274156439 -0.9364566873908293  
3.509999999999969 -0.3601300991982266 -0.9329020911363649  
3.519999999999969 -0.3694409582710027 -0.9292542054502182  
3.529999999999969 -0.3787148735558241 -0.925513395117918  
3.539999999999969 -0.3879509176688908 -0.92168003421738  
3.549999999999968 -0.3971481670134884 -0.9177545060814999  
3.559999999999968 -0.4063057018723468 -0.9137372032598198  
3.569999999999968 -0.4154226064996115 -0.9096285274792741  
3.579999999999968 -0.4244979692124174 -0.905428889604017  
3.589999999999967 -0.4335308824820562 -0.9011387095943362  
3.599999999999967 -0.4425204430247284 -0.8967584164646575  
3.609999999999967 -0.4514657518918712 -0.8922884482406435  
3.619999999999967 -0.4603659145600524 -0.8877292519153915  
3.629999999999967 -0.4692200410204221 -0.8830812834047349  
3.639999999999966 -0.4780272458677129 -0.8783450075016511  
3.649999999999966 -0.4867866483887795 -0.8735208978297836  
3.659999999999966 -0.4954973726506693 -0.8686094367960794  
3.669999999999966 -0.5041585475882153 -0.8636111155425489  
3.679999999999966 -0.5127693070911415 -0.8585264338971521  
3.689999999999965 -0.5213287900906735 -0.8533559003238164  
3.699999999999965 -0.529836140645644 -0.8481000318715901  
3.709999999999965 -0.5382905080280873 -0.8427593541229386  
3.719999999999965 -0.5466910468083106 -0.837334401141186  
3.729999999999964 -0.5550369169394365 -0.8318257154171096  
3.739999999999964 -0.5633272838414067 -0.8262338478146912  
3.749999999999964 -0.57156131848444 -0.8205593575160312  
3.759999999999964 -0.5797381974719338 -0.8148028119654305  
3.769999999999964 -0.5878571031228034 -0.8089647868126469  
3.779999999999963 -0.5959172235532497 -0.8030458658553308  
3.789999999999963 -0.6039177527579466 -0.7970466409806453  
3.799999999999963 -0.6118578906906407 -0.7909677121060783  
3.809999999999963 -0.6197368433441557 -0.7848096871194515  
3.819999999999963 -0.6275538228297921 -0.778573181818132  
3.829999999999962 -0.6353080474561157 -0.7722588198474524  
3.839999999999962 -0.6429987418071258 -0.7658672326383479  
3.849999999999962 -0.6506251368197963 -0.759399059344213  
3.859999999999962 -0.6581864698609813 -0.7528549467769869  
3.869999999999961 -0.665681984803678 -0.7462355493424728  
3.879999999999961 -0.6731109321026385 -0.7395415289748979  
3.889999999999961 -0.6804725688693237 -0.7327735550707204  
3.899999999999961 -0.6877661589461919 -0.7259323044216908  
3.909999999999961 -0.6949909729803133 -0.7190184611471727  
3.91999999999996 -0.7021462884963054 -0.7120327166257321  
3.92999999999996 -0.7092313899685795 -0.7049757694259995  
3.93999999999996 -0.7162455688928926 -0.6978483252368139  
3.94999999999996 -0.7231881238571976 -0.6906510967966548  
3.95999999999996 -0.7300583606117835 -0.6833848038223683  
3.969999999999959 -0.7368555921387003 -0.6760501729371965  
3.979999999999959 -0.7435791387204597 -0.6686479375981156  
3.989999999999959 -0.7502283280080065 -0.6611788380224909  
3.999999999999959 -0.7568024950879532 -0.6536436211140555  
4.009999999999959 -0.7633009825490702 -0.6460430403882209  
4.019999999999959 -0.7697231405480269 -0.6383778558967258  
4.029999999999959 -0.7760683268743754 -0.6306488341516315  
4.039999999999958 -0.7823359070147708 -0.6228567480486716  
4.049999999999958 -0.7885252542164222 -0.6150023767899629  
4.059999999999958 -0.794635749549767 -0.6070865058060859  
4.069999999999958 -0.8006667819703643 -0.5991099266775423  
4.079999999999957 -0.806617748379998 -0.5910734370555976  
4.089999999999957 -0.8124880536869862 -0.5829778405825168  
4.099999999999957 -0.8182771108656902 -0.5748239468112009  
4.109999999999957 -0.8239843410152166 -0.5666125711242318  
4.119999999999957 -0.8296091734173064 -0.5583445346523355  
4.129999999999956 -0.835151045593407 -0.5500206641922689  
4.139999999999956 -0.8406094033609189 -0.5416417921241414  
4.149999999999956 -0.8459837008886142 -0.5332087563281773  
4.159999999999956 -0.8512734007512187 -0.5247224001009285  
4.169999999999956 -0.8564779739831543 -0.5161835720709458  
4.179999999999955 -0.8615969001314351 -0.5075931261139162  
4.189999999999955 -0.8666296673077121 -0.4989519212672766  
4.199999999999955 -0.8715757722394616 -0.4902608216443106  
4.209999999999955 -0.8764347203203123 -0.4815206963477378  
4.219999999999954 -0.8812060256595055 -0.4727324193828043  
4.229999999999954 -0.8858892111304831 -0.4638968695698829  
4.239999999999954 -0.890483808418601 -0.4550149304565918  
4.249999999999954 -0.8949893580679591 -0.4460874902294406  
4.259999999999954 -0.8994054095273473 -0.4371154416250124  
4.269999999999953 -0.9037315211952996 -0.4280996818406907  
4.279999999999953 -0.9079672604642546 -0.4190411124449407  
4.289999999999953 -0.9121122037638151 -0.4099406392871532  
4.299999999999953 -0.9161659366031053 -0.4007991724070599  
4.309999999999953 -0.9201280536122195 -0.391617625943731  
4.319999999999952 -0.9239981585827586 -0.3823969180441612  
4.329999999999952 -0.9277758645074506 -0.3731379707714566  
4.339999999999952 -0.9314607936188514 -0.3638417100126284  
4.349999999999952 -0.9350525774271203 -0.3545090653860056  
4.359999999999951 -0.93855085675687 -0.3451409701482734  
4.369999999999951 -0.9419552817830827 -0.3357383611011489  
4.379999999999951 -0.9452655120660929 -0.3263021784977009  
4.389999999999951 -0.9484812165856308 -0.3168333659483264  
4.399999999999951 -0.9516020737739243 -0.3073328703263893  
4.40999999999995 -0.9546277715478553 -0.2978016416735348  
4.41999999999995 -0.9575580073401678 -0.2882406331046852  
4.42999999999995 -0.9603924881297247 -0.2786508007127297  
4.43999999999995 -0.9631309304708089 -0.269033103472916  
4.44999999999995 -0.9657730605214685 -0.2593885031469532  
4.459999999999949 -0.9683186140709003 -0.2497179641868364  
4.469999999999949 -0.9707673365658704 -0.2400224536384029  
4.479999999999949 -0.9731189831361703 -0.2303029410446277  
4.489999999999949 -0.9753733186191025 -0.2205603983486705  
4.499999999999948 -0.9775301175829973 -0.210795799796682  
4.509999999999948 -0.979589164349756 -0.20101012184038  
4.519999999999948 -0.9815502530164174 -0.1912043430394054  
4.529999999999948 -0.9834131874757494 -0.1813794439634666  
4.539999999999948 -0.9851777814358584 -0.1715364070942836  
4.549999999999947 -0.9868438584388191 -0.1616762167273407  
4.559999999999947 -0.9884112518783194 -0.1517998588734576  
4.569999999999947 -0.9898798050163216 -0.1419083211601894  
4.579999999999947 -0.9912493709987357 -0.1320025927330641  
4.589999999999947 -0.9925198128701048 -0.1220836641566697  
4.599999999999946 -0.9936910035873006 -0.1121525273155978  
4.609999999999946 -0.9947628260322272 -0.1022101753152565  
4.619999999999946 -0.9957351730235334 -0.09225760238256038  
4.629999999999946 -0.9966079473273305 -0.08229580376650876  
4.639999999999946 -0.9973810616669152 -0.0723257756386616  
4.649999999999945 -0.998054438731498 -0.0623485149935232  
4.659999999999945 -0.9986280111839335 -0.05236501954884355  
4.669999999999945 -0.9991017216674545 -0.04237628764584739  
4.679999999999945 -0.9994755228114074 -0.03238331814940094  
4.689999999999944 -0.9997493772359892 -0.02238711034812625  
4.699999999999944 -0.9999232575559859 -0.01238866385447312  
4.709999999999944 -0.9999971463835102 -0.002388978504758738  
4.719999999999944 -0.999971036329741 0.007610945740815131  
4.729999999999944 -0.999844930005662 0.01761010889815734  
4.739999999999943 -0.9996188400218003 0.02760751105928493  
4.749999999999943 -0.9992927889869661 0.03760215249231309  
4.759999999999943 -0.9988668095059909 0.04759303374142754  
4.769999999999943 -0.9983409441764681 0.05757915572682922  
4.779999999999943 -0.9977152455844923 0.06755951984464151  
4.789999999999942 -0.9969897762994013 0.07753312806676974  
4.799999999999942 -0.9961646088675191 0.08749898304070317  
4.809999999999942 -0.9952398258049011 0.09745608818924942  
4.819999999999942 -0.9942155195890831 0.1074034478101914  
4.829999999999941 -0.9930917926498328 0.1173400671758565  
4.839999999999941 -0.9918687573589079 0.127264952632589  
4.849999999999941 -0.9905465360188181 0.137177111700114  
4.859999999999941 -0.9891252608505957 0.1470755531707849  
4.869999999999941 -0.9876050739805731 0.1569592872087037  
4.87999999999994 -0.9859861274261703 0.166827325448703  
4.88999999999994 -0.9842685830806938 0.1766786810951825  
4.89999999999994 -0.9824526126971467 0.1865123690207869  
4.90999999999994 -0.980538397871054 0.1963274058649187  
4.91999999999994 -0.9785261300223033 0.2061228101320728  
4.929999999999939 -0.9764160103760023 0.2158976022899854  
4.939999999999939 -0.9742082499423574 0.2256508048675865  
4.949999999999939 -0.971903069495572 0.2353814425527462  
4.959999999999939 -0.9695006995517699 0.245088542289805  
4.969999999999938 -0.9670013803459433 0.2547711333768785  
4.979999999999938 -0.96440536180793 0.264428247562927  
4.989999999999938 -0.9617129035374206 0.2740589191445797  
4.999999999999938 -0.9589242747779981 0.283662185062704  
5.009999999999938 -0.9560397543902148 0.2932370849987109  
5.019999999999937 -0.9530596308237056 0.3027826614705862  
5.029999999999937 -0.9499842020883437 0.3122979599286373  
5.039999999999937 -0.9468137757244396 0.3217820288509481  
5.049999999999937 -0.9435486687719877 0.3312339198385299  
5.059999999999937 -0.9401892077389624 0.3406526877101605  
5.069999999999936 -0.9367357285686673 0.3500373905969019  
5.079999999999936 -0.9331885766061415 0.3593870900362862  
5.089999999999936 -0.9295481065636253 0.368700851066161  
5.099999999999936 -0.925814682485089 0.3779777423181849  
5.109999999999935 -0.9219886777098294 0.3872168361109635  
5.119999999999935 -0.9180704748351356 0.396417208542817  
5.129999999999935 -0.9140604656780298 0.4055779395841692  
5.139999999999935 -0.909959051236086 0.4146981131695502  
5.149999999999935 -0.9057666416473305 0.4237768172892016  
5.159999999999934 -0.9014836561492284 0.4328131440802772  
5.169999999999934 -0.8971105230367604 0.4418061899176282  
5.179999999999934 -0.8926476796195933 0.4507550555041653  
5.189999999999934 -0.8880955721783498 0.4596588459607874  
5.199999999999934 -0.8834546559199805 0.4685166709158687  
5.209999999999933 -0.8787253949322438 0.4773276445942953  
5.219999999999933 -0.8739082621372972 0.4860908859060421  
5.229999999999933 -0.869003739244406 0.4948055185342806  
5.239999999999933 -0.8640123167017723 0.5034706710230104  
5.249999999999932 -0.8589344936474907 0.5120854768642036  
5.259999999999932 -0.8537707778596352 0.5206490745844553  
5.269999999999932 -0.8485216857054813 0.5291606078311299  
5.279999999999932 -0.84318774208987 0.5376192254579958  
5.289999999999932 -0.837769480402718 0.5460240816103392  
5.299999999999931 -0.8322674424656787 0.5543743358095492  
5.309999999999931 -0.8266821784779607 0.5626691530371644  
5.319999999999931 -0.8210142469613082 0.5709077038183745  
5.329999999999931 -0.8152642147041497 0.579089164304967  
5.339999999999931 -0.8094326567049189 0.5872127163577113  
5.34999999999993 -0.8035201561145562 0.5952775476281719  
5.35999999999993 -0.7975273041781934 0.6032828516399423  
5.36999999999993 -0.79145470017603 0.6112278278692928  
5.37999999999993 -0.7853029513634058 0.6191116818252211  
5.38999999999993 -0.7790726729100753 0.6269336251289019  
5.399999999999929 -0.7727644878386919 0.6346928755925231  
5.409999999999929 -0.7663790269625058 0.6423886572975044  
5.419999999999929 -0.7599169288222835 0.6500202006720887  
5.429999999999929 -0.7533788396224537 0.6575867425682982  
5.439999999999928 -0.7467654131664878 0.6650875263382489  
5.449999999999928 -0.7400773107915203 0.6725218019098145  
5.459999999999928 -0.7333152013022151 0.6798888258616331  
5.469999999999928 -0.7264797609038859 0.687187861497449  
5.479999999999928 -0.7195716731348764 0.6944181789197812  
5.489999999999927 -0.7125916287982065 0.7015790551029127  
5.499999999999927 -0.7055403258924932 0.7086697739651928  
5.509999999999927 -0.6984184695421507 0.7156896264406443  
5.519999999999927 -0.6912267719268792 0.7226379105498695  
5.529999999999927 -0.6839659522104471 0.7295139314702479  
5.539999999999926 -0.6766367364687752 0.7363170016054176  
5.549999999999926 -0.6692398576173298 0.7430464406540344  
5.559999999999926 -0.661776055337832 0.7497015756778014  
5.569999999999926 -0.6542460760042897 0.7562817411687622  
5.579999999999925 -0.6466506726083613 0.7627862791158514  
5.589999999999925 -0.6389906046840567 0.7692145390706947  
5.599999999999925 -0.6312666382317847 0.7755658782126537  
5.609999999999925 -0.6234795456417541 0.7818396614131069  
5.619999999999925 -0.6156301056167344 0.7880352612989627  
5.629999999999924 -0.6077191030941866 0.7941520583153956  
5.639999999999924 -0.5997473291677706 0.8001894407878012  
5.649999999999924 -0.5917155810082357 0.8061468049829635  
5.659999999999924 -0.5836246617837046 0.8120235551694277  
5.669999999999924 -0.5754753805793573 0.8178191036770724  
5.679999999999923 -0.567268552316523 0.8235328709558767  
5.689999999999923 -0.5590049976711887 0.8291642856338741  
5.699999999999923 -0.5506855429919327 0.8347127845742898  
5.709999999999923 -0.5423110202172899 0.8401778129318536  
5.719999999999922 -0.5338822667925589 0.8455588242082839  
5.729999999999922 -0.5254001255860581 0.8508552803069375  
5.739999999999922 -0.5168654448048395 0.8560666515866181  
5.749999999999922 -0.5082790779098689 0.8611924169145408  
5.759999999999922 -0.4996418835306805 0.8662320637184443  
5.769999999999921 -0.4909547253795142 0.871185088037848  
5.779999999999921 -0.4822184721649459 0.8760509945744475  
5.789999999999921 -0.4734339975050166 0.8808292967416441  
5.799999999999921 -0.4646021798398719 0.8855195167132032  
5.809999999999921 -0.4557239023439182 0.890121185471036  
5.81999999999992 -0.4468000528375066 0.8946338428521018  
5.82999999999992 -0.4378315236981508 0.8990570375944229  
5.83999999999992 -0.4288192117712911 0.9033903273822111  
5.84999999999992 -0.4197640182806096 0.9076332788900989  
5.859999999999919 -0.4106668487379094 0.9117854678264713  
5.869999999999919 -0.4015286128525636 0.9158464789758949  
5.879999999999919 -0.3923502244405455 0.9198159062406389  
5.889999999999919 -0.3831326013330473 0.9236933526812849  
5.899999999999919 -0.3738766652846985 0.92747843055642  
5.909999999999918 -0.3645833418813905 0.931170761361411  
5.919999999999918 -0.3552535604477189 0.9347699758662543  
5.929999999999918 -0.3458882539540523 0.938275714152499  
5.939999999999918 -0.3364883589232354 0.9416876256492378  
5.949999999999918 -0.3270548153369379 0.9450053691681644  
5.959999999999917 -0.3175885665416571 0.9482286129376917  
5.969999999999917 -0.3080905591543838 0.9513570346361289  
5.979999999999917 -0.2985617429679416 0.9543903214239131  
5.989999999999917 -0.2890030708560084 0.9573281699748935  
5.999999999999917 -0.2794154986778296 0.960170286506663  
6.009999999999916 -0.2697999851826333 0.9629163868099372  
6.019999999999916 -0.2601574919137559 0.9655661962769739  
6.029999999999916 -0.2504889831124888 0.9681194499290349  
6.039999999999916 -0.2407954256216549 0.9705758924428826  
6.049999999999915 -0.2310777887889252 0.9729352781763126  
6.059999999999915 -0.2213370443698847 0.975197371192718  
6.069999999999915 -0.211574166430858 0.977361945284682  
6.079999999999915 -0.2017901312515031 0.9794287839965994  
6.089999999999915 -0.1919859172271844 0.9813976806463214  
6.099999999999914 -0.1821625047711341 0.9832684383458238  
6.109999999999914 -0.1723208762164114 0.9850408700208956  
6.119999999999914 -0.1624620157176703 0.9867147984298463  
6.129999999999914 -0.1525869091527449 0.9882900561812301  
6.139999999999914 -0.1426965440240622 0.9897664857505845  
6.149999999999913 -0.132791909359893 0.991143939496183  
6.159999999999913 -0.1228739956154497 0.9924222796737988  
6.169999999999913 -0.1129437945738417 0.9936013784504797  
6.179999999999913 -0.1030022992468979 0.9946811179173304  
6.189999999999912 -0.0930505037758662 0.9956613901013041  
6.199999999999912 -0.08308940333200042 0.9965420969759993  
6.209999999999912 -0.07311999401704392 0.9973231504714625  
6.219999999999912 -0.06314327276362018 0.998004472482995  
6.229999999999912 -0.0531602372355405 0.9985859948789634  
6.239999999999911 -0.04317188572803833 0.9990676595076128  
6.249999999999911 -0.03317921706794067 0.9994494182028817  
6.259999999999911 -0.02318323051378617 0.9997312327892187  
6.269999999999911 -0.0131849256559001 0.9999130750854001  
6.279999999999911 -0.003185302316436201 0.9999949269073476  
6.28999999999991 0.006814639550604734 0.9999767800699474  
6.29999999999991 0.01681389995936943 0.9998586363878681  
6.30999999999991 0.02681147899214987 0.9996405076753795  
6.31999999999991 0.03680637689937423 0.9993224157451709  
6.329999999999909 0.046797594199581 0.9989043924061703  
6.339999999999909 0.05678413177936632 0.9983864794603634  
6.349999999999909 0.06676499099329447 0.9977687286986131  
6.359999999999909 0.07673917376376158 0.9970512018954807  
6.369999999999909 0.08670568268080253 0.9962339708030485  
6.379999999999908 0.09666352110183121 0.9953171171437449  
6.389999999999908 0.1066116932513038 0.9943007326021718  
6.399999999999908 0.1165492043202958 0.9931849188159362  
6.409999999999908 0.1264750605659815 0.9919697873654869  
6.419999999999908 0.1363882694110081 0.9906554597629563  
6.429999999999907 0.1462878395427523 0.9892420674400094  
6.439999999999907 0.1561727810124506 0.9877297517347007  
6.449999999999907 0.1660421053341937 0.9861186638773404  
6.459999999999907 0.1758948255837739 0.9844089649753716  
6.469999999999906 0.1857299564973771 0.9826008259972597  
6.479999999999906 0.195546514570108 0.9806944277553958  
6.489999999999906 0.2053435181543399 0.9786899608880154  
6.499999999999906 0.2151199875578787 0.9765876258401348  
6.509999999999906 0.2248749451419312 0.9743876328435068  
6.519999999999905 0.2346074154188682 0.9720902018955977  
6.529999999999905 0.2443164251497727 0.9696955627375877  
6.539999999999905 0.2540010034417625 0.9672039548313971  
6.549999999999905 0.2636601818450789 0.9646156273357401  
6.559999999999905 0.2732929944499313 0.9619308390812094  
6.569999999999904 0.2828984779830864 0.9591498585443929  
6.579999999999904 0.2924756719041958 0.956272963821027  
6.589999999999904 0.3020236185018484 0.9533004425981864  
6.599999999999904 0.3115413629893413 0.9502325921255163  
6.609999999999904 0.3210279536001572 0.9470697191855073  
6.619999999999903 0.3304824416831407 0.9438121400628178  
6.629999999999903 0.3399038817973624 0.9404601805126452  
6.639999999999903 0.3492913318066622 0.9370141757281514  
6.649999999999903 0.3586438529738621 0.9334744703069429  
6.659999999999902 0.3679605100546394 0.929841418216612  
6.669999999999902 0.37724037139105 0.9261153827593405  
6.679999999999902 0.3864825090046936 0.9222967365355687  
6.689999999999902 0.3956859986895107 0.9183858614067367  
6.699999999999902 0.4048499201042025 0.9143831484570986  
6.709999999999901 0.4139733568642643 0.9102889979546134  
6.719999999999901 0.4230553966336231 0.9061038193109195  
6.729999999999901 0.4320951312158705 0.9018280310403938  
6.739999999999901 0.4410916566450814 0.8974620607182999  
6.749999999999901 0.4500440732762103 0.8930063449380319  
6.7599999999999 0.4589514858750543 0.8884613292674544  
6.7699999999999 0.4678130037077767 0.883827468204347  
6.7799999999999 0.4766277406299788 0.8791052251309543  
6.7899999999999 0.4853948151753142 0.8742950722676486  
6.799999999999899 0.4941133506436344 0.8693974906257075  
6.809999999999899 0.5027824751886582 0.8644129699592139  
6.819999999999899 0.5114013219051552 0.8593420087160807  
6.829999999999899 0.5199690289156365 0.8541851139882062  
6.839999999999899 0.5284847394565408 0.8489428014607657  
6.849999999999898 0.5369476019639108 0.8436155953606433  
6.859999999999898 0.545356770158548 0.8382040284040096  
6.869999999999898 0.5537114031306407 0.8327086417430507  
6.879999999999898 0.5620106654238541 0.827129984911853  
6.889999999999898 0.5702537271188751 0.8214686157714506  
6.899999999999897 0.5784397639164034 0.8157251004540397  
6.909999999999897 0.5865679572195811 0.8099000133063657  
6.919999999999897 0.5946374942158515 0.8039939368322891  
6.929999999999897 0.6026475679582398 0.7980074616345355  
6.939999999999896 0.6105973774460468 0.7919411863556358  
6.949999999999896 0.6184861277049487 0.7857957176180627  
6.959999999999896 0.6263130298664937 0.7795716699635684  
6.969999999999896 0.6340773012469882 0.7732696657917318  
6.979999999999896 0.6417781654257645 0.7668903352977183  
6.989999999999895 0.649414852322822 0.760434316409261  
6.999999999999895 0.6569865982758353 0.7539022547228686  
7.009999999999895 0.6644926461165188 0.7472948034392665  
7.019999999999895 0.6719322452463437 0.7406126232980765  
7.029999999999895 0.6793046517115966 0.7338563825117443  
7.039999999999894 0.686609128277775 0.7270267566987182  
7.049999999999894 0.6938449445033092 0.720124428815888  
7.059999999999894 0.7010113768126068 0.7131500890902901  
7.069999999999894 0.708107708568409 0.7061044349500849  
7.079999999999893 0.7151332301434538 0.6989881709548149  
7.089999999999893 0.7220872389914385 0.6918020087249493  
7.099999999999893 0.7289690397172732 0.6845466668707227  
7.109999999999893 0.7357779441466206 0.6772228709202742  
7.119999999999893 0.7425132713947117 0.6698313532470955  
7.129999999999892 0.7491743479344346 0.6623728529967944  
7.139999999999892 0.7557605076636863 0.6548481160131802  
7.149999999999892 0.7622710919719825 0.6472578947636807  
7.159999999999892 0.7687054498063178 0.6396029482640955  
7.169999999999892 0.775062937736271 0.6318840420026953  
7.179999999999891 0.781342920018347 0.6241019478636738  
7.189999999999891 0.7875447686595511 0.6162574440499596  
7.199999999999891 0.7936678634801874 0.608351315005397  
7.209999999999891 0.7997115921758764 0.6003843513363017  
7.219999999999891 0.8056753503787852 0.5923573497324017  
7.22999999999989 0.8115585417180634 0.5842711128871679  
7.23999999999989 0.8173605778794798 0.5761264494175462  
7.24999999999989 0.8230808786642533 0.5679241737830962  
7.25999999999989 0.8287188720470724 0.559665106204546  
7.269999999999889 0.8342739942332973 0.5513500725817708  
7.279999999999889 0.8397456897153387 0.5429799044112037  
7.289999999999889 0.8451334113282083 0.5345554387026863  
7.299999999999889 0.8504366203042345 0.5260775178957691  
7.309999999999889 0.8556547863269393 0.5175469897754676  
7.319999999999888 0.8607873875840688 0.5089647073874851  
7.329999999999888 0.8658339108197747 0.5003315289529083  
7.339999999999888 0.8707938513859388 0.4916483177823862  
7.349999999999888 0.8756667132926378 0.4829159421897997  
7.359999999999888 0.8804520092577419 0.474135275405431  
7.369999999999887 0.8851492607556425 0.4653071954886412  
7.379999999999887 0.889757998065104 0.4564325852400652  
7.389999999999887 0.8942777603162364 0.4475123321133321  
7.399999999999887 0.8987080955365809 0.4385473281263209  
7.409999999999886 0.9030485606963077 0.4295384697719594  
7.419999999999886 0.9072987217525177 0.4204866579285755  
7.429999999999886 0.9114581536926473 0.4113927977698103  
7.439999999999886 0.9155264405769686 0.4022577986741013  
7.449999999999886 0.9195031755801837 0.3930825741337454  
7.459999999999885 0.9233879610321061 0.3838680416635505  
7.469999999999885 0.927180408457428 0.3746151227090848  
7.479999999999885 0.9308801386145673 0.3653247425545327  
7.489999999999885 0.9344867815335915 0.3559978302301677  
7.499999999999885 0.9379999765532143 0.3466353184194497  
7.509999999999884 0.9414193723568615 0.3372381433657574  
7.519999999999884 0.944744627007802 0.3278072447787651  
7.529999999999884 0.9479754079833421 0.3183435657404723  
7.539999999999884 0.9511113922080765 0.3088480526108963  
7.549999999999883 0.9541522660861961 0.299321654933437  
7.559999999999883 0.9570977255328471 0.2897653253399234  
7.569999999999883 0.9599474760045396 0.2801800194553511  
7.579999999999883 0.9627012325286011 0.2705666958023206  
7.589999999999883 0.9653587197316741 0.260926315705186  
7.599999999999882 0.9679196718672529 0.2512598431939233  
7.609999999999882 0.9703838328422582 0.241568244907728  
7.619999999999882 0.9727509562426457 0.2318524899983523  
7.629999999999882 0.9750208053580484 0.2221135500331905  
7.639999999999882 0.977193153205446 0.2123523988981232  
7.649999999999881 0.9792677825518643 0.2025700127001296  
7.659999999999881 0.9812444859360975 0.1927673696696772  
7.669999999999881 0.9831230656894544 0.1829454500629001  
7.679999999999881 0.9849033339555252 0.173105236063574  
7.68999999999988 0.9865851127089669 0.1632477116848984  
7.69999999999988 0.9881682337733055 0.1533738626710965  
7.70999999999988 0.9896525388377542 0.1434846763988412  
7.71999999999988 0.9910378794730432 0.1335811417785188  
7.72999999999988 0.9923241171462636 0.1236642491553382  
7.739999999999879 0.9935111232347198 0.1137349902102974  
7.749999999999879 0.9945987790387923 0.1037943578610165  
7.759999999999879 0.9955869757938071 0.09384334616244634  
7.769999999999879 0.9964756146809121 0.08388295020746417  
7.779999999999879 0.9972646068369592 0.07391416602736502  
7.789999999999878 0.9979538733633903 0.06393799049225943  
7.799999999999878 0.998543345334127 0.0539554212113873  
7.809999999999878 0.9990329638024638 0.04396745643335778  
7.819999999999878 0.9994226798069615 0.03397509494632521  
7.829999999999878 0.9997124543763447 0.0239793359781112  
7.839999999999877 0.9999022585333979 0.01398117909628263  
7.849999999999877 0.9999920732978634 0.003981624108195752  
7.859999999999877 0.9999818896883399 -0.006018329038983734  
7.869999999999877 0.9998717087231797 -0.01601768035827454  
7.879999999999876 0.9996615414203873 -0.02601542992287767  
7.889999999999876 0.9993514087965182 -0.03601057796616826  
7.899999999999876 0.9989413418645761 -0.04600212498167141  
7.909999999999876 0.9984313816309125 -0.05598907182301199  
7.919999999999876 0.9978215790911259 -0.06597041980382848  
7.929999999999875 0.997111995224962 -0.07594517079764071  
7.939999999999875 0.9963027009902161 -0.08591232733766173  
7.949999999999875 0.9953937773156374 -0.09587089271654364  
7.959999999999875 0.9943853150928357 -0.1058198710860475  
7.969999999999875 0.9932774151671929 -0.1157582675566273  
7.979999999999874 0.9920701883277785 -0.1256850882969182  
7.989999999999874 0.9907637552962703 -0.1355993406331185  
7.999999999999874 0.9893582467148826 -0.1455000331482567  
8.009999999999874 0.9878538031333024 -0.155386175781332  
8.019999999999873 0.9862505749946341 -0.1652567799263197  
8.029999999999873 0.9845487226203555 -0.1751108585310309  
8.039999999999873 0.9827484161942859 -0.184947426195817  
8.049999999999873 0.9808498357455675 -0.1947654992721088  
8.059999999999873 0.9788531711306631 -0.2045640959607805  
8.069999999999872 0.9767586220143702 -0.214342236410329  
8.079999999999872 0.9745663978498551 -0.2240989428148577  
8.089999999999872 0.9722767178577072 -0.2338332395118571  
8.099999999999872 0.9698898110040176 -0.2435441530797695  
8.109999999999872 0.9674059159774826 -0.2532307124353306  
8.119999999999871 0.964825281165535 -0.2628919489306771  
8.129999999999871 0.9621481646295054 -0.2725268964502107  
8.139999999999871 0.9593748340788163 -0.2821345915072087  
8.149999999999871 0.9565055668442117 -0.2917140733401719  
8.15999999999987 0.953540649850024 -0.3012643840089  
8.16999999999987 0.9504803795854817 -0.310784568490285  
8.17999999999987 0.9473250620750612 -0.3202736747738123  
8.18999999999987 0.9440750128478839 -0.3297307539567613  
8.19999999999987 0.9407305569061641 -0.3391548603390946  
8.209999999999869 0.937292028692709 -0.3485450515180277  
8.219999999999869 0.9337597720574744 -0.3579003884822679  
8.229999999999869 0.9301341402231802 -0.367219935705915  
8.239999999999869 0.9264154957499884 -0.3765027612420131  
8.249999999999869 0.9226042104992475 -0.3857479368157444  
8.259999999999868 0.9187006655963063 -0.394954537917256  
8.269999999999868 0.9147052513924021 -0.40412164389411  
8.279999999999868 0.9106183674256259 -0.4132483380433481  
8.289999999999868 0.9064404223809684 -0.4223337077031611  
8.299999999999867 0.9021718340494526 -0.4313768443441542  
8.309999999999867 0.8978130292863542 -0.4403768436601996  
8.319999999999867 0.8933644439685172 -0.4493328056588656  
8.329999999999867 0.8888265229507663 -0.4582438347514158  
8.339999999999867 0.8841997200214214 -0.467109039842367  
8.349999999999866 0.8794844978569198 -0.4759275344185979  
8.359999999999866 0.8746813279755487 -0.4846984366379996  
8.369999999999866 0.8697906906902932 -0.4934208694176596  
8.379999999999866 0.8648130750608065 -0.5020939605215685  
8.389999999999866 0.8597489788445033 -0.5107168426478438  
8.399999999999865 0.8545989084467851 -0.5192886535154586  
8.409999999999865 0.8493633788703999 -0.5278085359504695  
8.419999999999865 0.8440429136639425 -0.5362756379717331  
8.429999999999865 0.8386380448694994 -0.5446891128761031  
8.439999999999864 0.8331493129694463 -0.5530481193231006  
8.449999999999864 0.8275772668323989 -0.5613518214190468  
8.459999999999864 0.8219224636583276 -0.569599388800652  
8.469999999999864 0.8161854689228373 -0.577789996718051  
8.479999999999864 0.8103668563206207 -0.5859228261172778  
8.489999999999863 0.8044672077080891 -0.5939970637221699  
8.499999999999863 0.7984871130451873 -0.6020119021156954  
8.509999999999863 0.7924271703363981 -0.6099665398206943  
8.519999999999863 0.7862879855709423 -0.6178601813800249  
8.529999999999863 0.7800701726621804 -0.6256920374361095  
8.539999999999862 0.7737743533862217 -0.6334613248098691  
8.549999999999862 0.7674011573197471 -0.6411672665790408  
8.559999999999862 0.7609512217770523 -0.6488090921558695  
8.569999999999862 0.7544251917463165 -0.6563860373641657  
8.579999999999862 0.7478237198251042 -0.6638973445157229  
8.589999999999861 0.7411474661551064 -0.6713422624860854  
8.599999999999861 0.7343970983561263 -0.6787200467896605  
8.609999999999861 0.7275732914593185 -0.6860299596541659  
8.619999999999861 0.7206767278396859 -0.6932712700944069  
8.62999999999986 0.7137080971478436 -0.7004432539853741  
8.63999999999986 0.7066680962410531 -0.7075451941346551  
8.64999999999986 0.6995574291135386 -0.7145763803541534  
8.65999999999986 0.692376806826087 -0.7215361095311064  
8.66999999999986 0.6851269474349433 -0.7284236856983962  
8.679999999999859 0.6778085759200048 -0.735238420104146  
8.689999999999859 0.6704224241123242 -0.7419796312805942  
8.699999999999859 0.6629692306209273 -0.7486466451122409  
8.709999999999859 0.6554497407589519 -0.7552387949032588  
8.719999999999859 0.6478647064691179 -0.7617554214441625  
8.729999999999858 0.6402148862485333 -0.7681958730777285  
8.739999999999858 0.6325010450728453 -0.7745595057641605  
8.749999999999858 0.6247239543197431 -0.7808456831454931  
8.759999999999858 0.6168843916918211 -0.7870537766092266  
8.769999999999857 0.6089831411388088 -0.7931831653511882  
8.779999999999857 0.6010209927791772 -0.7992332364376115  
8.789999999999857 0.592998742821127 -0.8052033848664297  
8.799999999999857 0.5849171934829686 -0.8110930136277753  
8.809999999999857 0.5767771529129011 -0.8169015337636801  
8.819999999999856 0.5685794351081981 -0.8226283644269711  
8.829999999999856 0.5603248598338084 -0.8282729329393543  
8.839999999999856 0.5520142525403807 -0.8338346748486826  
8.849999999999856 0.5436484442817187 -0.8393130339853996  
8.859999999999856 0.5352282716316764 -0.8447074625181572  
8.869999999999855 0.5267545766005021 -0.8500174210085976  
8.879999999999855 0.5182282065506373 -0.8552423784652966  
8.889999999999855 0.5096500141119816 -0.860381812396863  
8.899999999999855 0.5010208570966304 -0.8654352088641863  
8.909999999999854 0.4923415984130938 -0.8704020625318313  
8.919999999999854 0.4836131059800076 -0.8752818767185701  
8.929999999999854 0.4748362526393411 -0.8800741634470507  
8.939999999999854 0.4660119160691144 -0.8847784434925939  
8.949999999999854 0.4571409786956305 -0.8893942464311154  
8.959999999999853 0.4482243276052344 -0.893921110686168  
8.969999999999853 0.4392628544556044 -0.8983585835750986  
8.979999999999853 0.4302574553865874 -0.9027062213543162  
8.989999999999853 0.4212090309305857 -0.906963589263666  
8.999999999999853 0.4121184859225045 -0.9111302615699051  
9.009999999999852 0.4029867294092689 -0.9152058216092749  
9.019999999999852 0.3938146745589204 -0.919189861829168  
9.029999999999852 0.3846032385693006 -0.9230819838288824  
9.039999999999852 0.3753533425763319 -0.9268817983994617  
9.049999999999851 0.3660659115619054 -0.9305889255626154  
9.059999999999851 0.3567418742613829 -0.9342029946087165  
9.069999999999851 0.3473821630707242 -0.9377236441338721  
9.079999999999851 0.3379877139532486 -0.9411505220760636  
9.089999999999851 0.3285594663460388 -0.9444832857503527  
9.09999999999985 0.3190983630659988 -0.9477216018831492  
9.10999999999985 0.309605350215572 -0.9508651466455386  
9.11999999999985 0.3000813770881324 -0.9539136056856641  
9.12999999999985 0.2905273960730562 -0.9568666741601622  
9.13999999999985 0.2809443625604831 -0.9597240567646466  
9.149999999999849 0.2713332348457781 -0.9624854677632377  
9.159999999999849 0.2616949740337036 -0.9651506310171372  
9.169999999999849 0.2520305439423086 -0.9677192800122404  
9.179999999999849 0.2423409110065485 -0.9701911578857886  
9.189999999999849 0.232627044181642 -0.9725660174520543  
9.199999999999848 0.2228899148461765 -0.9748436212270599  
9.209999999999848 0.2131304967049713 -0.9770237414523261  
9.219999999999848 0.2033497656917074 -0.979106160117647  
9.229999999999848 0.1935486998713354 -0.9810906689828914  
9.239999999999847 0.1837282793422697 -0.9829770695988268  
9.249999999999847 0.1738894861383794 -0.9847651733269634  
9.259999999999847 0.1640333041307857 -0.9864548013584187  
9.269999999999847 0.1541607189294757 -0.9880457847317974  
9.279999999999847 0.1442727177847423 -0.9895379643500881  
9.289999999999846 0.1343702894884599 -0.9909311909965726  
9.299999999999846 0.1244544242752059 -0.9922253253497471  
9.309999999999846 0.1145261137232382 -0.9934202379972548  
9.319999999999846 0.1045863506553384 -0.9945158094488268  
9.329999999999846 0.09463612903952989 -0.9955119301482309  
9.339999999999845 0.08467644388968235 -0.9964085004842272  
9.349999999999845 0.07470829116601085 -0.9972054308005294  
9.359999999999845 0.06473266767548085 -0.9979026414047698  
9.369999999999845 0.05475057097212822 -0.9985000625764692  
9.379999999999844 0.04476299925730475 -0.9989976345740081  
9.389999999999844 0.03477095127985882 -0.9993953076406016  
9.399999999999844 0.02477542623626131 -0.9996930420092743  
9.409999999999844 0.01477742367068685 -0.9998908079068376  
9.419999999999844 0.004777943375060184 -0.9999885855568663  
9.429999999999843 -0.005222014710922164 -0.9999863651816771  
9.439999999999843 -0.01522145059978503 -0.9998841470033055  
9.449999999999843 -0.02521936435627253 -0.9996819412434843  
9.459999999999843 -0.03521475619734075 -0.999379768122621  
9.469999999999843 -0.04520662659213523 -0.9989776578577757  
9.479999999999842 -0.05519397636194316 -0.9984756506596399  
9.489999999999842 -0.06517580678011051 -0.9978737967285151  
9.499999999999842 -0.07515111967191379 -0.9971721562492928  
9.509999999999842 -0.08511891751437671 -0.9963707993854362  
9.519999999999841 -0.09507820353602167 -0.9954698062719639  
9.529999999999841 -0.105027981816546 -0.9944692670074364  
9.539999999999841 -0.1149672573864134 -0.9933692816449464  
9.549999999999841 -0.1248950363263496 -0.9921699601821135  
9.559999999999841 -0.134810325866734 -0.9908714225500844  
9.56999999999984 -0.1447121344868754 -0.9894737986015403  
9.57999999999984 -0.1545994720141634 -0.9879772280977113  
9.58999999999984 -0.1644713497230849 -0.9863818606944006  
9.59999999999984 -0.1743267804340957 -0.9846878559270191  
9.60999999999984 -0.1841647786123377 -0.9828953831946319  
9.619999999999839 -0.1939843604661916 -0.9810046217430183  
9.629999999999839 -0.203784544045655 -0.9790157606467479  
9.639999999999839 -0.2135643493405369 -0.976928998790273  
9.649999999999839 -0.223322798378458 -0.9747445448480401  
9.659999999999838 -0.2330589153226465 -0.972462617263623  
9.669999999999838 -0.2427717265695216 -0.9700834442278787  
9.679999999999838 -0.2524602608460528 -0.967607263656128  
9.689999999999838 -0.2621235493068862 -0.9650343231643645  
9.699999999999838 -0.2717606256312288 -0.9623648800444933  
9.709999999999837 -0.2813705261194791 -0.9595992012386018  
9.719999999999837 -0.2909522897895966 -0.9567375633122658  
9.729999999999837 -0.3005049584731994 -0.9537802524268931  
9.739999999999837 -0.3100275769113797 -0.9507275643111079  
9.749999999999837 -0.3195191928502293 -0.9475798042311779  
9.759999999999836 -0.3289788571360642 -0.9443372869604878  
9.769999999999836 -0.338405623810339 -0.9410003367480625  
9.779999999999836 -0.3477985502042419 -0.9375692872861425  
9.789999999999836 -0.3571566970329613 -0.9340444816768148  
9.799999999999836 -0.3664791284896128 -0.9304262723977027  
9.809999999999835 -0.3757649123388196 -0.926715021266719  
9.819999999999835 -0.385013120009935 -0.9229110994058841  
9.829999999999835 -0.3942228266898989 -0.9190148872042141  
9.839999999999835 -0.4033931114157182 -0.9150267742796823  
9.849999999999834 -0.4125230571665623 -0.9109471594402575  
9.859999999999834 -0.4216117509554646 -0.906776450644024  
9.869999999999834 -0.4306582839206202 -0.9025150649583858  
9.879999999999834 -0.4396617514162715 -0.8981634285183603  
9.889999999999834 -0.4486212531031719 -0.893721976483965  
9.899999999999833 -0.4575358930386192 -0.8891911529967021  
9.909999999999833 -0.4664047797660487 -0.8845714111351446  
9.919999999999833 -0.4752270264041787 -0.8798632128696288  
9.929999999999833 -0.4840017507356972 -0.8750670290160576  
9.939999999999833 -0.4927280752954836 -0.8701833391888195  
9.949999999999832 -0.5014051274583539 -0.8652126317528275  
9.959999999999832 -0.5100320395263227 -0.8601554037746828  
9.969999999999832 -0.5186079488153726 -0.8550121609729688  
9.979999999999832 -0.5271319977417214 -0.8497834176676796  
9.989999999999831 -0.5356033339075797 -0.8444696967287884  
9.999999999999831 -0.5440211101863909 -0.8390715295239608  
