0 0 1  
0.005 0.005 0.999988  
0.015 0.0149996 0.999888  
0.035 0.0349944 0.999388  
0.075 0.0749419 0.997188  
0.095 0.0948707 0.99549  
0.135 0.134614 0.990899  
0.155 0.154405 0.988008  
0.195 0.193802 0.981042  
0.215 0.213384 0.976969  
0.255 0.252292 0.967652  
0.275 0.271595 0.962413  
0.315 0.309874 0.950779  
0.335 0.328828 0.944392  
0.375 0.36634 0.930483  
0.395 0.384877 0.92297  
0.435 0.421488 0.906837  
0.455 0.43954 0.898226  
0.495 0.475118 0.879925  
0.515 0.492621 0.870247  
0.555 0.527037 0.849846  
0.575 0.543928 0.839135  
0.615 0.577059 0.816707  
0.635 0.593277 0.805002  
0.675 0.625003 0.780627  
0.695 0.64049 0.767971  
0.735 0.670697 0.741737  
0.755 0.685397 0.728175  
0.795 0.713976 0.700176  
0.815 0.727837 0.685757  
0.855 0.754685 0.656095  
0.875 0.767656 0.64087  
0.915 0.792676 0.609651  
0.935 0.804711 0.593675  
0.975 0.827814 0.561012  
0.995 0.838869 0.544344  
1.035 0.859972 0.510353  
1.055 0.870007 0.493052  
1.095 0.889033 0.457857  
1.115 0.898012 0.439985  
1.155 0.914893 0.403712  
1.175 0.922784 0.385334  
1.215 0.937459 0.348114  
1.235 0.944234 0.329295  
1.275 0.956651 0.291263  
1.295 0.962285 0.272071  
1.335 0.972398 0.233362  
1.355 0.97687 0.213868  
1.395 0.984644 0.174622  
1.415 0.987939 0.154894  
1.455 0.993344 0.115253  
1.475 0.995451 0.0953626  
1.515 0.998469 0.0554683  
1.535 0.999379 0.0354878  
1.575 0.999999 -0.00451575  
1.595 0.999708 -0.0245148  
1.635 0.997928 -0.0644835  
1.655 0.996439 -0.0844292  
1.695 0.992264 -0.124219  
1.715 0.989582 -0.14404  
1.755 0.983028 -0.183508  
1.775 0.979162 -0.203132  
1.815 0.970253 -0.242136  
1.835 0.965216 -0.261492  
1.875 0.953984 -0.299892  
1.895 0.947796 -0.318911  
1.935 0.934281 -0.356568  
1.955 0.926963 -0.375182  
1.995 0.911214 -0.411961  
2.015 0.902792 -0.430103  
2.055 0.884866 -0.46587  
2.075 0.875372 -0.483474  
2.115 0.855333 -0.518102  
2.135 0.844799 -0.535105  
2.175 0.822719 -0.568469  
2.195 0.811185 -0.58481  
2.235 0.787144 -0.61679  
2.255 0.774651 -0.632409  
2.295 0.748735 -0.662889  
2.315 0.735327 -0.677731  
2.355 0.70763 -0.706602  
2.375 0.693356 -0.720614  
2.415 0.663977 -0.747771  
2.435 0.648889 -0.760901  
2.475 0.617934 -0.786248  
2.495 0.602085 -0.79845  
2.535 0.569665 -0.821894  
2.555 0.553114 -0.833123  
2.595 0.519346 -0.854581  
2.615 0.502151 -0.864797  
2.655 0.467157 -0.884191  
2.675 0.44938 -0.893358  
2.715 0.413286 -0.910618  
2.735 0.394991 -0.918702  
2.775 0.357927 -0.933766  
2.795 0.33918 -0.940738  
2.835 0.301279 -0.953553  
2.855 0.282148 -0.959388  
2.895 0.243547 -0.969906  
2.915 0.2241 -0.974583  
2.955 0.184937 -0.982767  
2.975 0.165245 -0.98627  
3.015 0.125662 -0.99209  
3.035 0.105795 -0.994405  
3.075 0.065934 -0.997841  
3.095 0.045964 -0.99896  
3.135 0.00596881 -1  
3.155 -0.0140324 -0.999919  
3.195 -0.0540179 -0.998558  
3.215 -0.0739783 -0.997278  
3.255 -0.11381 -0.993521  
3.275 -0.133658 -0.991046  
3.315 -0.173193 -0.984907  
3.335 -0.192856 -0.981246  
3.375 -0.231952 -0.972747  
3.395 -0.25136 -0.967913  
3.435 -0.289876 -0.957085  
3.455 -0.30896 -0.951096  
3.495 -0.346756 -0.937976  
3.515 -0.365446 -0.930854  
3.555 -0.402388 -0.915491  
3.575 -0.420618 -0.90726  
3.615 -0.456571 -0.88971  
3.635 -0.474274 -0.8804  
3.675 -0.509111 -0.860725  
3.695 -0.526224 -0.850371  
3.735 -0.559817 -0.828641  
3.755 -0.576278 -0.817279  
3.795 -0.608508 -0.793574  
3.815 -0.624258 -0.781246  
3.855 -0.655009 -0.75565  
3.875 -0.669991 -0.742399  
3.915 -0.699151 -0.715005  
3.935 -0.713311 -0.700879  
3.975 -0.740775 -0.671786  
3.995 -0.754063 -0.656836  
4.035 -0.779733 -0.626148  
4.055 -0.7921 -0.610428  
4.095 -0.815884 -0.578256  
4.115 -0.827286 -0.561823  
4.155 -0.849097 -0.528282  
4.175 -0.859493 -0.511194  
4.215 -0.879253 -0.476406  
4.235 -0.888605 -0.458725  
4.275 -0.906243 -0.422814  
4.295 -0.914518 -0.404605  
4.335 -0.929971 -0.3677  
4.355 -0.937139 -0.349027  
4.395 -0.95035 -0.311263  
4.415 -0.956385 -0.292193  
4.455 -0.967308 -0.253704  
4.475 -0.972188 -0.234307  
4.515 -0.980783 -0.195232  
4.535 -0.984492 -0.175578  
4.575 -0.990727 -0.136057  
4.595 -0.99325 -0.116216  
4.635 -0.997104 -0.0763927  
4.655 -0.998432 -0.0564353  
4.695 -0.999891 -0.0164529  
4.715 -1.00002 0.00354821  
4.755 -0.999078 0.0435462  
4.775 -0.998008 0.063519  
4.815 -0.994668 0.103389  
4.835 -0.992402 0.123261  
4.875 -0.986677 0.162859  
4.895 -0.983223 0.18256  
4.935 -0.975134 0.221743  
4.955 -0.970504 0.241201  
4.995 -0.96008 0.279828  
5.015 -0.954291 0.298974  
5.055 -0.941569 0.336906  
5.075 -0.934642 0.35567  
5.115 -0.919668 0.392771  
5.135 -0.911628 0.411086  
5.175 -0.894456 0.447222  
5.195 -0.885332 0.465022  
5.235 -0.866023 0.500063  
5.255 -0.855849 0.517284  
5.295 -0.834473 0.551104  
5.315 -0.823284 0.567683  
5.355 -0.799918 0.60016  
5.375 -0.787754 0.616039  
5.415 -0.762483 0.647056  
5.435 -0.749389 0.662176  
5.475 -0.722303 0.691622  
5.495 -0.708326 0.70593  
5.535 -0.679522 0.733698  
5.555 -0.664712 0.747142  
5.595 -0.634294 0.773132  
5.615 -0.618705 0.785664  
5.655 -0.586783 0.809783  
5.675 -0.57047 0.821357  
5.715 -0.53716 0.843519  
5.735 -0.520182 0.854093  
5.775 -0.485602 0.874217  
5.795 -0.468021 0.883755  
5.835 -0.432296 0.901768  
5.855 -0.414174 0.910234  
5.895 -0.377433 0.926073  
5.915 -0.358837 0.933436  
5.955 -0.321212 0.947043  
5.975 -0.302207 0.953278  
6.015 -0.263834 0.964603  
6.035 -0.244489 0.969687  
6.075 -0.205506 0.978691  
6.095 -0.185891 0.982605  
6.135 -0.146438 0.989255  
6.155 -0.126624 0.991986  
6.195 -0.0868432 0.996257  
6.215 -0.0669007 0.997795  
6.255 -0.0269354 0.999673  
6.275 -0.00693653 1.00001  
6.315 0.0330695 0.999489  
6.335 0.0530526 0.998627  
6.375 0.0929553 0.995706  
6.395 0.112851 0.993648  
6.435 0.152506 0.988339  
6.455 0.172243 0.985091  
6.495 0.211509 0.977414  
6.515 0.231015 0.972988  
6.555 0.269749 0.962969  
6.575 0.288955 0.957381  
6.615 0.327019 0.945057  
6.635 0.345855 0.938328  
6.675 0.383111 0.923743  
6.695 0.401509 0.915896  
6.735 0.437824 0.899103  
6.755 0.455718 0.890167  
6.795 0.49096 0.871226  
6.815 0.508287 0.861232  
6.855 0.542329 0.840212  
6.875 0.559025 0.829197  
6.915 0.591746 0.806173  
6.935 0.607751 0.794177  
6.975 0.639032 0.769231  
6.995 0.654289 0.756297  
7.035 0.684017 0.72952  
7.055 0.698471 0.715694  
7.095 0.72654 0.687183  
7.115 0.740138 0.672515  
7.155 0.766447 0.642371  
7.175 0.779141 0.626914  
7.215 0.803594 0.595246  
7.235 0.815338 0.579056  
7.275 0.837848 0.545979  
7.295 0.8486 0.529113  
7.335 0.869086 0.494745  
7.355 0.878807 0.477265  
7.395 0.897194 0.441731  
7.415 0.90585 0.423698  
7.455 0.922073 0.387125  
7.475 0.929631 0.368606  
7.515 0.943631 0.331126  
7.535 0.950065 0.312188  
7.575 0.961793 0.273935  
7.595 0.967079 0.254644  
7.635 0.976491 0.215758  
7.655 0.980611 0.196185  
7.695 0.987674 0.156803  
7.715 0.990612 0.137018  
7.755 0.995301 0.0972843  
7.775 0.997047 0.0773588  
7.815 0.999344 0.0374151  
7.835 0.999892 0.0174207  
7.875 0.999789 -0.0225889  
7.895 0.999138 -0.0425802  
7.935 0.996635 -0.0825117  
7.955 0.994786 -0.102428  
7.995 0.989893 -0.142137  
8.015 0.986852 -0.161907  
8.055 0.979586 -0.201251  
8.075 0.975365 -0.220803  
8.115 0.965753 -0.259641  
8.135 0.960367 -0.278904  
8.175 0.948442 -0.317095  
8.195 0.941911 -0.336001  
8.235 0.927717 -0.373408  
8.255 0.920064 -0.391888  
8.295 0.903652 -0.428377  
8.315 0.894904 -0.446365  
8.355 0.876333 -0.481804  
8.375 0.866522 -0.499234  
8.415 0.845859 -0.533495  
8.435 0.83502 -0.550306  
8.475 0.81234 -0.583266  
8.495 0.800512 -0.599397  
8.535 0.775896 -0.630938  
8.555 0.763122 -0.646329  
8.595 0.736658 -0.676337  
8.615 0.722984 -0.690935  
8.655 0.694768 -0.719302  
8.675 0.680243 -0.733053  
8.715 0.650377 -0.759676  
8.735 0.635053 -0.772532  
8.775 0.603644 -0.797316  
8.795 0.587577 -0.80923  
8.835 0.554738 -0.832085  
8.855 0.537985 -0.843014  
8.895 0.503834 -0.863859  
8.915 0.486456 -0.873763  
8.955 0.451117 -0.892522  
8.975 0.433176 -0.901366  
9.015 0.396775 -0.917972  
9.035 0.378336 -0.925723  
9.075 0.341004 -0.940116  
9.095 0.322134 -0.946748  
9.135 0.284006 -0.958876  
9.155 0.264772 -0.964365  
9.195 0.225986 -0.974184  
9.215 0.206457 -0.978509  
9.255 0.167151 -0.985984  
9.275 0.147398 -0.98913  
9.315 0.107715 -0.994235  
9.335 0.0878087 -0.99619  
9.375 0.0478908 -0.998906  
9.395 0.0279031 -0.999664  
9.435 -0.0121057 -0.99998  
9.455 -0.0321029 -0.999538  
9.495 -0.0720588 -0.997454  
9.515 -0.0919934 -0.995814  
9.555 -0.131752 -0.991337  
9.575 -0.151553 -0.988504  
9.615 -0.190972 -0.981651  
9.635 -0.210567 -0.977635  
9.675 -0.249503 -0.96843  
9.695 -0.268822 -0.963247  
9.735 -0.307137 -0.951723  
9.755 -0.32611 -0.94539  
9.795 -0.363665 -0.931589  
9.815 -0.382224 -0.92413  
9.855 -0.418883 -0.908102  
9.875 -0.436961 -0.899542  
9.915 -0.472594 -0.881344  
9.935 -0.490126 -0.871716  
9.975 -0.524602 -0.851414  
9.995 -0.541526 -0.840751  
