0 0 1  
0.000625 0.000625 0.9999998046875  
0.00125 0.001249999755859375 0.9999992187500382  
0.001875 0.001874999023437572 0.9999982421878434  
0.0025 0.002499997558594227 0.9999968750012971  
0.003125 0.003124995117189264 0.9999951171909333  
0.00375 0.003749991455082988 0.9999929687574387  
0.004375 0.004374986328136181 0.9999904297016525  
0.005 0.004999979492210197 0.9999875000245666  
0.005625 0.005624970703167057 0.9999841797273253  
0.006249999999999999 0.006249959716869545 0.9999804688112257  
0.006874999999999999 0.006874946289181304 0.9999763672777173  
0.007499999999999999 0.00749993017596693 0.9999718751284024  
0.008124999999999999 0.008124911133092069 0.9999669923650355  
0.008749999999999999 0.008749888916423511 0.9999617189895241  
0.009375 0.009374863281829285 0.9999560550039281  
0.01 0.009999833985178754 0.99995000041046  
0.010625 0.01062480078234272 0.9999435552114848  
0.01125 0.01124976342919349 0.9999367194095202  
0.011875 0.01187472168160502 0.9999294930072364  
0.0125 0.01249967529545297 0.9999218760074563  
0.013125 0.0131246240266148 0.9999138684131552  
0.01375 0.01374956763096989 0.9999054702274611  
0.014375 0.01437450586439962 0.9998966814536546  
0.015 0.01499943848278748 0.9998875020951687  
0.015625 0.01562436524201913 0.9998779321555893  
0.01625 0.01624928589798254 0.9998679716386544  
0.016875 0.01687420020656805 0.9998576205482549  
0.01750000000000001 0.01749910792366848 0.9998468788884343  
0.01812500000000001 0.01812400880517924 0.9998357466633885  
0.01875000000000001 0.01874890260699838 0.9998242238774659  
0.01937500000000001 0.01937378908502676 0.9998123105351678  
0.02000000000000001 0.01999866799516806 0.9998000066411478  
0.02062500000000001 0.02062353909332893 0.999787312200212  
0.02125000000000001 0.02124840213541909 0.9997742272173192  
0.02187500000000001 0.02187325687735137 0.9997607516975808  
0.02250000000000001 0.02249810307504187 0.9997468856462607  
0.02312500000000001 0.02312294048441003 0.9997326290687751  
0.02375000000000001 0.0237477688613787 0.9997179819706933  
0.02437500000000001 0.02437258796187428 0.9997029443577365  
0.02500000000000001 0.02499739754182678 0.999687516235779  
0.02562500000000001 0.02562219735716994 0.9996716976108474  
0.02625000000000001 0.02624698716384129 0.9996554884891208  
0.02687500000000001 0.02687176671778231 0.9996388888769308  
0.02750000000000001 0.02749653577493846 0.9996218987807617  
0.02812500000000001 0.02812129409125929 0.9996045182072503  
0.02875000000000002 0.02874604142269857 0.9995867471631857  
0.02937500000000002 0.02937077752521435 0.99956858565551  
0.03000000000000002 0.02999550215476906 0.9995500336913173  
0.03062500000000002 0.03062021506732961 0.9995310912778547  
0.03125000000000001 0.03124491601886752 0.9995117584225213  
0.03187500000000001 0.03186960476535893 0.9994920351328691  
0.03250000000000001 0.03249428106278479 0.9994719214166027  
0.03312500000000002 0.0331189446671309 0.9994514172815788  
0.03375000000000002 0.033743595334388 0.9994305227358069  
0.03437500000000002 0.03436823282055192 0.9994092377874489  
0.03500000000000002 0.0349928568816236 0.9993875624448193  
0.03562500000000002 0.03561746727360925 0.999365496716385  
0.03625000000000002 0.03624206375252042 0.9993430406107654  
0.03687500000000002 0.03686664607437407 0.9993201941367325  
0.03750000000000002 0.03749121399519272 0.9992969573032106  
0.03812500000000002 0.03811576727100449 0.9992733301192765  
0.03875000000000002 0.03874030565784324 0.9992493125941598  
0.03937500000000002 0.03936482891174864 0.9992249047372423  
0.04000000000000002 0.03998933678876627 0.9992001065580582  
0.04062500000000002 0.04061382904494771 0.9991749180662944  
0.04125000000000002 0.04123830543635066 0.9991493392717902  
0.04187500000000002 0.041862765719039 0.9991233701845371  
0.04250000000000002 0.0424872096490829 0.9990970108146795  
0.04312500000000002 0.04311163698255895 0.9990702611725139  
0.04375000000000002 0.04373604747555017 0.9990431212684894  
0.04437500000000003 0.0443604408841462 0.9990155911132075  
0.04500000000000003 0.04498481696444335 0.9989876707174222  
0.04562500000000003 0.04560917547254467 0.99895936009204  
0.04625000000000003 0.04623351616456011 0.9989306592481196  
0.04687500000000003 0.04685783879660656 0.9989015681968724  
0.04750000000000003 0.04748214312480796 0.9988720869496619  
0.04812500000000003 0.04810642890529542 0.9988422155180045  
0.04875000000000003 0.04873069589420728 0.9988119539135685  
0.04937500000000003 0.04935494384768922 0.9987813021481748  
0.05000000000000003 0.04997917252189436 0.998750260233797  
0.05062500000000003 0.05060338167298335 0.9987188281825606  
0.05125000000000003 0.05122757105712447 0.9986870060067439  
0.05187500000000003 0.05185174043049372 0.9986547937187773  
0.05250000000000003 0.0524758895492749 0.9986221913312439  
0.05312500000000003 0.05310001816965975 0.9985891988568788  
0.05375000000000003 0.053724126047848 0.9985558163085698  
0.05437500000000003 0.05434821294004749 0.998522043699357  
0.05500000000000003 0.05497227860247425 0.9984878810424328  
0.05562500000000004 0.05559632279135261 0.998453328351142  
0.05625000000000004 0.05622034526291527 0.9984183856389817  
0.05687500000000004 0.05684434577340345 0.9983830529196014  
0.05750000000000004 0.05746832407906691 0.998347330206803  
0.05812500000000004 0.05809227993616412 0.9983112175145407  
0.05875000000000004 0.05871621310096228 0.9982747148569209  
0.05937500000000004 0.05934012332973749 0.9982378222482026  
0.06000000000000004 0.05996401037877478 0.9982005397027969  
0.06062500000000004 0.06058787400436825 0.9981628672352673  
0.06125000000000004 0.06121171396282115 0.9981248048603295  
0.06187500000000004 0.06183553001044597 0.9980863525928518  
0.06250000000000004 0.06245932190356455 0.9980475104478546  
0.06312500000000004 0.06308308939850815 0.9980082784405104  
0.06375000000000004 0.06370683225161758 0.9979686565861445  
0.06437500000000004 0.06433055021924325 0.997928644900234  
0.06500000000000004 0.0649542430577453 0.9978882433984085  
0.06562500000000004 0.06557791052349371 0.9978474520964499  
0.06625000000000004 0.06620155237286834 0.9978062710102922  
0.06687500000000005 0.06682516836225907 0.9977647001560218  
0.06750000000000005 0.0674487582480659 0.9977227395498774  
0.06812500000000005 0.06807232178669897 0.9976803892082499  
0.06875000000000005 0.06869585873457879 0.9976376491476822  
0.06937500000000005 0.06931936884813618 0.9975945193848696  
0.07000000000000005 0.0699428518838125 0.99755099993666  
0.07062500000000005 0.07056630759805965 0.997507090820053  
0.07125000000000005 0.07118973574734024 0.9974627920522005  
0.07187500000000005 0.0718131360881276 0.9974181036504068  
0.07250000000000005 0.07243650837690596 0.9973730256321284  
0.07312500000000005 0.0730598523701705 0.9973275580149737  
0.07375000000000005 0.07368316782442744 0.9972817008167038  
0.07437500000000005 0.07430645449619416 0.9972354540552313  
0.07500000000000005 0.07492971214199928 0.9971888177486216  
0.07562500000000005 0.07555294051838277 0.9971417919150919  
0.07625000000000005 0.076176139381896 0.9970943765730117  
0.07687500000000005 0.07679930848910191 0.9970465717409026  
0.07750000000000005 0.07742244759657503 0.9969983774374384  
0.07812500000000006 0.07804555646090164 0.9969497936814449  
0.07875000000000006 0.07866863483867979 0.9969008204919002  
0.07937500000000006 0.07929168248651949 0.9968514578879345  
0.08000000000000006 0.07991469916104271 0.9968017058888301  
0.08062500000000006 0.08053768461888355 0.9967515645140212  
0.08125000000000006 0.08116063861668829 0.9967010337830945  
0.08187500000000006 0.08178356091111549 0.9966501137157884  
0.08250000000000006 0.08240645125883612 0.9965988043319935  
0.08312500000000006 0.08302930941653361 0.9965471056517528  
0.08375000000000006 0.08365213514090396 0.9964950176952608  
0.08437500000000006 0.08427492818865585 0.9964425404828646  
0.08500000000000006 0.08489768831651073 0.9963896740350631  
0.08562500000000006 0.0855204152812029 0.9963364183725071  
0.08625000000000006 0.08614310883947961 0.9962827735159996  
0.08687500000000006 0.08676576874810116 0.9962287394864957  
0.08750000000000006 0.08738839476384101 0.9961743163051024  
0.08812500000000006 0.08801098664348585 0.9961195039930789  
0.08875000000000006 0.08863354414383569 0.9960643025718361  
0.08937500000000007 0.08925606702170399 0.9960087120629371  
0.09000000000000007 0.08987855503391774 0.9959527324880969  
0.09062500000000007 0.09050100793731752 0.9958963638691827  
0.09125000000000007 0.09112342548875765 0.9958396062282133  
0.09187500000000007 0.09174580744510624 0.9957824595873598  
0.09250000000000007 0.09236815356324532 0.995724923968945  
0.09312500000000007 0.09299046360007092 0.9956669993954437  
0.09375000000000007 0.09361273731249314 0.9956086858894828  
0.09437500000000007 0.09423497445743631 0.995549983473841  
0.09500000000000007 0.09485717479183901 0.995490892171449  
0.09562500000000007 0.09547933807265421 0.9954314120053893  
0.09625000000000007 0.09610146405684937 0.9953715429988963  
0.09687500000000007 0.09672355250140648 0.9953112851753563  
0.09750000000000007 0.09734560316332222 0.9952506385583075  
0.09812500000000007 0.09796761579960804 0.9951896031714401  
0.09875000000000007 0.09858959016729023 0.995128179038596  
0.09937500000000007 0.09921152602341002 0.995066366183769  
0.1000000000000001 0.0998334231250237 0.9950041646311047  
0.1006250000000001 0.1004552812292027 0.9949415744049007  
0.1012500000000001 0.1010771000930336 0.9948785955296062  
0.1018750000000001 0.1016988794736185 0.9948152280298224  
0.1025000000000001 0.1023206191280748 0.9947514719303021  
0.1031250000000001 0.1029423188135353 0.9946873272559502  
0.1037500000000001 0.1035639782871486 0.9946227940318232  
0.1043750000000001 0.104185597306079 0.9945578722831293  
0.1050000000000001 0.1048071756275065 0.9944925620352286  
0.1056250000000001 0.105428713008627 0.9944268633136329  
0.1062500000000001 0.1060502092066525 0.9943607761440059  
0.1068750000000001 0.106671663978811 0.9942943005521626  
0.1075000000000001 0.1072930770823467 0.9942274365640703  
0.1081250000000001 0.1079144482745202 0.9941601842058476  
0.1087500000000001 0.1085357773126081 0.9940925435037651  
0.1093750000000001 0.109157063953904 0.9940245144842448  
0.1100000000000001 0.1097783079557176 0.9939560971738606  
0.1106250000000001 0.1103995090753755 0.993887291599338  
0.1112500000000001 0.111020667070221 0.9938180977875543  
0.1118750000000001 0.1116417816976141 0.9937485157655381  
0.1125000000000001 0.1122628527149321 0.9936785455604701  
0.1131250000000001 0.112883879879569 0.9936081871996824  
0.1137500000000001 0.113504862948936 0.9935374407106585  
0.1143750000000001 0.1141258016804616 0.993466306121034  
0.1150000000000001 0.1147466958315916 0.9933947834585959  
0.1156250000000001 0.1153675451597892 0.9933228727512825  
0.1162500000000001 0.1159883494225351 0.9932505740271841  
0.1168750000000001 0.1166091083773276 0.9931778873145423  
0.1175000000000001 0.1172298217816827 0.9931048126417503  
0.1181250000000001 0.1178504893931342 0.9930313500373531  
0.1187500000000001 0.1184711109692339 0.9929574995300469  
0.1193750000000001 0.1190916862675513 0.9928832611486794  
0.1200000000000001 0.1197122150456743 0.9928086349222502  
0.1206250000000001 0.1203326970612087 0.9927336208799102  
0.1212500000000001 0.1209531320717787 0.9926582190509616  
0.1218750000000001 0.1215735198350269 0.9925824294648583  
0.1225000000000001 0.1221938601086144 0.9925062521512057  
0.1231250000000001 0.1228141526502206 0.9924296871397604  
0.1237500000000001 0.1234343972175437 0.9923527344604308  
0.1243750000000001 0.1240545935683008 0.9922753941432764  
0.1250000000000001 0.1246747414602276 0.9921976662185082  
0.1256250000000001 0.1252948406510787 0.9921195507164889  
0.1262500000000001 0.1259148908986279 0.9920410476677323  
0.126875 0.1265348919606681 0.9919621571029035  
0.1275 0.1271548435950114 0.9918828790528192  
0.128125 0.127774745559489 0.9918032135484476  
0.12875 0.1283945976119518 0.9917231606209077  
0.129375 0.12901439951027 0.9916427203014704  
0.13 0.1296341510123335 0.9915618926215577  
0.130625 0.1302538518760518 0.9914806776127428  
0.13125 0.1308735018593544 0.9913990753067504  
0.1318749999999999 0.1314931007201902 0.9913170857354564  
0.1324999999999999 0.1321126482165287 0.9912347089308879  
0.1331249999999999 0.1327321441063589 0.9911519449252235  
0.1337499999999999 0.1333515881476902 0.9910687937507928  
0.1343749999999999 0.1339709800985524 0.9909852554400768  
0.1349999999999999 0.1345903197169954 0.9909013300257075  
0.1356249999999999 0.1352096067610897 0.9908170175404684  
0.1362499999999998 0.1358288409889261 0.9907323180172939  
0.1368749999999998 0.1364480221586165 0.9906472314892699  
0.1374999999999998 0.1370671500282929 0.9905617579896334  
0.1381249999999998 0.1376862243561087 0.9904758975517723  
0.1387499999999998 0.1383052449002379 0.990389650209226  
0.1393749999999998 0.1389242114188755 0.9903030159956848  
0.1399999999999998 0.1395431236702377 0.9902159949449902  
0.1406249999999998 0.140161981412562 0.9901285870911348  
0.1412499999999997 0.140780784404107 0.9900407924682623  
0.1418749999999997 0.1413995324031527 0.9899526111106675  
0.1424999999999997 0.1420182251680007 0.9898640430527962  
0.1431249999999997 0.1426368624569741 0.9897750883292453  
0.1437499999999997 0.1432554440284177 0.9896857469747627  
0.1443749999999997 0.143873969640698 0.9895960190242475  
0.1449999999999997 0.1444924390522034 0.9895059045127497  
0.1456249999999996 0.1451108520213444 0.9894154034754701  
0.1462499999999996 0.1457292083065533 0.9893245159477607  
0.1468749999999996 0.1463475076662846 0.9892332419651246  
0.1474999999999996 0.1469657498590152 0.9891415815632156  
0.1481249999999996 0.1475839346432442 0.9890495347778386  
0.1487499999999996 0.1482020617774931 0.9889571016449493  
0.1493749999999996 0.148820131020306 0.9888642822006545  
0.1499999999999996 0.1494381421302496 0.9887710764812117  
0.1506249999999995 0.1500560948659132 0.9886774845230294  
0.1512499999999995 0.1506739889859091 0.988583506362667  
0.1518749999999995 0.1512918242488722 0.9884891420368347  
0.1524999999999995 0.1519096004134609 0.9883943915823936  
0.1531249999999995 0.152527317238356 0.9882992550363556  
0.1537499999999995 0.1531449744822621 0.9882037324358834  
0.1543749999999995 0.1537625719039067 0.9881078238182905  
0.1549999999999994 0.1543801092620408 0.9880115292210413  
0.1556249999999994 0.1549975863154389 0.9879148486817507  
0.1562499999999994 0.1556150028228989 0.9878177822381847  
0.1568749999999994 0.1562323585432425 0.9877203299282599  
0.1574999999999994 0.1568496532353152 0.9876224917900434  
0.1581249999999994 0.1574668866579861 0.9875242678617534  
0.1587499999999994 0.1580840585701484 0.9874256581817586  
0.1593749999999994 0.1587011687307193 0.9873266627885784  
0.1599999999999993 0.1593182168986401 0.9872272817208828  
0.1606249999999993 0.1599352028328765 0.9871275150174927  
0.1612499999999993 0.1605521262924181 0.9870273627173795  
0.1618749999999993 0.1611689870362793 0.9869268248596649  
0.1624999999999993 0.1617857848234988 0.9868259014836217  
0.1631249999999993 0.16240251941314 0.9867245926286732  
0.1637499999999993 0.1630191905642908 0.986622898334393  
0.1643749999999992 0.1636357980360642 0.9865208186405054  
0.1649999999999992 0.1642523415875977 0.9864183535868856  
0.1656249999999992 0.164868820978054 0.9863155032135587  
0.1662499999999992 0.1654852359666209 0.9862122675607007  
0.1668749999999992 0.1661015863125112 0.9861086466686381  
0.1674999999999992 0.166717871774963 0.9860046405778476  
0.1681249999999992 0.1673340921132398 0.9859002493289569  
0.1687499999999992 0.1679502470866305 0.9857954729627437  
0.1693749999999991 0.1685663364544496 0.9856903115201363  
0.1699999999999991 0.1691823599760371 0.9855847650422133  
0.1706249999999991 0.1697983174107588 0.9854788335702038  
0.1712499999999991 0.1704142085180063 0.9853725171454875  
0.1718749999999991 0.1710300330571971 0.9852658158095939  
0.1724999999999991 0.1716457907877748 0.9851587296042036  
0.1731249999999991 0.1722614814692089 0.9850512585711468  
0.173749999999999 0.1728771048609953 0.9849434027524047  
0.174374999999999 0.173492660722656 0.9848351621901081  
0.174999999999999 0.1741081488137395 0.9847265369265389  
0.175624999999999 0.1747235688938208 0.9846175270041285  
0.176249999999999 0.1753389207225013 0.9845081324654591  
0.176874999999999 0.1759542040594093 0.9843983533532629  
0.177499999999999 0.1765694186641996 0.9842881897104223  
0.178124999999999 0.177184564296554 0.9841776415799701  
0.1787499999999989 0.1777996407161813 0.9840667090050892  
0.1793749999999989 0.1784146476828171 0.9839553920291125  
0.1799999999999989 0.1790295849562244 0.9838436906955232  
0.1806249999999989 0.1796444522961933 0.9837316050479548  
0.1812499999999989 0.1802592494625412 0.9836191351301905  
0.1818749999999989 0.1808739762151129 0.9835062809861641  
0.1824999999999989 0.1814886323137808 0.9833930426599592  
0.1831249999999988 0.1821032175184447 0.9832794201958094  
0.1837499999999988 0.1827177315890325 0.9831654136380986  
0.1843749999999988 0.1833321742854993 0.9830510230313606  
0.1849999999999988 0.1839465453678286 0.9829362484202793  
0.1856249999999988 0.1845608445960316 0.9828210898496883  
0.1862499999999988 0.1851750717301477 0.9827055473645717  
0.1868749999999988 0.1857892265302444 0.9825896210100632  
0.1874999999999988 0.1864033087564174 0.9824733108314464  
0.1881249999999987 0.1870173181687908 0.9823566168741551  
0.1887499999999987 0.1876312545275172 0.9822395391837728  
0.1893749999999987 0.1882451175927776 0.9821220778060331  
0.1899999999999987 0.1888589071247819 0.9820042327868193  
0.1906249999999987 0.1894726228837684 0.9818860041721645  
0.1912499999999987 0.1900862646300043 0.981767392008252  
0.1918749999999987 0.1906998321237859 0.9816483963414145  
0.1924999999999986 0.1913133251254383 0.9815290172181348  
0.1931249999999986 0.1919267433953158 0.9814092546850453  
0.1937499999999986 0.1925400866938019 0.9812891087889282  
0.1943749999999986 0.1931533547813093 0.9811685795767154  
0.1949999999999986 0.1937665474182802 0.981047667095489  
0.1956249999999986 0.1943796643651861 0.9809263713924801  
0.1962499999999986 0.1949927053825282 0.98080469251507  
0.1968749999999986 0.1956056702308373 0.9806826305107894  
0.1974999999999985 0.1962185586706741 0.9805601854273188  
0.1981249999999985 0.1968313704626289 0.9804373573124884  
0.1987499999999985 0.1974441053673222 0.9803141462142779  
0.1993749999999985 0.1980567631454043 0.9801905521808166  
0.1999999999999985 0.1986693435575557 0.9800665752603835  
0.2006249999999985 0.1992818463644873 0.9799422155014071  
0.2012499999999985 0.19989427132694 0.9798174729524654  
0.2018749999999984 0.2005066182056855 0.9796923476622859  
0.2024999999999984 0.2011188867615255 0.9795668396797457  
0.2031249999999984 0.2017310767552928 0.9794409490538714  
0.2037499999999984 0.2023431879478506 0.9793146758338389  
0.2043749999999984 0.2029552201000928 0.9791880200689739  
0.2049999999999984 0.2035671729729445 0.9790609818087511  
0.2056249999999984 0.2041790463273615 0.9789335611027951  
0.2062499999999984 0.2047908399243308 0.9788057580008793  
0.2068749999999983 0.2054025535248704 0.978677572552927  
0.2074999999999983 0.2060141868900297 0.9785490048090105  
0.2081249999999983 0.2066257397808895 0.9784200548193518  
0.2087499999999983 0.2072372119585618 0.9782907226343218  
0.2093749999999983 0.2078486031841903 0.978161008304441  
0.2099999999999983 0.2084599132189502 0.9780309118803789  
0.2106249999999983 0.2090711418240487 0.9779004334129546  
0.2112499999999982 0.2096822887607244 0.9777695729531362  
0.2118749999999982 0.2102933537902481 0.977638330552041  
0.2124999999999982 0.2109043366739224 0.9775067062609356  
0.2131249999999982 0.2115152371730823 0.9773747001312358  
0.2137499999999982 0.2121260550490945 0.9772423122145065  
0.2143749999999982 0.2127367900633585 0.9771095425624617  
0.2149999999999982 0.2133474419773057 0.9769763912269646  
0.2156249999999982 0.2139580105524003 0.9768428582600274  
0.2162499999999981 0.2145684955501389 0.9767089437138113  
0.2168749999999981 0.2151788967320507 0.976574647640627  
0.2174999999999981 0.2157892138596978 0.9764399700929336  
0.2181249999999981 0.2163994466946751 0.9763049111233396  
0.2187499999999981 0.2170095949986103 0.9761694707846025  
0.2193749999999981 0.2176196585331641 0.9760336491296285  
0.2199999999999981 0.2182296370600305 0.9758974462114732  
0.220624999999998 0.2188395303409367 0.9757608620833408  
0.221249999999998 0.2194493381376431 0.9756238967985843  
0.221874999999998 0.2200590602119433 0.975486550410706  
0.222499999999998 0.2206686963256648 0.9753488229733567  
0.223124999999998 0.2212782462406684 0.9752107145403361  
0.223749999999998 0.2218877097188487 0.975072225165593  
0.224374999999998 0.2224970865221338 0.9749333549032247  
0.224999999999998 0.2231063764124862 0.9747941038074776  
0.2256249999999979 0.2237155791519017 0.9746544719327463  
0.2262499999999979 0.2243246945024106 0.9745144593335748  
0.2268749999999979 0.2249337222260772 0.9743740660646555  
0.2274999999999979 0.225542662085 0.9742332921808294  
0.2281249999999979 0.2261515138413118 0.9740921377370865  
0.2287499999999979 0.22676027725718 0.973950602788565  
0.2293749999999979 0.2273689520948061 0.9738086873905522  
0.2299999999999978 0.2279775381164268 0.9736663915984837  
0.2306249999999978 0.2285860350843129 0.9735237154679438  
0.2312499999999978 0.2291944427607704 0.9733806590546654  
0.2318749999999978 0.22980276090814 0.9732372224145299  
0.2324999999999978 0.2304109892887973 0.9730934056035674  
0.2331249999999978 0.2310191276651532 0.9729492086779561  
0.2337499999999978 0.2316271757996536 0.9728046316940231  
0.2343749999999978 0.2322351334547796 0.9726596747082437  
0.2349999999999977 0.2328430003930477 0.9725143377772417  
0.2356249999999977 0.2334507763770099 0.9723686209577894  
0.2362499999999977 0.2340584611692538 0.9722225243068076  
0.2368749999999977 0.2346660545324024 0.972076047881365  
0.2374999999999977 0.2352735562291144 0.9719291917386792  
0.2381249999999977 0.2358809660220847 0.9717819559361157  
0.2387499999999977 0.2364882836740436 0.9716343405311887  
0.2393749999999976 0.2370955089477577 0.9714863455815603  
0.2399999999999976 0.2377026416060296 0.9713379711450411  
0.2406249999999976 0.238309681411698 0.9711892172795898  
0.2412499999999976 0.2389166281276381 0.9710400840433135  
0.2418749999999976 0.2395234815167612 0.9708905714944673  
0.2424999999999976 0.2401302413420153 0.9707406796914546  
0.2431249999999976 0.2407369073663847 0.9705904086928269  
0.2437499999999976 0.2413434793528905 0.9704397585572837  
0.2443749999999975 0.2419499570645905 0.9702887293436728  
0.2449999999999975 0.2425563402645793 0.97013732111099  
0.2456249999999975 0.2431626287159885 0.9699855339183792  
0.2462499999999975 0.2437688221819866 0.9698333678251321  
0.2468749999999975 0.2443749204257792 0.9696808228906887  
0.2474999999999975 0.2449809232106092 0.9695278991746369  
0.2481249999999975 0.2455868302997568 0.9693745967367124  
0.2487499999999974 0.2461926414565395 0.9692209156367991  
0.2493749999999974 0.2467983564443122 0.9690668559349287  
0.2499999999999974 0.2474039750264675 0.9689124176912807  
0.2506249999999974 0.2480094969664357 0.9687576009661826  
0.2512499999999974 0.2486149220276847 0.9686024058201096  
0.2518749999999974 0.2492202499737203 0.9684468323136849  
0.2524999999999974 0.2498254805680863 0.9682908805076794  
0.2531249999999974 0.2504306135743644 0.9681345504630118  
0.2537499999999974 0.2510356487561746 0.9679778422407485  
0.2543749999999974 0.2516405858771749 0.9678207559021035  
0.2549999999999973 0.2522454247010618 0.9676632915084389  
0.2556249999999973 0.25285016499157 0.9675054491212641  
0.2562499999999973 0.253454806512473 0.9673472288022363  
0.2568749999999973 0.2540593490275825 0.9671886306131604  
0.2574999999999973 0.2546637923007491 0.9670296546159888  
0.2581249999999973 0.2552681360958621 0.9668703008728214  
0.2587499999999973 0.2558723801768498 0.9667105694459059  
0.2593749999999972 0.2564765243076793 0.9665504603976374  
0.2599999999999972 0.2570805682523566 0.9663899737905582  
0.2606249999999972 0.2576845117749272 0.9662291096873588  
0.2612499999999972 0.2582883546394756 0.9660678681508764  
0.2618749999999972 0.2588920966101257 0.9659062492440963  
0.2624999999999972 0.2594957374510407 0.9657442530301507  
0.2631249999999972 0.2600992769264233 0.9655818795723193  
0.2637499999999972 0.2607027148005159 0.9654191289340295  
0.2643749999999971 0.2613060508376007 0.9652560011788556  
0.2649999999999971 0.2619092848019994 0.9650924963705193  
0.2656249999999971 0.2625124164580738 0.9649286145728898  
0.2662499999999971 0.2631154455702255 0.9647643558499834  
0.2668749999999971 0.2637183719028963 0.9645997202659637  
0.2674999999999971 0.264321195220568 0.9644347078851415  
0.2681249999999971 0.2649239152877628 0.9642693187719747  
0.268749999999997 0.2655265318690431 0.9641035529910685  
0.269374999999997 0.2661290447290117 0.9639374106071752  
0.269999999999997 0.2667314536323122 0.963770891685194  
0.270624999999997 0.2673337583436284 0.9636039962901716  
0.271249999999997 0.267935958627685 0.9634367244873013  
0.271874999999997 0.2685380542492477 0.9632690763419238  
0.272499999999997 0.2691400449731227 0.9631010519195266  
0.273124999999997 0.2697419305641574 0.9629326512857441  
0.2737499999999969 0.2703437107872401 0.962763874506358  
0.2743749999999969 0.2709453854073006 0.9625947216472968  
0.2749999999999969 0.2715469541893095 0.9624251927746357  
0.2756249999999969 0.2721484168982792 0.9622552879545969  
0.2762499999999969 0.2727497732992631 0.9620850072535496  
0.2768749999999969 0.2733510231573565 0.9619143507380096  
0.2774999999999969 0.273952166237696 0.9617433184746396  
0.2781249999999968 0.2745532023054602 0.9615719105302492  
0.2787499999999968 0.2751541311258693 0.9614001269717944  
0.2793749999999968 0.2757549524641854 0.9612279678663784  
0.2799999999999968 0.2763556660857128 0.9610554332812509  
0.2806249999999968 0.2769562717557975 0.960882523283808  
0.2812499999999968 0.2775567692398281 0.9607092379415928  
0.2818749999999968 0.2781571583032351 0.9605355773222949  
0.2824999999999968 0.2787574387114915 0.9603615414937504  
0.2831249999999967 0.2793576102301129 0.9601871305239421  
0.2837499999999967 0.2799576726246571 0.9600123444809994  
0.2843749999999967 0.2805576256607248 0.9598371834331979  
0.2849999999999967 0.2811574691039593 0.9596616474489601  
0.2856249999999967 0.2817572027200467 0.9594857365968547  
0.2862499999999967 0.282356826274716 0.9593094509455967  
0.2868749999999967 0.2829563395337394 0.9591327905640479  
0.2874999999999966 0.2835557422629318 0.9589557555212161  
0.2881249999999966 0.2841550342281517 0.9587783458862558  
0.2887499999999966 0.2847542151953005 0.9586005617284675  
0.2893749999999966 0.2853532849303231 0.9584224031172982  
0.2899999999999966 0.285952243199208 0.9582438701223411  
0.2906249999999966 0.2865510897679869 0.9580649628133358  
0.2912499999999966 0.2871498244027356 0.9578856812601677  
0.2918749999999966 0.2877484468695731 0.9577060255328689  
0.2924999999999965 0.2883469569346626 0.9575259957016172  
0.2931249999999965 0.2889453543642111 0.9573455918367371  
0.2937499999999965 0.2895436389244695 0.9571648140086986  
0.2943749999999965 0.290141810381733 0.956983662288118  
0.2949999999999965 0.2907398685023408 0.9568021367457579  
0.2956249999999965 0.2913378130526763 0.9566202374525266  
0.2962499999999965 0.2919356437991675 0.9564379644794785  
0.2968749999999964 0.2925333605082868 0.956255317897814  
0.2974999999999964 0.2931309629465509 0.9560722977788796  
0.2981249999999964 0.2937284508805215 0.9558889041941674  
0.2987499999999964 0.2943258240768048 0.9557051372153155  
0.2993749999999964 0.2949230823020518 0.9555209969141079  
0.2999999999999964 0.2955202253229586 0.9553364833624743  
0.3006249999999964 0.2961172529062662 0.9551515966324906  
0.3012499999999964 0.2967141648187605 0.954966336796378  
0.3018749999999963 0.2973109608272729 0.9547807039265036  
0.3024999999999963 0.29790764069868 0.9545946980953803  
0.3031249999999963 0.2985042041999035 0.9544083193756667  
0.3037499999999963 0.299100651097911 0.9542215678401669  
0.3043749999999963 0.2996969811597152 0.9540344435618308  
0.3049999999999963 0.3002931941523747 0.9538469466137537  
0.3056249999999963 0.3008892898429938 0.9536590770691767  
0.3062499999999962 0.3014852679987226 0.9534708350014863  
0.3068749999999962 0.3020811283867571 0.9532822204842146  
0.3074999999999962 0.3026768707743394 0.9530932335910393  
0.3081249999999962 0.3032724949287574 0.9529038743957831  
0.3087499999999962 0.3038680006173456 0.9527141429724146  
0.3093749999999962 0.3044633876074845 0.9525240393950477  
0.3099999999999962 0.305058655666601 0.9523335637379415  
0.3106249999999962 0.3056538045621686 0.9521427160755007  
0.3112499999999961 0.3062488340617071 0.9519514964822752  
0.3118749999999961 0.3068437439327831 0.9517599050329599  
0.3124999999999961 0.30743853394301 0.9515679418023955  
0.3131249999999961 0.3080332038600478 0.9513756068655674  
0.3137499999999961 0.3086277534516036 0.9511829002976067  
0.3143749999999961 0.3092221824854315 0.9509898221737892  
0.3149999999999961 0.3098164907293326 0.9507963725695362  
0.315624999999996 0.3104106779511553 0.9506025515604138  
0.316249999999996 0.311004743918795 0.9504083592221335  
0.316874999999996 0.3115986884001948 0.9502137956305516  
0.317499999999996 0.3121925111633451 0.9500188608616695  
0.318124999999996 0.3127862119762838 0.9498235549916337  
0.318749999999996 0.3133797906070965 0.9496278780967354  
0.319374999999996 0.3139732468239166 0.949431830253411  
0.319999999999996 0.3145665803949252 0.9492354115382418  
0.3206249999999959 0.3151597910883513 0.9490386220279536  
0.3212499999999959 0.3157528786724721 0.9488414617994175  
0.3218749999999959 0.3163458429156127 0.9486439309296493  
0.3224999999999959 0.3169386835861463 0.9484460294958093  
0.3231249999999959 0.3175314004524946 0.9482477575752027  
0.3237499999999959 0.3181239932831274 0.9480491152452798  
0.3243749999999959 0.3187164618465633 0.947850102583635  
0.3249999999999958 0.3193088059113691 0.9476507196680077  
0.3256249999999958 0.3199010252461604 0.9474509665762819  
0.3262499999999958 0.3204931196196016 0.9472508433864861  
0.3268749999999958 0.3210850888004058 0.9470503501767935  
0.3274999999999958 0.3216769325573349 0.9468494870255217  
0.3281249999999958 0.3222686506591999 0.946648254011133  
0.3287499999999958 0.322860242874861 0.9464466512122338  
0.3293749999999958 0.3234517089732275 0.9462446787075754  
0.3299999999999957 0.3240430487232578 0.9460423365760534  
0.3306249999999957 0.3246342618939599 0.9458396248967075  
0.3312499999999957 0.3252253482543911 0.945636543748722  
0.3318749999999957 0.3258163075736582 0.9454330932114255  
0.3324999999999957 0.3264071396209178 0.945229273364291  
0.3331249999999957 0.326997844165376 0.9450250842869354  
0.3337499999999957 0.3275884209762889 0.9448205260591203  
0.3343749999999956 0.3281788698229623 0.9446155987607511  
0.3349999999999956 0.3287691904747523 0.9444103024718776  
0.3356249999999956 0.3293593827010647 0.9442046372726937  
0.3362499999999956 0.3299494462713557 0.9439986032435372  
0.3368749999999956 0.3305393809551317 0.9437922004648904  
0.3374999999999956 0.3311291865219494 0.9435854290173793  
0.3381249999999956 0.331718862741416 0.943378288981774  
0.3387499999999956 0.3323084093831892 0.9431707804389885  
0.3393749999999955 0.3328978262169774 0.9429629034700809  
0.3399999999999955 0.3334871130125395 0.9427546581562533  
0.3406249999999955 0.3340762695396854 0.9425460445788513  
0.3412499999999955 0.3346652955682758 0.9423370628193647  
0.3418749999999955 0.3352541908682224 0.942127712959427  
0.3424999999999955 0.3358429552094879 0.9419179950808154  
0.3431249999999955 0.3364315883620862 0.9417079092654511  
0.3437499999999954 0.3370200900960825 0.9414974555953988  
0.3443749999999954 0.3376084601815933 0.941286634152867  
0.3449999999999954 0.3381966983887865 0.9410754450202077  
0.3456249999999954 0.3387848044878815 0.9408638882799168  
0.3462499999999954 0.3393727782491493 0.9406519640146337  
0.3468749999999954 0.3399606194429127 0.9404396723071412  
0.3474999999999954 0.3405483278395461 0.9402270132403658  
0.3481249999999954 0.3411359032094761 0.9400139868973776  
0.3487499999999953 0.3417233453231808 0.9398005933613899  
0.3493749999999953 0.3423106539511908 0.9395868327157595  
0.3499999999999953 0.3428978288640885 0.9393727050439867  
0.3506249999999953 0.3434848698325088 0.9391582104297153  
0.3512499999999953 0.3440717766271387 0.9389433489567319  
0.3518749999999953 0.3446585490187178 0.9387281207089672  
0.3524999999999953 0.3452451867780381 0.9385125257704944  
0.3531249999999952 0.3458316896759441 0.9382965642255304  
0.3537499999999952 0.3464180574833332 0.9380802361584353  
0.3543749999999952 0.3470042899711553 0.9378635416537121  
0.3549999999999952 0.3475903869104136 0.9376464807960072  
0.3556249999999952 0.3481763480721636 0.9374290536701099  
0.3562499999999952 0.3487621732275145 0.9372112603609527  
0.3568749999999952 0.3493478621476281 0.9369931009536112  
0.3574999999999952 0.3499334146037197 0.9367745755333039  
0.3581249999999951 0.350518830367058 0.9365556841853923  
0.3587499999999951 0.3511041092089648 0.9363364269953808  
0.3593749999999951 0.3516892509008156 0.9361168040489167  
0.3599999999999951 0.3522742552140394 0.9358968154317904  
0.3606249999999951 0.3528591219201188 0.9356764612299349  
0.3612499999999951 0.3534438507905902 0.935455741529426  
0.3618749999999951 0.354028441597044 0.9352346564164824  
0.362499999999995 0.3546128941111243 0.9350132059774654  
0.363124999999995 0.3551972081045293 0.9347913902988791  
0.363749999999995 0.3557813833490114 0.9345692094673704  
0.364374999999995 0.3563654196163771 0.9343466635697286  
0.364999999999995 0.3569493166784871 0.9341237526928856  
0.365624999999995 0.3575330743072568 0.9339004769239161  
0.366249999999995 0.3581166922746556 0.9336768363500372  
0.366874999999995 0.358700170352708 0.9334528310586084  
0.3674999999999949 0.3592835083134926 0.9332284611371319  
0.3681249999999949 0.3598667059291431 0.9330037266732522  
0.3687499999999949 0.3604497629718479 0.9327786277547561  
0.3693749999999949 0.3610326792138503 0.9325531644695729  
0.3699999999999949 0.3616154544274486 0.9323273369057743  
0.3706249999999949 0.3621980883849963 0.9321011451515742  
0.3712499999999949 0.3627805808589019 0.9318745892953286  
0.3718749999999948 0.3633629316216292 0.9316476694255361  
0.3724999999999948 0.3639451404456976 0.9314203856308372  
0.3731249999999948 0.3645272071036817 0.9311927380000146  
0.3737499999999948 0.3651091313682115 0.9309647266219931  
0.3743749999999948 0.3656909130119731 0.9307363515858399  
0.3749999999999948 0.3662725518077078 0.9305076129807638  
0.3756249999999948 0.366854047528213 0.9302785108961158  
0.3762499999999948 0.3674353999463419 0.930049045421389  
0.3768749999999947 0.3680166088350037 0.9298192166462184  
0.3774999999999947 0.3685976739671637 0.9295890246603807  
0.3781249999999947 0.3691785951158432 0.9293584695537949  
0.3787499999999947 0.36975937205412 0.9291275514165214  
0.3793749999999947 0.3703400045551279 0.9288962703387627  
0.3799999999999947 0.3709204923920575 0.9286646264108629  
0.3806249999999947 0.3715008353381556 0.928432619723308  
0.3812499999999946 0.3720810331667258 0.9282002503667256  
0.3818749999999946 0.3726610856511282 0.927967518431885  
0.3824999999999946 0.3732409925647798 0.9277344240096971  
0.3831249999999946 0.3738207536811545 0.9275009671912144  
0.3837499999999946 0.3744003687737831 0.9272671480676311  
0.3843749999999946 0.3749798376162533 0.9270329667302827  
0.3849999999999946 0.3755591599822102 0.9267984232706462  
0.3856249999999946 0.3761383356453559 0.9265635177803403  
0.3862499999999945 0.3767173643794499 0.9263282503511249  
0.3868749999999945 0.3772962459583091 0.9260926210749013  
0.3874999999999945 0.3778749801558079 0.9258566300437123  
0.3881249999999945 0.3784535667458782 0.9256202773497418  
0.3887499999999945 0.3790320055025095 0.9253835630853152  
0.3893749999999945 0.3796102961997492 0.9251464873428989  
0.3899999999999945 0.3801884386117025 0.9249090502151008  
0.3906249999999944 0.3807664325125326 0.9246712517946697  
0.3912499999999944 0.3813442776764604 0.9244330921744955  
0.3918749999999944 0.3819219738777652 0.9241945714476094  
0.3924999999999944 0.3824995208907844 0.9239556897071836  
0.3931249999999944 0.3830769184899138 0.9237164470465312  
0.3937499999999944 0.3836541664496072 0.9234768435591064  
0.3943749999999944 0.3842312645443773 0.9232368793385044  
0.3949999999999944 0.384808212548795 0.9229965544784612  
0.3956249999999943 0.38538501023749 0.9227558690728537  
0.3962499999999943 0.3859616573851507 0.9225148232156996  
0.3968749999999943 0.3865381537665243 0.9222734170011574  
0.3974999999999943 0.3871144991564168 0.9220316505235265  
0.3981249999999943 0.3876906933296934 0.921789523877247  
0.3987499999999943 0.3882667360612782 0.9215470371568996  
0.3993749999999943 0.3888426271261543 0.9213041904572056  
0.3999999999999942 0.3894183662993644 0.921060983873027  
0.4006249999999942 0.3899939533560104 0.9208174174993665  
0.4012499999999942 0.3905693880712535 0.9205734914313671  
0.4018749999999942 0.3911446702203145 0.9203292057643125  
0.4024999999999942 0.3917197995784737 0.9200845605936269  
0.4031249999999942 0.3922947759210714 0.9198395560148745  
0.4037499999999942 0.3928695990235073 0.9195941921237606  
0.4043749999999942 0.3934442686612411 0.9193484690161302  
0.4049999999999941 0.3940187846097924 0.9191023867879691  
0.4056249999999941 0.394593146644741 0.9188559455354031  
0.4062499999999941 0.3951673545417267 0.9186091453546983  
0.4068749999999941 0.3957414080764494 0.918361986342261  
0.4074999999999941 0.3963153070246695 0.9181144685946377  
0.4081249999999941 0.3968890511622078 0.9178665922085152  
0.4087499999999941 0.3974626402649453 0.9176183572807201  
0.409374999999994 0.3980360741088239 0.917369763908219  
0.409999999999994 0.3986093524698457 0.917120812188119  
0.410624999999994 0.3991824751240742 0.9168715022176668  
0.411249999999994 0.3997554418476331 0.9166218340942489  
0.411874999999994 0.4003282524167072 0.9163718079153922  
0.412499999999994 0.4009009066075425 0.916121423778763  
0.413124999999994 0.4014734041964459 0.9158706817821678  
0.413749999999994 0.4020457449597856 0.9156195820235524  
0.4143749999999939 0.4026179286739907 0.9153681246010029  
0.4149999999999939 0.4031899551155522 0.9151163096127448  
0.4156249999999939 0.403761824061022 0.9148641371571433  
0.4162499999999939 0.404333535287014 0.9146116073327034  
0.4168749999999939 0.4049050885702033 0.9143587202380695  
0.4174999999999939 0.405476483687327 0.9141054759720256  
0.4181249999999939 0.4060477204151838 0.9138518746334953  
0.4187499999999938 0.4066187985306343 0.9135979163215415  
0.4193749999999938 0.4071897178106012 0.9133436011353668  
0.4199999999999938 0.4077604780320691 0.9130889291743131  
0.4206249999999938 0.4083310789720846 0.9128339005378615  
0.4212499999999938 0.408901520407757 0.9125785153256327  
0.4218749999999938 0.4094718021162573 0.9123227736373866  
0.4224999999999938 0.4100419238748193 0.9120666755730221  
0.4231249999999938 0.4106118854607392 0.9118102212325778  
0.4237499999999937 0.4111816866513757 0.911553410716231  
0.4243749999999937 0.4117513272241501 0.9112962441242983  
0.4249999999999937 0.4123208069565467 0.9110387215572355  
0.4256249999999937 0.4128901256261124 0.9107808431156373  
0.4262499999999937 0.413459283010457 0.9105226089002376  
0.4268749999999937 0.4140282788872534 0.910264019011909  
0.4274999999999937 0.4145971130342376 0.9100050735516633  
0.4281249999999936 0.4151657852292088 0.9097457726206509  
0.4287499999999936 0.4157342952500293 0.9094861163201614  
0.4293749999999936 0.4163026428746248 0.909226104751623  
0.4299999999999936 0.4168708278809846 0.9089657380166027  
0.4306249999999936 0.4174388500471614 0.9087050162168064  
0.4312499999999936 0.4180067091512715 0.9084439394540785  
0.4318749999999936 0.418574404971495 0.9081825078304021  
0.4324999999999936 0.4191419372860755 0.9079207214478988  
0.4331249999999935 0.4197093058733208 0.9076585804088291  
0.4337499999999935 0.4202765105116025 0.9073960848155918  
0.4343749999999935 0.4208435509793563 0.9071332347707242  
0.4349999999999935 0.4214104270550819 0.9068700303769022  
0.4356249999999935 0.4219771385173434 0.90660647173694  
0.4362499999999935 0.4225436851447691 0.9063425589537901  
0.4368749999999935 0.4231100667160518 0.9060782921305436  
0.4374999999999934 0.4236762830099485 0.9058136713704297  
0.4381249999999934 0.424242333805281 0.9055486967768158  
0.4387499999999934 0.4248082188809357 0.9052833684532077  
0.4393749999999934 0.4253739380158637 0.9050176865032492  
0.4399999999999934 0.4259394909890809 0.9047516510307224  
0.4406249999999934 0.4265048775796683 0.9044852621395474  
0.4412499999999934 0.4270700975667716 0.9042185199337823  
0.4418749999999934 0.4276351507296017 0.9039514245176234  
0.4424999999999933 0.4282000368474349 0.9036839759954048  
0.4431249999999933 0.4287647556996123 0.9034161744715986  
0.4437499999999933 0.4293293070655407 0.9031480200508147  
0.4443749999999933 0.4298936907246921 0.9028795128378011  
0.4449999999999933 0.4304579064566043 0.9026106529374434  
0.4456249999999933 0.4310219540408803 0.9023414404547648  
0.4462499999999933 0.4315858332571892 0.9020718754949267  
0.4468749999999932 0.4321495438852654 0.9018019581632278  
0.4474999999999932 0.4327130857049097 0.9015316885651046  
0.4481249999999932 0.4332764584959883 0.9012610668061311  
0.4487499999999932 0.4338396620384339 0.9009900929920189  
0.4493749999999932 0.4344026961122449 0.9007187672286173  
0.4499999999999932 0.4349655604974862 0.900447089621913  
0.4506249999999932 0.4355282549742889 0.9001750602780298  
0.4512499999999932 0.4360907793228503 0.8999026793032294  
0.4518749999999931 0.4366531333234345 0.8996299468039106  
0.4524999999999931 0.4372153167563719 0.8993568628866094  
0.4531249999999931 0.4377773294020594 0.8990834276579994  
0.4537499999999931 0.438339171040961 0.8988096412248912  
0.4543749999999931 0.4389008414536072 0.8985355036942325  
0.4549999999999931 0.4394623404205956 0.8982610151731084  
0.4556249999999931 0.4400236677225904 0.8979861757687411  
0.4562499999999931 0.4405848231403233 0.8977109855884895  
0.456874999999993 0.4411458064545928 0.8974354447398499  
0.457499999999993 0.4417066174462649 0.8971595533304555  
0.458124999999993 0.4422672558962727 0.8968833114680763  
0.458749999999993 0.4428277215856168 0.8966067192606194  
0.459374999999993 0.4433880142953653 0.8963297768161286  
0.459999999999993 0.4439481338066539 0.8960524842427844  
0.460624999999993 0.4445080799006857 0.8957748416489044  
0.4612499999999929 0.445067852358732 0.8954968491429427  
0.4618749999999929 0.4456274509621314 0.8952185068334901  
0.4624999999999929 0.4461868754922908 0.8949398148292742  
0.4631249999999929 0.446746125730685 0.8946607732391589  
0.4637499999999929 0.4473052014588568 0.894381382172145  
0.4643749999999929 0.4478641024584172 0.8941016417373695  
0.4649999999999929 0.4484228285110455 0.8938215520441061  
0.4656249999999929 0.4489813793984894 0.8935411132017648  
0.4662499999999928 0.4495397549025649 0.8932603253198921  
0.4668749999999928 0.4500979548051564 0.8929791885081707  
0.4674999999999928 0.4506559788882172 0.8926977028764197  
0.4681249999999928 0.4512138269337691 0.8924158685345944  
0.4687499999999928 0.4517714987239027 0.8921336855927865  
0.4693749999999928 0.4523289940407773 0.8918511541612236  
0.4699999999999928 0.4528863126666214 0.8915682743502696  
0.4706249999999927 0.4534434543837324 0.8912850462704244  
0.4712499999999927 0.4540004189744767 0.891001470032324  
0.4718749999999927 0.4545572062212901 0.8907175457467403  
0.4724999999999927 0.4551138159066775 0.8904332735245813  
0.4731249999999927 0.4556702478132132 0.890148653476891  
0.4737499999999927 0.456226501723541 0.8898636857148489  
0.4743749999999927 0.4567825774203741 0.8895783703497705  
0.4749999999999927 0.4573384746864955 0.8892927074931073  
0.4756249999999926 0.4578941933047579 0.8890066972564463  
0.4762499999999926 0.4584497330580836 0.8887203397515103  
0.4768749999999926 0.4590050937294648 0.8884336350901577  
0.4774999999999926 0.4595602751019638 0.8881465833843825  
0.4781249999999926 0.4601152769587128 0.8878591847463142  
0.4787499999999926 0.4606700990829142 0.887571439288218  
0.4793749999999926 0.4612247412578406 0.8872833471224945  
0.4799999999999925 0.4617792032668349 0.8869949083616796  
0.4806249999999925 0.4623334848933103 0.8867061231184448  
0.4812499999999925 0.4628875859207506 0.8864169915055968  
0.4818749999999925 0.46344150613271 0.8861275136360777  
0.4824999999999925 0.4639952453128133 0.8858376896229647  
0.4831249999999925 0.4645488032447563 0.8855475195794704  
0.4837499999999925 0.4651021797123054 0.8852570036189426  
0.4843749999999925 0.4656553744992977 0.8849661418548639  
0.4849999999999924 0.4662083873896417 0.8846749344008522  
0.4856249999999924 0.4667612181673166 0.8843833813706605  
0.4862499999999924 0.4673138666163728 0.8840914828781767  
0.4868749999999924 0.4678663325209321 0.8837992390374237  
0.4874999999999924 0.4684186156651874 0.8835066499625593  
0.4881249999999924 0.4689707158334031 0.883213715767876  
0.4887499999999924 0.4695226328099151 0.8829204365678013  
0.4893749999999923 0.4700743663791307 0.8826268124768973  
0.4899999999999923 0.4706259163255291 0.8823328436098611  
0.4906249999999923 0.471177282433661 0.8820385300815241  
0.4912499999999923 0.471728464488149 0.8817438720068527  
0.4918749999999923 0.4722794622736876 0.8814488695009476  
0.4924999999999923 0.4728302755750431 0.8811535226790442  
0.4931249999999923 0.4733809041770544 0.8808578316565124  
0.4937499999999923 0.4739313478646318 0.8805617965488566  
0.4943749999999922 0.4744816064227585 0.8802654174717153  
0.4949999999999922 0.4750316796364896 0.8799686945408617  
0.4956249999999922 0.4755815672909527 0.8796716278722032  
0.4962499999999922 0.476131269171348 0.8793742175817816  
0.4968749999999922 0.4766807850629481 0.8790764637857726  
0.4974999999999922 0.4772301147510984 0.8787783666004865  
0.4981249999999922 0.4777792580212169 0.8784799261423674  
0.4987499999999921 0.4783282146587945 0.8781811425279935  
0.4993749999999921 0.4788769844493951 0.8778820158740773  
0.4999999999999921 0.4794255671786554 0.8775825462974652  
0.5006249999999921 0.4799739626322853 0.8772827339151376  
0.5012499999999921 0.4805221705960677 0.8769825788442084  
0.5018749999999921 0.4810701908558588 0.8766820812019259  
0.5024999999999921 0.4816180231975884 0.8763812411056721  
0.5031249999999921 0.4821656674072593 0.8760800586729625  
0.503749999999992 0.482713123270948 0.8757785340214465  
0.504374999999992 0.4832603905748045 0.8754766672689072  
0.504999999999992 0.4838074691050526 0.8751744585332614  
0.505624999999992 0.4843543586479895 0.8748719079325593  
0.506249999999992 0.4849010589899867 0.8745690155849848  
0.506874999999992 0.4854475699174892 0.8742657816088552  
0.507499999999992 0.4859938912170162 0.8739622061226212  
0.5081249999999919 0.486540022675161 0.8736582892448672  
0.5087499999999919 0.4870859640785908 0.8733540310943106  
0.5093749999999919 0.4876317152140474 0.8730494317898023  
0.5099999999999919 0.4881772758683466 0.8727444914503264  
0.5106249999999919 0.4887226458283789 0.8724392101950001  
0.5112499999999919 0.489267824881109 0.8721335881430742  
0.5118749999999919 0.4898128128135764 0.8718276254139321  
0.5124999999999919 0.4903576094128951 0.8715213221270905  
0.5131249999999918 0.4909022144662539 0.8712146784021992  
0.5137499999999918 0.4914466277609165 0.8709076943590409  
0.5143749999999918 0.4919908490842214 0.8706003701175313  
0.5149999999999918 0.4925348782235822 0.8702927057977189  
0.5156249999999918 0.4930787149664873 0.869984701519785  
0.5162499999999918 0.4936223591005007 0.8696763574040439  
0.5168749999999918 0.4941658104132612 0.8693676735709426  
0.5174999999999917 0.4947090686924832 0.8690586501410605  
0.5181249999999917 0.4952521337259563 0.8687492872351101  
0.5187499999999917 0.4957950053015459 0.8684395849739363  
0.5193749999999917 0.4963376832071926 0.8681295434785163  
0.5199999999999917 0.4968801672309129 0.8678191628699604  
0.5206249999999917 0.497422457160799 0.8675084432695108  
0.5212499999999917 0.4979645527850188 0.8671973847985425  
0.5218749999999917 0.4985064538918162 0.8668859875785626  
0.5224999999999916 0.499048160269511 0.8665742517312108  
0.5231249999999916 0.4995896717064993 0.8662621773782588  
0.5237499999999916 0.5001309879912529 0.8659497646416108  
0.5243749999999916 0.5006721089123203 0.8656370136433028  
0.5249999999999916 0.5012130342583261 0.8653239245055033  
0.5256249999999916 0.5017537638179713 0.8650104973505128  
0.5262499999999916 0.5022942973800334 0.8646967323007638  
0.5268749999999915 0.5028346347333664 0.8643826294788208  
0.5274999999999915 0.5033747756669011 0.8640681890073801  
0.5281249999999915 0.5039147199696449 0.8637534110092702  
0.5287499999999915 0.5044544674306819 0.863438295607451  
0.5293749999999915 0.5049940178391734 0.8631228429250147  
0.5299999999999915 0.5055333709843575 0.862807053085185  
0.5306249999999915 0.5060725266555491 0.8624909262113173  
0.5312499999999915 0.5066114846421409 0.8621744624268985  
0.5318749999999914 0.5071502447336022 0.8618576618555475  
0.5324999999999914 0.5076888067194797 0.8615405246210144  
0.5331249999999914 0.5082271703893978 0.861223050847181  
0.5337499999999914 0.508765335533058 0.8609052406580605  
0.5343749999999914 0.5093033019402398 0.8605870941777976  
0.5349999999999914 0.5098410694007998 0.860268611530668  
0.5356249999999914 0.5103786377046725 0.8599497928410793  
0.5362499999999913 0.5109160066418705 0.85963063823357  
0.5368749999999913 0.511453176002484 0.8593111478328098  
0.5374999999999913 0.511990145576681 0.8589913217635997  
0.5381249999999913 0.5125269151547079 0.8586711601508717  
0.5387499999999913 0.5130634845268891 0.8583506631196891  
0.5393749999999913 0.5135998534836271 0.8580298307952459  
0.5399999999999913 0.5141360218154027 0.8577086633028672  
0.5406249999999913 0.5146719893127752 0.8573871607680092  
0.5412499999999912 0.5152077557663823 0.857065323316259  
0.5418749999999912 0.5157433209669402 0.856743151073334  
0.5424999999999912 0.5162786847052436 0.8564206441650829  
0.5431249999999912 0.5168138467721662 0.856097802717485  
0.5437499999999912 0.5173488069586603 0.8557746268566503  
0.5443749999999912 0.5178835650557568 0.8554511167088193  
0.5449999999999912 0.5184181208545661 0.8551272724003632  
0.5456249999999911 0.5189524741462771 0.8548030940577838  
0.5462499999999911 0.5194866247221581 0.8544785818077131  
0.5468749999999911 0.5200205723735566 0.8541537357769137  
0.5474999999999911 0.5205543168918991 0.8538285560922787  
0.5481249999999911 0.5210878580686917 0.8535030428808315  
0.5487499999999911 0.52162119569552 0.8531771962697254  
0.5493749999999911 0.5221543295640488 0.8528510163862446  
0.5499999999999911 0.5226872594660228 0.8525245033578029  
0.550624999999991 0.5232199851932661 0.8521976573119446  
0.551249999999991 0.5237525065376827 0.8518704783763439  
0.551874999999991 0.5242848232912565 0.851542966678805  
0.552499999999991 0.5248169352460512 0.8512151223472623  
0.553124999999991 0.5253488421942106 0.8508869455097799  
0.553749999999991 0.5258805439279585 0.850558436294552  
0.554374999999991 0.5264120402395989 0.8502295948299025  
0.5549999999999909 0.5269433309215159 0.849900421244285  
0.5556249999999909 0.5274744157661743 0.8495709156662831  
0.5562499999999909 0.5280052945661189 0.8492410782246097  
0.5568749999999909 0.5285359671139752 0.8489109090481078  
0.5574999999999909 0.5290664332024492 0.8485804082657497  
0.5581249999999909 0.5295966926243275 0.8482495760066371  
0.5587499999999909 0.5301267451724776 0.8479184124000015  
0.5593749999999909 0.5306565906398477 0.8475869175752038  
0.5599999999999908 0.5311862288194669 0.8472550916617341  
0.5606249999999908 0.5317156595044451 0.8469229347892118  
0.5612499999999908 0.5322448824879736 0.8465904470873857  
0.5618749999999908 0.5327738975633246 0.8462576286861341  
0.5624999999999908 0.5333027045238515 0.8459244797154639  
0.5631249999999908 0.5338313031629892 0.8455910003055116  
0.5637499999999908 0.5343596932742538 0.8452571905865425  
0.5643749999999907 0.5348878746512428 0.844923050688951  
0.5649999999999907 0.5354158470876353 0.8445885807432606  
0.5656249999999907 0.5359436103771923 0.8442537808801236  
0.5662499999999907 0.536471164313756 0.8439186512303213  
0.5668749999999907 0.5369985086912507 0.8435831919247636  
0.5674999999999907 0.5375256433036824 0.8432474030944894  
0.5681249999999907 0.5380525679451392 0.8429112848706662  
0.5687499999999907 0.5385792824097912 0.8425748373845902  
0.5693749999999906 0.5391057864918906 0.8422380607676861  
0.5699999999999906 0.5396320799857715 0.8419009551515074  
0.5706249999999906 0.5401581626858505 0.841563520667736  
0.5712499999999906 0.5406840343866267 0.8412257574481822  
0.5718749999999906 0.5412096948826813 0.8408876656247848  
0.5724999999999906 0.5417351439686783 0.840549245329611  
0.5731249999999906 0.5422603814393639 0.840210496694856  
0.5737499999999905 0.5427854070895675 0.8398714198528437  
0.5743749999999905 0.5433102207142007 0.839532014936026  
0.5749999999999905 0.5438348221082582 0.8391922820769829  
0.5756249999999905 0.5443592110668176 0.8388522214084226  
0.5762499999999905 0.5448833873850395 0.8385118330631813  
0.5768749999999905 0.5454073508581674 0.8381711171742233  
0.5774999999999905 0.5459311012815281 0.8378300738746406  
0.5781249999999905 0.5464546384505315 0.8374887032976533  
0.5787499999999904 0.546977962160671 0.8371470055766094  
0.5793749999999904 0.5475010722075231 0.8368049808449844  
0.5799999999999904 0.5480239683867481 0.8364626292363819  
0.5806249999999904 0.5485466504940895 0.8361199508845329  
0.5812499999999904 0.5490691183253746 0.8357769459232962  
0.5818749999999904 0.5495913716765145 0.8354336144866581  
0.5824999999999904 0.5501134103435039 0.8350899567087324  
0.5831249999999903 0.5506352341224214 0.8347459727237606  
0.5837499999999903 0.5511568428094297 0.8344016626661113  
0.5843749999999903 0.5516782362007752 0.8340570266702806  
0.5849999999999903 0.5521994140927886 0.8337120648708921  
0.5856249999999903 0.5527203762818849 0.8333667774026965  
0.5862499999999903 0.553241122564563 0.8330211644005716  
0.5868749999999903 0.5537616527374066 0.8326752259995226  
0.5874999999999903 0.5542819665970835 0.8323289623346817  
0.5881249999999902 0.554802063940346 0.831982373541308  
0.5887499999999902 0.5553219445640313 0.8316354597547879  
0.5893749999999902 0.5558416082650607 0.8312882211106347  
0.5899999999999902 0.5563610548404407 0.8309406577444883  
0.5906249999999902 0.5568802840872625 0.8305927697921158  
0.5912499999999902 0.5573992958027021 0.8302445573894109  
0.5918749999999902 0.5579180897840205 0.8298960206723941  
0.5924999999999901 0.5584366658285638 0.8295471597772125  
0.5931249999999901 0.5589550237337633 0.82919797484014  
0.5937499999999901 0.5594731632971353 0.828848465997577  
0.5943749999999901 0.5599910843162815 0.8284986333860502  
0.5949999999999901 0.5605087865888891 0.8281484771422132  
0.5956249999999901 0.5610262699127306 0.8277979974028457  
0.5962499999999901 0.561543534085664 0.8274471943048538  
0.5968749999999901 0.5620605789056331 0.8270960679852701  
0.59749999999999 0.562577404170667 0.8267446185812534  
0.59812499999999 0.5630940096788811 0.8263928462300884  
0.59874999999999 0.5636103952284761 0.8260407510691863  
0.59937499999999 0.564126560617739 0.8256883332360843  
0.59999999999999 0.5646425056450427 0.8253355928684456  
0.60062499999999 0.5651582301088461 0.8249825301040594  
0.60124999999999 0.5656737338076944 0.824629145080841  
0.6018749999999899 0.5661890165402188 0.8242754379368312  
0.6024999999999899 0.566704078105137 0.8239214088101972  
0.6031249999999899 0.5672189183012531 0.8235670578392312  
0.6037499999999899 0.5677335369274576 0.823212385162352  
0.6043749999999899 0.5682479337827276 0.8228573909181033  
0.6049999999999899 0.5687621086661269 0.822502075245155  
0.6056249999999899 0.5692760613768058 0.8221464382823021  
0.6062499999999899 0.5697897917140015 0.8217904801684653  
0.6068749999999898 0.5703032994770381 0.8214342010426909  
0.6074999999999898 0.5708165844653266 0.8210776010441504  
0.6081249999999898 0.571329646478365 0.8207206803121406  
0.6087499999999898 0.5718424853157386 0.8203634389860838  
0.6093749999999898 0.5723551007771195 0.8200058772055273  
0.6099999999999898 0.5728674926622673 0.8196479951101437  
0.6106249999999898 0.573379660771029 0.8192897928397308  
0.6112499999999897 0.5738916049033388 0.8189312705342112  
0.6118749999999897 0.5744033248592186 0.8185724283336329  
0.6124999999999897 0.5749148204387777 0.8182132663781685  
0.6131249999999897 0.5754260914422132 0.8178537848081157  
0.6137499999999897 0.5759371376698098 0.8174939837638969  
0.6143749999999897 0.57644795892194 0.8171338633860596  
0.6149999999999897 0.5769585549990643 0.8167734238152757  
0.6156249999999897 0.5774689257017311 0.816412665192342  
0.6162499999999896 0.5779790708305768 0.8160515876581798  
0.6168749999999896 0.5784889901863258 0.8156901913538349  
0.6174999999999896 0.5789986835697911 0.815328476420478  
0.6181249999999896 0.5795081507818736 0.8149664429994038  
0.6187499999999896 0.5800173916235625 0.8146040912320317  
0.6193749999999896 0.5805264058959357 0.8142414212599054  
0.6199999999999896 0.5810351934001595 0.8138784332246929  
0.6206249999999895 0.5815437539374887 0.8135151272681863  
0.6212499999999895 0.5820520873092668 0.813151503532302  
0.6218749999999895 0.5825601933169262 0.8127875621590807  
0.6224999999999895 0.5830680717619878 0.8124233032906868  
0.6231249999999895 0.5835757224460617 0.8120587270694092  
0.6237499999999895 0.5840831451708468 0.8116938336376602  
0.6243749999999895 0.584590339738131 0.8113286231379766  
0.6249999999999895 0.5850973059497915 0.8109630957130186  
0.6256249999999894 0.5856040436077945 0.8105972515055704  
0.6262499999999894 0.5861105525141957 0.8102310906585398  
0.6268749999999894 0.58661683247114 0.8098646133149585  
0.6274999999999894 0.5871228832808618 0.8094978196179817  
0.6281249999999894 0.587628704745685 0.8091307097108883  
0.6287499999999894 0.5881342966680229 0.8087632837370805  
0.6293749999999894 0.5886396588503787 0.8083955418400841  
0.6299999999999893 0.5891447910953455 0.8080274841635483  
0.6306249999999893 0.5896496932056057 0.8076591108512458  
0.6312499999999893 0.590154364983932 0.8072904220470721  
0.6318749999999893 0.590658806233187 0.8069214178950466  
0.6324999999999893 0.5911630167563233 0.8065520985393114  
0.6331249999999893 0.5916669963563836 0.806182464124132  
0.6337499999999893 0.592170744836501 0.8058125147938967  
0.6343749999999893 0.5926742619998986 0.8054422506931171  
0.6349999999999892 0.5931775476498899 0.8050716719664276  
0.6356249999999892 0.5936806015898792 0.8047007787585855  
0.6362499999999892 0.5941834236233609 0.8043295712144709  
0.6368749999999892 0.5946860135539199 0.8039580494790869  
0.6374999999999892 0.5951883711852324 0.8035862136975591  
0.6381249999999892 0.5956904963210646 0.803214064015136  
0.6387499999999892 0.596192388765274 0.8028416005771885  
0.6393749999999891 0.5966940483218088 0.80246882352921  
0.6399999999999891 0.5971954747947082 0.8020957330168168  
0.6406249999999891 0.5976966679881026 0.8017223291857473  
0.6412499999999891 0.5981976277062132 0.8013486121818623  
0.6418749999999891 0.5986983537533527 0.800974582151145  
0.6424999999999891 0.5991988459339249 0.8006002392397011  
0.6431249999999891 0.5996991040524251 0.8002255835937582  
0.6437499999999891 0.60019912791344 0.7998506153596661  
0.644374999999989 0.6006989173216476 0.7994753346838969  
0.644999999999989 0.6011984720818178 0.7990997417130445  
0.645624999999989 0.6016977919988118 0.7987238365938251  
0.646249999999989 0.6021968768775829 0.7983476194730764  
0.646874999999989 0.602695726523176 0.7979710904977585  
0.647499999999989 0.6031943407407281 0.7975942498149529  
0.648124999999989 0.6036927193354678 0.797217097571863  
0.6487499999999889 0.6041908621127159 0.7968396339158139  
0.6493749999999889 0.6046887688778855 0.7964618589942525  
0.6499999999999889 0.6051864394364818 0.796083772954747  
0.6506249999999889 0.605683873594102 0.7957053759449872  
0.6512499999999889 0.606181071156436 0.7953266681127847  
0.6518749999999889 0.6066780319292661 0.7949476496060721  
0.6524999999999889 0.6071747557184668 0.7945683205729035  
0.6531249999999889 0.6076712423300054 0.7941886811614544  
0.6537499999999888 0.6081674915699418 0.7938087315200213  
0.6543749999999888 0.6086635032444285 0.7934284717970223  
0.6549999999999888 0.6091592771597112 0.7930479021409961  
0.6556249999999888 0.609654813122128 0.7926670227006029  
0.6562499999999888 0.6101501109381102 0.7922858336246237  
0.6568749999999888 0.6106451704141821 0.7919043350619605  
0.6574999999999888 0.611139991356961 0.7915225271616362  
0.6581249999999887 0.6116345735731574 0.7911404100727945  
0.6587499999999887 0.6121289168695753 0.7907579839446999  
0.6593749999999887 0.6126230210531116 0.7903752489267376  
0.6599999999999887 0.6131168859307571 0.7899922051684136  
0.6606249999999887 0.6136105113095955 0.7896088528193543  
0.6612499999999887 0.6141038969968047 0.7892251920293067  
0.6618749999999887 0.6145970427996557 0.7888412229481384  
0.6624999999999887 0.6150899485255134 0.7884569457258372  
0.6631249999999886 0.6155826139818364 0.7880723605125116  
0.6637499999999886 0.6160750389761774 0.78768746745839  
0.6643749999999886 0.6165672233161829 0.7873022667138214  
0.6649999999999886 0.6170591668095932 0.7869167584292749  
0.6656249999999886 0.617550869264243 0.7865309427553395  
0.6662499999999886 0.6180423304880609 0.7861448198427247  
0.6668749999999886 0.61853355028907 0.7857583898422595  
0.6674999999999885 0.6190245284753874 0.7853716529048933  
0.6681249999999885 0.6195152648552247 0.7849846091816952  
0.6687499999999885 0.6200057592368881 0.7845972588238542  
0.6693749999999885 0.6204960114287781 0.7842096019826791  
0.6699999999999885 0.6209860212393901 0.7838216388095982  
0.6706249999999885 0.6214757884773138 0.7834333694561597  
0.6712499999999885 0.6219653129512339 0.7830447940740314  
0.6718749999999885 0.62245459446993 0.7826559128150005  
0.6724999999999884 0.6229436328422764 0.7822667258309738  
0.6731249999999884 0.6234324278772424 0.7818772332739775  
0.6737499999999884 0.6239209793838926 0.7814874352961572  
0.6743749999999884 0.6244092871713863 0.7810973320497775  
0.6749999999999884 0.6248973510489786 0.7807069236872227  
0.6756249999999884 0.6253851708260192 0.7803162103609961  
0.6762499999999884 0.6258727463119537 0.77992519222372  
0.6768749999999883 0.6263600773163227 0.779533869428136  
0.6774999999999883 0.6268471636487627 0.7791422421271044  
0.6781249999999883 0.6273340051190055 0.7787503104736048  
0.6787499999999883 0.6278206015368786 0.7783580746207354  
0.6793749999999883 0.6283069527123053 0.7779655347217134  
0.6799999999999883 0.6287930584553046 0.7775726909298747  
0.6806249999999883 0.6292789185759916 0.7771795433986739  
0.6812499999999883 0.629764532884577 0.7767860922816844  
0.6818749999999882 0.6302499011913677 0.7763923377325979  
0.6824999999999882 0.6307350233067668 0.7759982799052247  
0.6831249999999882 0.6312198990412733 0.775603918953494  
0.6837499999999882 0.6317045282054827 0.7752092550314528  
0.6843749999999882 0.6321889106100868 0.7748142882932667  
0.6849999999999882 0.6326730460658735 0.7744190188932197  
0.6856249999999882 0.6331569343837274 0.7740234469857139  
0.6862499999999881 0.6336405753746298 0.7736275727252696  
0.6868749999999881 0.6341239688496583 0.7732313962665252  
0.6874999999999881 0.6346071146199872 0.7728349177642371  
0.6881249999999881 0.6350900124968878 0.7724381373732797  
0.6887499999999881 0.635572662291728 0.7720410552486454  
0.6893749999999881 0.6360550638159729 0.7716436715454444  
0.6899999999999881 0.6365372168811841 0.7712459864189048  
0.6906249999999881 0.6370191212990208 0.7708480000243724  
0.691249999999988 0.637500776881239 0.7704497125173104  
0.691874999999988 0.6379821834396918 0.7700511240533002  
0.692499999999988 0.6384633407863299 0.7696522347880402  
0.693124999999988 0.6389442487332012 0.7692530448773467  
0.693749999999988 0.6394249070924509 0.7688535544771531  
0.694374999999988 0.639905315676322 0.7684537637435105  
0.694999999999988 0.6403854742971548 0.7680536728325871  
0.6956249999999879 0.6408653827673871 0.7676532819006684  
0.6962499999999879 0.641345040899555 0.7672525911041571  
0.6968749999999879 0.6418244485062918 0.7668516005995731  
0.6974999999999879 0.6423036054003289 0.7664503105435535  
0.6981249999999879 0.6427825113944957 0.766048721092852  
0.6987499999999879 0.6432611663017195 0.7656468324043396  
0.6993749999999879 0.6437395699350257 0.7652446446350041  
0.6999999999999879 0.6442177221075378 0.76484215794195  
0.7006249999999878 0.6446956226324777 0.7644393724823988  
0.7012499999999878 0.6451732713231654 0.7640362884136885  
0.7018749999999878 0.6456506679930194 0.7636329058932739  
0.7024999999999878 0.6461278124555566 0.7632292250787264  
0.7031249999999878 0.6466047045243924 0.7628252461277336  
0.7037499999999878 0.6470813440132409 0.7624209691981  
0.7043749999999878 0.6475577307359147 0.7620163944477462  
0.7049999999999877 0.6480338645063253 0.7616115220347092  
0.7056249999999877 0.6485097451384828 0.7612063521171423  
0.7062499999999877 0.6489853724464965 0.7608008848533151  
0.7068749999999877 0.6494607462445742 0.7603951204016132  
0.7074999999999877 0.6499358663470232 0.7599890589205384  
0.7081249999999877 0.6504107325682495 0.7595827005687084  
0.7087499999999877 0.6508853447227588 0.759176045504857  
0.7093749999999877 0.6513597026251555 0.7587690938878339  
0.7099999999999876 0.6518338060901435 0.7583618458766045  
0.7106249999999876 0.6523076549325262 0.7579543016302501  
0.7112499999999876 0.6527812489672062 0.7575464613079678  
0.7118749999999876 0.653254588009186 0.7571383250690701  
0.7124999999999876 0.6537276718735675 0.7567298930729852  
0.7131249999999876 0.6542005003755522 0.756321165479257  
0.7137499999999876 0.6546730733304416 0.7559121424475447  
0.7143749999999875 0.6551453905536366 0.7555028241376228  
0.7149999999999875 0.6556174518606386 0.7550932107093814  
0.7156249999999875 0.6560892570670483 0.7546833023228258  
0.7162499999999875 0.6565608059885671 0.7542730991380764  
0.7168749999999875 0.657032098440996 0.7538626013153689  
0.7174999999999875 0.6575031342402363 0.7534518090150539  
0.7181249999999875 0.6579739132022898 0.7530407223975973  
0.7187499999999875 0.6584444351432583 0.7526293416235799  
0.7193749999999874 0.6589146998793444 0.7522176668536971  
0.7199999999999874 0.6593847072268506 0.7518056982487594  
0.7206249999999874 0.6598544570021805 0.7513934359696922  
0.7212499999999874 0.6603239490218379 0.7509808801775354  
0.7218749999999874 0.6607931831024275 0.7505680310334436  
0.7224999999999874 0.6612621590606549 0.7501548886986861  
0.7231249999999874 0.6617308767133261 0.7497414533346465  
0.7237499999999873 0.6621993358773484 0.7493277251028231  
0.7243749999999873 0.6626675363697299 0.7489137041648284  
0.7249999999999873 0.6631354780075797 0.7484993906823895  
0.7256249999999873 0.6636031606081081 0.7480847848173475  
0.7262499999999873 0.6640705839886266 0.7476698867316579  
0.7268749999999873 0.664537747966548 0.7472546965873903  
0.7274999999999873 0.6650046523593862 0.7468392145467283  
0.7281249999999873 0.6654712969847567 0.7464234407719696  
0.7287499999999872 0.6659376816603765 0.7460073754255259  
0.7293749999999872 0.666403806204064 0.7455910186699226  
0.7299999999999872 0.6668696704337393 0.7451743706677992  
0.7306249999999872 0.6673352741674242 0.7447574315819089  
0.7312499999999872 0.6678006172232421 0.7443402015751184  
0.7318749999999872 0.6682656994194185 0.7439226808104082  
0.7324999999999872 0.6687305205742806 0.7435048694508725  
0.7331249999999871 0.6691950805062576 0.7430867676597187  
0.7337499999999871 0.6696593790338808 0.742668375600268  
0.7343749999999871 0.6701234159757835 0.7422496934359547  
0.7349999999999871 0.6705871911507013 0.7418307213303266  
0.7356249999999871 0.6710507043774719 0.7414114594470447  
0.7362499999999871 0.6715139554750357 0.7409919079498831  
0.7368749999999871 0.6719769442624349 0.7405720670027292  
0.7374999999999871 0.6724396705588147 0.7401519367695832  
0.738124999999987 0.6729021341834225 0.7397315174145588  
0.738749999999987 0.6733643349556085 0.7393108091018822  
0.739374999999987 0.6738262726948255 0.7388898119958925  
0.739999999999987 0.6742879472206291 0.7384685262610419  
0.740624999999987 0.6747493583526776 0.738046952061895  
0.741249999999987 0.6752105059107322 0.7376250895631292  
0.741874999999987 0.6756713897146572 0.7372029389295347  
0.7424999999999869 0.6761320095844199 0.7367805003260141  
0.7431249999999869 0.6765923653400905 0.7363577739175823  
0.7437499999999869 0.6770524568018427 0.735934759869367  
0.7443749999999869 0.6775122837899531 0.735511458346608  
0.7449999999999869 0.6779718461248018 0.7350878695146575  
0.7456249999999869 0.6784311436268722 0.73466399353898  
0.7462499999999869 0.6788901761167513 0.734239830585152  
0.7468749999999869 0.6793489434151295 0.7338153808188621  
0.7474999999999868 0.6798074453428008 0.7333906444059111  
0.7481249999999868 0.6802656817206628 0.7329656215122116  
0.7487499999999868 0.680723652369717 0.7325403123037882  
0.7493749999999868 0.6811813571110685 0.7321147169467774  
0.7499999999999868 0.6816387957659265 0.7316888356074274  
0.7506249999999868 0.6820959681556038 0.731262668452098  
0.7512499999999868 0.6825528741015175 0.7308362156472608  
0.7518749999999867 0.6830095134251889 0.7304094773594989  
0.7524999999999867 0.683465885948243 0.7299824537555071  
0.7531249999999867 0.6839219914924093 0.7295551450020914  
0.7537499999999867 0.6843778298795217 0.7291275512661693  
0.7543749999999867 0.6848334009315181 0.7286996727147698  
0.7549999999999867 0.6852887044704412 0.7282715095150327  
0.7556249999999867 0.685743740318438 0.7278430618342095  
0.7562499999999867 0.6861985082977601 0.7274143298396625  
0.7568749999999866 0.6866530082307637 0.7269853136988651  
0.7574999999999866 0.6871072399399099 0.7265560135794018  
0.7581249999999866 0.6875612032477642 0.726126429648968  
0.7587499999999866 0.6880148979769972 0.7256965620753698  
0.7593749999999866 0.6884683239503846 0.7252664110265244  
0.7599999999999866 0.6889214809908066 0.7248359766704595  
0.7606249999999866 0.6893743689212489 0.7244052591753136  
0.7612499999999865 0.6898269875648021 0.7239742587093356  
0.7618749999999865 0.6902793367446619 0.7235429754408852  
0.7624999999999865 0.6907314162841295 0.7231114095384323  
0.7631249999999865 0.6911832260066113 0.7226795611705575  
0.7637499999999865 0.6916347657356191 0.7222474305059516  
0.7643749999999865 0.6920860352947702 0.7218150177134156  
0.7649999999999865 0.6925370345077874 0.7213823229618608  
0.7656249999999865 0.692987763198499 0.7209493464203085  
0.7662499999999864 0.6934382211908392 0.7205160882578903  
0.7668749999999864 0.6938884083088478 0.7200825486438475  
0.7674999999999864 0.6943383243766704 0.7196487277475316  
0.7681249999999864 0.6947879692185587 0.7192146257384041  
0.7687499999999864 0.6952373426588699 0.7187802427860359  
0.7693749999999864 0.6956864445220677 0.718345579060108  
0.7699999999999864 0.6961352746327216 0.7179106347304108  
0.7706249999999863 0.6965838328155073 0.7174754099668446  
0.7712499999999863 0.6970321188952067 0.7170399049394188  
0.7718749999999863 0.6974801326967081 0.7166041198182529  
0.7724999999999863 0.697927874045006 0.7161680547735753  
0.7731249999999863 0.6983753427652016 0.7157317099757239  
0.7737499999999863 0.6988225386825023 0.715295085595146  
0.7743749999999863 0.6992694616222223 0.714858181802398  
0.7749999999999863 0.6997161114097821 0.7144209987681455  
0.7756249999999862 0.7001624878707091 0.7139835366631631  
0.7762499999999862 0.7006085908306376 0.7135457956583343  
0.7768749999999862 0.7010544201153087 0.7131077759246519  
0.7774999999999862 0.7014999755505702 0.7126694776332173  
0.7781249999999862 0.701945256962377 0.7122309009552409  
0.7787499999999862 0.702390264176791 0.7117920460620416  
0.7793749999999862 0.7028349970199813 0.7113529131250471  
0.7799999999999861 0.7032794553182241 0.7109135023157938  
0.7806249999999861 0.7037236388979029 0.7104738138059264  
0.7812499999999861 0.7041675475855084 0.7100338477671985  
0.7818749999999861 0.7046111812076388 0.7095936043714717  
0.7824999999999861 0.7050545395909996 0.7091530837907161  
0.7831249999999861 0.705497622562404 0.70871228619701  
0.7837499999999861 0.7059404299487727 0.70827121176254  
0.7843749999999861 0.7063829615771341 0.707829860659601  
0.784999999999986 0.7068252172746241 0.7073882330605956  
0.785624999999986 0.7072671968684867 0.7069463291380347  
0.786249999999986 0.7077089001860736 0.706504149064537  
0.786874999999986 0.7081503270548444 0.7060616930128291  
0.787499999999986 0.7085914773023666 0.7056189611557454  
0.788124999999986 0.709032350756316 0.7051759536662281  
0.788749999999986 0.7094729472444764 0.7047326707173269  
0.7893749999999859 0.7099132665947397 0.7042891124821994  
0.7899999999999859 0.7103533086351063 0.7038452791341104  
0.7906249999999859 0.7107930731936845 0.7034011708464324  
0.7912499999999859 0.7112325600986914 0.7029567877926451  
0.7918749999999859 0.7116717691784524 0.7025121301463358  
0.7924999999999859 0.7121107002614014 0.7020671980811989  
0.7931249999999859 0.712549353176081 0.7016219917710359  
0.7937499999999859 0.7129877277511424 0.7011765113897556  
0.7943749999999858 0.7134258238153454 0.7007307571113737  
0.7949999999999858 0.7138636411975587 0.700284729110013  
0.7956249999999858 0.7143011797267601 0.6998384275599034  
0.7962499999999858 0.7147384392320358 0.6993918526353813  
0.7968749999999858 0.7151754195425816 0.69894500451089  
0.7974999999999858 0.7156121204877017 0.6984978833609797  
0.7981249999999858 0.7160485418968101 0.6980504893603071  
0.7987499999999857 0.7164846835994295 0.6976028226836354  
0.7993749999999857 0.716920545425192 0.6971548835058344  
0.7999999999999857 0.7173561272038391 0.6967066720018805  
0.8006249999999857 0.7177914287652217 0.6962581883468563  
0.8012499999999857 0.7182264499393001 0.6958094327159506  
0.8018749999999857 0.7186611905561441 0.6953604052844587  
0.8024999999999857 0.719095650445933 0.694911106227782  
0.8031249999999857 0.7195298294389562 0.6944615357214278  
0.8037499999999856 0.7199637273656122 0.6940116939410097  
0.8043749999999856 0.7203973440564099 0.6935615810622472  
0.8049999999999856 0.7208306793419675 0.6931111972609656  
0.8056249999999856 0.7212637330530136 0.6926605427130962  
0.8062499999999856 0.7216965050203864 0.6922096175946758  
0.8068749999999856 0.7221289950750345 0.6917584220818471  
0.8074999999999856 0.7225612030480163 0.6913069563508584  
0.8081249999999855 0.7229931287705006 0.6908552205780635  
0.8087499999999855 0.7234247720737664 0.6904032149399216  
0.8093749999999855 0.7238561327892031 0.6899509396129976  
0.8099999999999855 0.7242872107483104 0.6894983947739615  
0.8106249999999855 0.7247180057826983 0.6890455805995885  
0.8112499999999855 0.7251485177240875 0.6885924972667594  
0.8118749999999855 0.7255787464043094 0.6881391449524598  
0.8124999999999855 0.7260086916553058 0.6876855238337803  
0.8131249999999854 0.7264383533091293 0.6872316340879169  
0.8137499999999854 0.7268677311979433 0.6867774758921701  
0.8143749999999854 0.7272968251540222 0.6863230494239456  
0.8149999999999854 0.727725635009751 0.6858683548607538  
0.8156249999999854 0.7281541605976258 0.6854133923802097  
0.8162499999999854 0.728582401750254 0.684958162160033  
0.8168749999999854 0.7290103583003537 0.6845026643780481  
0.8174999999999853 0.7294380300807544 0.6840468992121838  
0.8181249999999853 0.7298654169243968 0.6835908668404733  
0.8187499999999853 0.7302925186643329 0.6831345674410544  
0.8193749999999853 0.730719335133726 0.6826780011921689  
0.8199999999999853 0.731145866165851 0.6822211682721633  
0.8206249999999853 0.7315721115940941 0.6817640688594877  
0.8212499999999853 0.7319980712519533 0.6813067031326967  
0.8218749999999853 0.7324237449730379 0.6808490712704488  
0.8224999999999852 0.7328491325910692 0.6803911734515065  
0.8231249999999852 0.7332742339398802 0.6799330098547359  
0.8237499999999852 0.7336990488534156 0.6794745806591075  
0.8243749999999852 0.7341235771657321 0.6790158860436951  
0.8249999999999852 0.7345478187109982 0.6785569261876763  
0.8256249999999852 0.7349717733234946 0.6780977012703322  
0.8262499999999852 0.7353954408376141 0.6776382114710477  
0.8268749999999851 0.7358188210878615 0.677178456969311  
0.8274999999999851 0.7362419139088537 0.6767184379447138  
0.8281249999999851 0.7366647191353204 0.6762581545769508  
0.8287499999999851 0.7370872366021031 0.6757976070458205  
0.8293749999999851 0.7375094661441558 0.6753367955312241  
0.8299999999999851 0.7379314075965452 0.6748757202131661  
0.8306249999999851 0.7383530607944504 0.6744143812717541  
0.8312499999999851 0.7387744255731631 0.6739527788871987  
0.831874999999985 0.7391955017680876 0.6734909132398134  
0.832499999999985 0.739616289214741 0.6730287845100144  
0.833124999999985 0.7400367877487533 0.6725663928783207  
0.833749999999985 0.7404569972058671 0.6721037385253541  
0.834374999999985 0.7408769174219382 0.671640821631839  
0.834999999999985 0.7412965482329351 0.6711776423786023  
0.835624999999985 0.7417158894749397 0.6707142009465735  
0.8362499999999849 0.7421349409841467 0.6702504975167843  
0.8368749999999849 0.742553702596864 0.669786532270369  
0.8374999999999849 0.742972174149513 0.6693223053885639  
0.8381249999999849 0.7433903554786281 0.6688578170527076  
0.8387499999999849 0.7438082464208572 0.6683930674442411  
0.8393749999999849 0.7442258468129617 0.6679280567447071  
0.8399999999999849 0.7446431564918164 0.6674627851357504  
0.8406249999999849 0.7450601752944098 0.6669972527991178  
0.8412499999999848 0.7454769030578438 0.6665314599166579  
0.8418749999999848 0.745893339619334 0.6660654066703209  
0.8424999999999848 0.7463094848162101 0.665599093242159  
0.8431249999999848 0.7467253384859152 0.665132519814326  
0.8437499999999848 0.7471409004660065 0.664665686569077  
0.8443749999999848 0.747556170594155 0.6641985936887688  
0.8449999999999848 0.747971148708146 0.6637312413558596  
0.8456249999999847 0.7483858346458784 0.6632636297529089  
0.8462499999999847 0.7488002282453656 0.6627957590625775  
0.8468749999999847 0.7492143293447352 0.6623276294676275  
0.8474999999999847 0.7496281377822288 0.6618592411509219  
0.8481249999999847 0.7500416533962024 0.6613905942954249  
0.8487499999999847 0.7504548760251266 0.6609216890842018  
0.8493749999999847 0.7508678055075863 0.6604525257004187  
0.8499999999999847 0.7512804416822807 0.6599831043273425  
0.8506249999999846 0.751692784388024 0.659513425148341  
0.8512499999999846 0.7521048334637448 0.6590434883468826  
0.8518749999999846 0.7525165887484863 0.6585732941065365  
0.8524999999999846 0.7529280500814066 0.6581028426109722  
0.8531249999999846 0.7533392173017787 0.6576321340439598  
0.8537499999999846 0.7537500902489903 0.65716116858937  
0.8543749999999846 0.7541606687625442 0.6566899464311736  
0.8549999999999846 0.7545709526820581 0.6562184677534418  
0.8556249999999845 0.7549809418472648 0.6557467327403461  
0.8562499999999845 0.7553906360980124 0.6552747415761578  
0.8568749999999845 0.7558000352742639 0.6548024944452486  
0.8574999999999845 0.7562091392160978 0.65432999153209  
0.8581249999999845 0.7566179477637078 0.6538572330212535  
0.8587499999999845 0.7570264607574032 0.6533842190974104  
0.8593749999999845 0.7574346780376084 0.6529109499453317  
0.8599999999999844 0.7578425994448638 0.6524374257498883  
0.8606249999999844 0.7582502248198247 0.6519636466960506  
0.8612499999999844 0.7586575540032627 0.6514896129688884  
0.8618749999999844 0.7590645868360648 0.6510153247535714  
0.8624999999999844 0.7594713231592337 0.6505407822353683  
0.8631249999999844 0.759877762813888 0.6500659855996472  
0.8637499999999844 0.7602839056412622 0.6495909350318757  
0.8643749999999844 0.7606897514827069 0.6491156307176205  
0.8649999999999843 0.7610953001796883 0.6486400728425471  
0.8656249999999843 0.761500551573789 0.6481642615924206  
0.8662499999999843 0.7619055055067079 0.6476881971531047  
0.8668749999999843 0.7623101618202596 0.6472118797105619  
0.8674999999999843 0.7627145203563752 0.646735309450854  
0.8681249999999843 0.7631185809571023 0.6462584865601412  
0.8687499999999843 0.7635223434646046 0.6457814112246824  
0.8693749999999842 0.7639258077211623 0.6453040836308351  
0.8699999999999842 0.7643289735691722 0.6448265039650556  
0.8706249999999842 0.7647318408511476 0.6443486724138983  
0.8712499999999842 0.7651344094097187 0.6438705891640162  
0.8718749999999842 0.7655366790876318 0.6433922544021606  
0.8724999999999842 0.7659386497277505 0.6429136683151812  
0.8731249999999842 0.766340321173055 0.6424348310900254  
0.8737499999999842 0.7667416932666422 0.6419557429137394  
0.8743749999999841 0.7671427658517264 0.6414764039734666  
0.8749999999999841 0.7675435387716383 0.6409968144564492  
0.8756249999999841 0.7679440118698262 0.6405169745500265  
0.8762499999999841 0.7683441849898551 0.6400368844416363  
0.8768749999999841 0.7687440579754076 0.6395565443188137  
0.8774999999999841 0.769143630670283 0.6390759543691915  
0.8781249999999841 0.7695429029183984 0.6385951147805002  
0.878749999999984 0.769941874563788 0.6381140257405679  
0.879374999999984 0.7703405454506035 0.6376326874373198  
0.879999999999984 0.770738915423114 0.637151100058779  
0.880624999999984 0.7711369843257063 0.6366692637930653  
0.881249999999984 0.7715347520028847 0.6361871788283961  
0.881874999999984 0.7719322182992712 0.635704845353086  
0.882499999999984 0.7723293830596054 0.6352222635555463  
0.883124999999984 0.772726246128745 0.6347394336242858  
0.8837499999999839 0.7731228073516652 0.6342563557479096  
0.8843749999999839 0.7735190665734593 0.6337730301151203  
0.8849999999999839 0.7739150236393385 0.6332894569147169  
0.8856249999999839 0.7743106783946322 0.6328056363355953  
0.8862499999999839 0.7747060306847876 0.6323215685667478  
0.8868749999999839 0.7751010803553702 0.6318372537972634  
0.8874999999999839 0.7754958272520637 0.6313526922163276  
0.8881249999999838 0.7758902712206701 0.6308678840132224  
0.8887499999999838 0.7762844121071097 0.6303828293773258  
0.8893749999999838 0.7766782497574213 0.6298975284981125  
0.8899999999999838 0.7770717840177619 0.6294119815651531  
0.8906249999999838 0.7774650147344073 0.6289261887681143  
0.8912499999999838 0.7778579417537517 0.6284401502967591  
0.8918749999999838 0.7782505649223079 0.6279538663409462  
0.8924999999999838 0.7786428840867076 0.6274673370906302  
0.8931249999999837 0.7790348990937009 0.6269805627358617  
0.8937499999999837 0.7794266097901571 0.626493543466787  
0.8943749999999837 0.7798180160230641 0.626006279473648  
0.8949999999999837 0.7802091176395289 0.6255187709467821  
0.8956249999999837 0.7805999144867773 0.6250310180766224  
0.8962499999999837 0.7809904064121544 0.6245430210536975  
0.8968749999999837 0.7813805932631243 0.6240547800686311  
0.8974999999999836 0.78177047488727 0.6235662953121425  
0.8981249999999836 0.7821600511322943 0.6230775669750459  
0.8987499999999836 0.7825493218460187 0.6225885952482509  
0.8993749999999836 0.7829382868763844 0.6220993803227621  
0.8999999999999836 0.783326946071452 0.6216099223896792  
0.9006249999999836 0.7837152992794014 0.6211202216401965  
0.9012499999999836 0.7841033463485322 0.6206302782656036  
0.9018749999999836 0.7844910871272633 0.6201400924572845  
0.9024999999999835 0.7848785214641337 0.6196496644067182  
0.9031249999999835 0.7852656492078017 0.619158994305478  
0.9037499999999835 0.7856524702070455 0.6186680823452321  
0.9043749999999835 0.7860389843107632 0.6181769287177429  
0.9049999999999835 0.7864251913679727 0.6176855336148672  
0.9056249999999835 0.7868110912278118 0.6171938972285564  
0.9062499999999835 0.7871966837395383 0.616702019750856  
0.9068749999999834 0.7875819687525303 0.6162099013739056  
0.9074999999999834 0.7879669461162857 0.6157175422899389  
0.9081249999999834 0.7883516156804228 0.6152249426912838  
0.9087499999999834 0.7887359772946799 0.6147321027703619  
0.9093749999999834 0.7891200308089158 0.614239022719689  
0.9099999999999834 0.7895037760731096 0.6137457027318743  
0.9106249999999834 0.7898872129373607 0.6132521429996211  
0.9112499999999834 0.7902703412518892 0.612758343715726  
0.9118749999999833 0.7906531608670355 0.6122643050730796  
0.9124999999999833 0.7910356716332607 0.6117700272646657  
0.9131249999999833 0.7914178734011466 0.6112755104835614  
0.9137499999999833 0.7917997660213953 0.6107807549229376  
0.9143749999999833 0.7921813493448304 0.610285760776058  
0.9149999999999833 0.7925626232223957 0.6097905282362799  
0.9156249999999833 0.792943587505156 0.6092950574970534  
0.9162499999999832 0.7933242420442973 0.6087993487519218  
0.9168749999999832 0.7937045866911262 0.6083034021945213  
0.9174999999999832 0.7940846212970707 0.6078072180185811  
0.9181249999999832 0.7944643457136797 0.6073107964179231  
0.9187499999999832 0.7948437597926234 0.6068141375864621  
0.9193749999999832 0.7952228633856931 0.6063172417182054  
0.9199999999999832 0.7956016563448015 0.6058201090072531  
0.9206249999999832 0.7959801385219826 0.6053227396477976  
0.9212499999999831 0.7963583097693916 0.6048251338341237  
0.9218749999999831 0.7967361699393055 0.604327291760609  
0.9224999999999831 0.7971137188841227 0.6038292136217227  
0.9231249999999831 0.7974909564563631 0.6033308996120268  
0.9237499999999831 0.7978678825086682 0.6028323499261752  
0.9243749999999831 0.7982444968938013 0.6023335647589139  
0.9249999999999831 0.7986207994646473 0.6018345443050809  
0.925624999999983 0.7989967900742131 0.6013352887596061  
0.926249999999983 0.7993724685756273 0.6008357983175111  
0.926874999999983 0.7997478348221404 0.6003360731739095  
0.927499999999983 0.8001228886671251 0.5998361135240063  
0.928124999999983 0.8004976299640759 0.5993359195630985  
0.928749999999983 0.8008720585666095 0.5988354914865742  
0.929374999999983 0.8012461743284647 0.5983348294899131  
0.929999999999983 0.8016199771035024 0.5978339337686864  
0.9306249999999829 0.801993466745706 0.5973328045185565  
0.9312499999999829 0.8023666431091812 0.596831441935277  
0.9318749999999829 0.8027395060481557 0.5963298462146928  
0.9324999999999829 0.8031120554169801 0.5958280175527396  
0.9331249999999829 0.8034842910701272 0.5953259561454444  
0.9337499999999829 0.8038562128621926 0.5948236621889247  
0.9343749999999829 0.8042278206478941 0.5943211358793893  
0.9349999999999828 0.8045991142820725 0.5938183774131375  
0.9356249999999828 0.8049700936196912 0.5933153869865594  
0.9362499999999828 0.8053407585158364 0.5928121647961355  
0.9368749999999828 0.8057111088257171 0.5923087110384372  
0.9374999999999828 0.8060811444046652 0.591805025910126  
0.9381249999999828 0.8064508651081355 0.5913011096079539  
0.9387499999999828 0.8068202707917058 0.5907969623287633  
0.9393749999999828 0.8071893613110771 0.5902925842694868  
0.9399999999999827 0.8075581365220734 0.589787975627147  
0.9406249999999827 0.8079265962806419 0.5892831365988568  
0.9412499999999827 0.8082947404428529 0.5887780673818188  
0.9418749999999827 0.8086625688649001 0.5882727681733257  
0.9424999999999827 0.8090300814031004 0.5877672391707601  
0.9431249999999827 0.8093972779138944 0.5872614805715943  
0.9437499999999827 0.8097641582538457 0.5867554925733902  
0.9443749999999826 0.8101307222796419 0.5862492753737994  
0.9449999999999826 0.8104969698480938 0.5857428291705631  
0.9456249999999826 0.810862900816136 0.5852361541615118  
0.9462499999999826 0.8112285150408266 0.5847292505445653  
0.9468749999999826 0.8115938123793476 0.584222118517733  
0.9474999999999826 0.8119587926890047 0.5837147582791133  
0.9481249999999826 0.8123234558272274 0.583207170026894  
0.9487499999999826 0.8126878016515693 0.5826993539593516  
0.9493749999999825 0.8130518300197076 0.5821913102748518  
0.9499999999999825 0.8134155407894438 0.5816830391718493  
0.9506249999999825 0.8137789338187034 0.5811745408488873  
0.9512499999999825 0.8141420089655359 0.5806658155045981  
0.9518749999999825 0.8145047660881152 0.5801568633377026  
0.9524999999999825 0.8148672050447391 0.5796476845470101  
0.9531249999999825 0.81522932569383 0.5791382793314187  
0.9537499999999824 0.8155911278939345 0.5786286478899149  
0.9543749999999824 0.8159526115037236 0.5781187904215733  
0.9549999999999824 0.8163137763819927 0.5776087071255572  
0.9556249999999824 0.8166746223876616 0.5770983982011179  
0.9562499999999824 0.8170351493797752 0.5765878638475946  
0.9568749999999824 0.8173953572175023 0.5760771042644152  
0.9574999999999824 0.8177552457601369 0.5755661196510948  
0.9581249999999824 0.8181148148670974 0.575054910207237  
0.9587499999999823 0.8184740643979271 0.5745434761325329  
0.9593749999999823 0.8188329942122943 0.5740318176267615  
0.9599999999999823 0.8191916041699918 0.5735199348897894  
0.9606249999999823 0.8195498941309377 0.5730078281215708  
0.9612499999999823 0.819907863955175 0.5724954975221476  
0.9618749999999823 0.8202655135028717 0.5719829432916487  
0.9624999999999823 0.8206228426343208 0.5714701656302907  
0.9631249999999822 0.8209798512099408 0.5709571647383775  
0.9637499999999822 0.821336539090275 0.5704439408163001  
0.9643749999999822 0.8216929061359924 0.5699304940645366  
0.9649999999999822 0.8220489522078871 0.569416824683652  
0.9656249999999822 0.8224046771668784 0.5689029328742985  
0.9662499999999822 0.8227600808740113 0.5683888188372151  
0.9668749999999822 0.8231151631904563 0.5678744827732277  
0.9674999999999822 0.8234699239775093 0.5673599248832487  
0.9681249999999821 0.8238243630965918 0.5668451453682775  
0.9687499999999821 0.824178480409251 0.5663301444293997  
0.9693749999999821 0.8245322757771599 0.5658149222677875  
0.9699999999999821 0.8248857490621172 0.5652994790846998  
0.9706249999999821 0.8252389001260473 0.5647838150814815  
0.9712499999999821 0.8255917288310005 0.5642679304595638  
0.9718749999999821 0.8259442350391532 0.5637518254204643  
0.972499999999982 0.8262964186128076 0.5632355001657865  
0.973124999999982 0.8266482794143919 0.5627189548972199  
0.973749999999982 0.8269998173064605 0.56220218981654  
0.974374999999982 0.827351032151694 0.5616852051256083  
0.974999999999982 0.8277019238128991 0.5611680010263719  
0.975624999999982 0.8280524921530086 0.5606505777208636  
0.976249999999982 0.8284027370350817 0.560132935411202  
0.976874999999982 0.8287526583223042 0.5596150742995911  
0.9774999999999819 0.8291022558779878 0.5590969945883205  
0.9781249999999819 0.8294515295655711 0.558578696479765  
0.9787499999999819 0.8298004792486191 0.5580601801763848  
0.9793749999999819 0.8301491047908233 0.5575414458807255  
0.9799999999999819 0.8304974060560016 0.5570224937954176  
0.9806249999999819 0.8308453829080992 0.5565033241231767  
0.9812499999999819 0.8311930352111873 0.5559839370668037  
0.9818749999999818 0.8315403628294643 0.5554643328291841  
0.9824999999999818 0.8318873656272554 0.5549445116132882  
0.9831249999999818 0.8322340434690126 0.5544244736221712  
0.9837499999999818 0.8325803962193149 0.553904219058973  
0.9843749999999818 0.8329264237428681 0.5533837481269182  
0.9849999999999818 0.8332721259045053 0.5528630610293156  
0.9856249999999818 0.8336175025691865 0.5523421579695587  
0.9862499999999818 0.833962553601999 0.5518210391511252  
0.9868749999999817 0.8343072788681573 0.5512997047775773  
0.9874999999999817 0.8346516782330028 0.5507781550525611  
0.9881249999999817 0.8349957515620048 0.5502563901798071  
0.9887499999999817 0.8353394987207594 0.5497344103631296  
0.9893749999999817 0.8356829195749905 0.5492122158064271  
0.9899999999999817 0.8360260139905493 0.5486898067136818  
0.9906249999999817 0.8363687818334146 0.5481671832889599  
0.9912499999999816 0.8367112229696925 0.547644345736411  
0.9918749999999816 0.837053337265617 0.5471212942602687  
0.9924999999999816 0.8373951245875497 0.5465980290648499  
0.9931249999999816 0.83773658480198 0.5460745503545551  
0.9937499999999816 0.8380777177755249 0.5455508583338683  
0.9943749999999816 0.8384185233749293 0.5450269532073566  
0.9949999999999816 0.8387590014670661 0.5445028351796705  
0.9956249999999816 0.8390991519189359 0.5439785044555435  
0.9962499999999815 0.8394389745976675 0.5434539612397925  
0.9968749999999815 0.8397784693705176 0.5429292057373172  
0.9974999999999815 0.8401176361048711 0.5424042381531001  
0.9981249999999815 0.840456474668241 0.5418790586922069  
0.9987499999999815 0.8407949849282684 0.5413536675597855  
0.9993749999999815 0.8411331667527228 0.5408280649610672  
0.9999999999999815 0.8414710200095018 0.5403022511013653  
