0 0 1  
0.0025 0.002499996093756104 0.9999968750048828  
0.005 0.004999976562561035 0.9999875000390623  
0.0075 0.007499925781561278 0.9999718751611322  
0.01 0.009999828126098627 0.9999500004687476  
0.0125 0.01249966797180784 0.9999218760986253  
0.015 0.0149994296947143 0.9998875022265421  
0.0175 0.01749909767133165 0.9998468790673345  
0.02 0.01999865627875944 0.9998000068748969  
0.0225 0.02249808989478078 0.99974688594218  
0.025 0.02499738289795999 0.999687516601189  
0.0275 0.02749651966774021 0.9996218992229819  
0.03 0.02999548458454102 0.9995500342176666  
0.03249999999999999 0.0324942620298561 0.9994719220343986  
0.035 0.03499283638635082 0.9993875631613783  
0.0375 0.03749119203795985 0.999296958125848  
0.04 0.03998931336998477 0.9992001074940881  
0.0425 0.04248718476919165 0.9990970118714141  
0.04500000000000001 0.04498479062390863 0.9989876719021727  
0.04750000000000001 0.04748211532412352 0.9988720882697377  
0.05000000000000001 0.04997914326158132 0.9987502616965056  
0.05250000000000001 0.05247585882988182 0.9986221929438913  
0.05500000000000001 0.05497224642457708 0.9984878828123233  
0.05750000000000002 0.05746829044326904 0.9983473321412385  
0.06000000000000002 0.05996397528570693 0.9982005418090772  
0.06250000000000001 0.06245928535388488 0.9980475127332777  
0.06500000000000002 0.06495420505213931 0.9978882458702703  
0.06750000000000002 0.06744871878724648 0.997722742215471  
0.07000000000000002 0.06994281096851991 0.9975510028032762  
0.07250000000000002 0.07243646600790783 0.9973730287070557  
0.07500000000000002 0.07492966832009058 0.9971888210391456  
0.07750000000000003 0.07742240232257806 0.9969983809508423  
0.08000000000000003 0.0799146524358071 0.9968017096323942  
0.08250000000000003 0.08240640308323884 0.9965988083129954  
0.08500000000000003 0.08489763869145606 0.9963896782607771  
0.08750000000000004 0.08738834369026052 0.9961743207827999  
0.09000000000000004 0.08987850251277033 0.9959527372250461  
0.09250000000000004 0.09236809959551714 0.9957249289724107  
0.09500000000000004 0.09485711937854352 0.9954908974486931  
0.09750000000000004 0.09734554630550012 0.995250644116588  
0.1 0.09983336482374294 0.9950041704776765  
0.1025 0.1023205593844306 0.9947514780724163  
0.1050000000000001 0.1048071144426213 0.9944925684801325  
0.1075000000000001 0.1072930144573702 0.9942274433190075  
0.1100000000000001 0.1097782438918265 0.9939561042460709  
0.1125000000000001 0.1122627872133306 0.9936785529571895  
0.1150000000000001 0.1147466288935109 0.993394791187056  
0.1175000000000001 0.1172297534083812 0.9931048207091786  
0.1200000000000001 0.1197121452384375 0.99280864333587  
0.1225000000000001 0.1221937888687551 0.992506260918236  
0.1250000000000001 0.1246746687890856 0.9921976753461638  
0.1275000000000001 0.1271547694939537 0.99188288854831  
0.1300000000000001 0.1296340754827542 0.9915619024920891  
0.1325000000000001 0.1321125712598489 0.9912347191836608  
0.1350000000000001 0.1345902413346634 0.9909013406679177  
0.1375000000000001 0.1370670702217839 0.9905617690284721  
0.1400000000000001 0.139543042441054 0.9902160063876436  
0.1425000000000001 0.1420181425176716 0.9898640549064452  
0.1450000000000001 0.1444923549822854 0.9895059167845703  
0.1475000000000001 0.1469656643710916 0.9891415942603786  
0.1500000000000001 0.1494380552259307 0.9887710896108823  
0.1525000000000001 0.1519095120943839 0.9883944051517319  
0.1550000000000001 0.1543800195298701 0.9880115432372016  
0.1575000000000001 0.1568495620917418 0.9876225062601747  
0.1600000000000001 0.1593181243453822 0.9872272966521283  
0.1625000000000001 0.1617856908623012 0.9868259168831187  
0.1650000000000001 0.1642522462202324 0.9864183694617655  
0.1675000000000001 0.1667177750032286 0.9860046569352362  
0.1700000000000001 0.1691822618017592 0.9855847818892299  
0.1725000000000001 0.1716456912128057 0.9851587469479617  
0.1750000000000001 0.1741080478399583 0.9847265547741457  
0.1775000000000001 0.1765693162935122 0.9842882080689789  
0.1800000000000001 0.1790294811905636 0.9838437095721237  
0.1825000000000001 0.1814885271551059 0.9833930620616916  
0.1850000000000001 0.1839464388181258 0.9829362683542251  
0.1875000000000001 0.1864032008176994 0.9824733313046803  
0.1900000000000001 0.1888587977990883 0.9820042538064093  
0.1925000000000001 0.1913132144148352 0.981529038791142  
0.1950000000000001 0.1937664353248603 0.9810476892289673  
0.1975000000000001 0.196218445196557 0.9805602081283156  
0.2000000000000001 0.1986692287048873 0.9800665985359388  
0.2025000000000001 0.2011187705324783 0.9795668635368922  
0.2050000000000001 0.2035670553697176 0.9790610062545144  
0.2075000000000001 0.2060140679148487 0.9785490298504087  
0.2100000000000001 0.2084597928740673 0.9780309375244226  
0.2125000000000001 0.2109042149616161 0.9775067325146281  
0.2150000000000001 0.213347318899881 0.9769764180973012  
0.2175000000000001 0.2157890894194862 0.9764399975869019  
0.2200000000000001 0.2182295112593899 0.9758974743360533  
0.2225000000000001 0.2206685691669794 0.9753488517355203  
0.2250000000000001 0.2231062478981665 0.9747941332141888  
0.2275000000000001 0.2255425322174831 0.9742333222390442  
0.2300000000000001 0.2279774068981758 0.9736664223151497  
0.2325000000000002 0.2304108567223018 0.9730934369856241  
0.2350000000000002 0.2328428664808234 0.9725143698316202  
0.2375000000000002 0.2352734209737033 0.971929224472302  
0.2400000000000002 0.2377025050099997 0.9713380045648223  
0.2425000000000002 0.2401301034079611 0.9707407138042998  
0.2450000000000002 0.2425562009951212 0.970137355923796  
0.2475000000000002 0.2449807826083938 0.9695279346942917  
0.2500000000000002 0.2474038330941675 0.9689124539246634  
0.2525000000000002 0.2498253373084004 0.9682909174616602  
0.2550000000000002 0.2522452801167148 0.9676633291898787  
0.2575000000000002 0.2546636463944918 0.9670296930317397  
0.2600000000000002 0.2570804210269659 0.9663900129474629  
0.2625000000000002 0.259495588909319 0.9657442929350425  
0.2650000000000002 0.2619091349467756 0.9650925370302224  
0.2675000000000002 0.2643210440546965 0.9644347493064706  
0.2700000000000002 0.2667313011586733 0.9637709338749538  
0.2725000000000002 0.2691398911946226 0.9631010948845122  
0.2750000000000002 0.2715467991088803 0.9624252365216328  
0.2775000000000002 0.2739520098582954 0.9617433630104238  
0.2800000000000002 0.2763555084103241 0.9610554786125881  
0.2825000000000002 0.2787572797431241 0.9603615876273963  
0.2850000000000002 0.281157308845648 0.9596616943916604  
0.2875000000000002 0.2835555807177372 0.9589558032797062  
0.2900000000000002 0.285952080370216 0.9582439187033462  
0.2925000000000002 0.288346792824985 0.9575260451118522  
0.2950000000000002 0.2907397031151147 0.9568021869919271  
0.2975000000000002 0.2931307962849392 0.956072348867677  
0.3000000000000002 0.2955200573901495 0.9553365353005832  
0.3025000000000002 0.2979074714978871 0.9545947508894731  
0.3050000000000002 0.3002930236868371 0.9538470002704922  
0.3075000000000002 0.3026766990473215 0.9530932881170745  
0.3100000000000002 0.3050584826813927 0.9523336191399137  
0.3125000000000002 0.3074383597029263 0.9515679980869333  
0.3150000000000002 0.3098163152377141 0.9507964297432575  
0.3175000000000002 0.3121923344235571 0.950018918931181  
0.3200000000000002 0.3145664024103588 0.9492354705101386  
0.3225000000000002 0.3169385043602174 0.9484460893766753  
0.3250000000000002 0.3193086254475188 0.9476507804644156  
0.3275000000000002 0.3216767508590293 0.9468495487440325  
0.3300000000000002 0.3240428657939884 0.9460423992232162  
0.3325000000000002 0.3264069554642007 0.9452293369466435  
0.3350000000000002 0.328769005094129 0.9444103669959455  
0.3375000000000002 0.331128999920986 0.9435854944896765  
0.3400000000000002 0.3334869251948272 0.9427547245832818  
0.3425000000000002 0.3358427661786426 0.941918062469065  
0.3450000000000003 0.3381965081484491 0.9410755133761561  
0.3475000000000003 0.3405481363933824 0.9402270825704788  
0.3500000000000003 0.3428976362157889 0.9393727753547173  
0.3525000000000003 0.3452449929313177 0.9385125970682834  
0.3550000000000003 0.3475901918690122 0.937646553087283  
0.3575000000000003 0.3499332183714019 0.9367746488244825  
0.3600000000000003 0.3522740577945941 0.935896889729275  
0.3625000000000003 0.3546126955083652 0.9350132812876463  
0.3650000000000003 0.3569491168962525 0.9341238290221405  
0.3675000000000003 0.359283307355645 0.9332285384918256  
0.3700000000000003 0.3616152522978751 0.9323274152922587  
0.3725000000000003 0.3639449371483097 0.931420465055451  
0.3750000000000003 0.3662723473464413 0.9305076934498325  
0.3775000000000003 0.3685974683459788 0.929589106180217  
0.3800000000000003 0.3709202856149388 0.9286647089877658  
0.3825000000000003 0.373240784635736 0.9277345076499525  
0.3850000000000003 0.3755589509052741 0.9267985079805262  
0.3875000000000003 0.3778747699350367 0.9258567158294758  
0.3900000000000003 0.3801882272511772 0.924909137082993  
0.3925000000000003 0.3824993083946103 0.9239557776634358  
0.3950000000000003 0.3848079989211012 0.9229966435292912  
0.3975000000000003 0.3871142844013567 0.9220317406751382  
0.4000000000000003 0.3894181504211152 0.9210610751316101  
0.4025000000000003 0.3917195825812363 0.9200846529653571  
0.4050000000000003 0.3940185664977918 0.9191024802790083  
0.4075000000000003 0.3963150878021545 0.9181145632111334  
0.4100000000000003 0.3986091321410887 0.9171209079362044  
0.4125000000000003 0.4009006851768396 0.916121520664557  
0.4150000000000003 0.4031897325872233 0.9151164076423519  
0.4175000000000003 0.4054762600657156 0.9141055751515358  
0.4200000000000003 0.4077602533215423 0.9130890295098018  
0.4225000000000003 0.4100416980797678 0.9120667770705501  
0.4250000000000003 0.4123205800813845 0.9110388242228487  
0.4275000000000003 0.4145968850834023 0.9100051773913926  
0.4300000000000003 0.4168705988589371 0.9089658430364647  
0.4325000000000003 0.4191417071973001 0.9079208276538944  
0.4350000000000003 0.4214101959040862 0.9068701377750177  
0.4375000000000003 0.4236760508012633 0.905813779966636  
0.4400000000000003 0.4259392577272603 0.9047517608309754  
0.4425000000000003 0.4281998025370561 0.9036840870056451  
0.4450000000000003 0.4304576711022676 0.902610765163596  
0.4475000000000003 0.4327128493112385 0.901531802013079  
0.4500000000000003 0.4349653230691268 0.9004472042976036  
0.4525000000000003 0.4372150782979937 0.8993569787958947  
0.4550000000000003 0.4394621009368909 0.8982611323218511  
0.4575000000000004 0.4417063769419489 0.8971596717245026  
0.4600000000000004 0.4439478922864645 0.8960526038879671  
0.4625000000000004 0.4461866329609887 0.8949399357314078  
0.4650000000000004 0.4484225849734142 0.8938216742089898  
0.4675000000000004 0.4506557343490628 0.8926978263098367  
0.4700000000000004 0.4528860671307725 0.8915683990579869  
0.4725000000000004 0.4551135693789854 0.8904333995123497  
0.4750000000000004 0.4573382271718342 0.8892928347666611  
0.4775000000000004 0.4595600266052293 0.8881467119494397  
0.4800000000000004 0.461778953792946 0.886995038223942  
0.4825000000000004 0.4639949948667111 0.8858378207881175  
0.4850000000000004 0.4662081359762895 0.8846750668745637  
0.4875000000000004 0.4684183632895708 0.8835067837504813  
0.4900000000000004 0.4706256629926559 0.8823329787176285  
0.4925000000000004 0.4728300212899433 0.8811536591122753  
0.4950000000000004 0.4750314244042151 0.8799688323051575  
0.4975000000000004 0.4772298585767233 0.8787785057014313  
0.5000000000000003 0.4794253100672759 0.8775826867406263  
0.5025000000000003 0.4816177651543224 0.8763813828965994  
0.5050000000000002 0.48380721013504 0.8751746016774877  
0.5075000000000002 0.485993631325419 0.8739623506256622  
0.5100000000000001 0.4881770150603481 0.8727446373176799  
0.5125000000000001 0.4903573476937005 0.8715214693642374  
0.515 0.4925346155984184 0.8702928544101222  
0.5175 0.4947088051665988 0.8690588001341659  
0.5199999999999999 0.496879902809578 0.8678193142491957  
0.5224999999999999 0.499047894958017 0.8665744045019862  
0.5249999999999998 0.501212768061986 0.8653240786732112  
0.5274999999999997 0.5033745085910493 0.8640683445773949  
0.5299999999999997 0.5055331030343496 0.8628072100628631  
0.5324999999999996 0.5076885379006928 0.8615406830116943  
0.5349999999999996 0.5098407997186321 0.8602687713396702  
0.5374999999999995 0.5119898750365519 0.8589914829962262  
0.5399999999999995 0.5141357504227527 0.857708825964402  
0.5424999999999994 0.5162784124655342 0.8564208082607917  
0.5449999999999994 0.5184178477732796 0.8551274379354932  
0.5474999999999993 0.520554042974539 0.8538287230720584  
0.5499999999999993 0.5226869847181134 0.8525246717874425  
0.5524999999999992 0.5248166596731376 0.8512152922319535  
0.5549999999999992 0.526943054529164 0.8499005925892006  
0.5574999999999991 0.5290661559962455 0.8485805810760438  
0.5599999999999991 0.5311859508050187 0.8472552659425423  
0.562499999999999 0.5333024257067868 0.8459246554719025  
0.5649999999999989 0.5354155674736022 0.8445887579804271  
0.5674999999999989 0.5375253628983495 0.8432475818174622  
0.5699999999999988 0.539631798794828 0.8419011353653457  
0.5724999999999988 0.5417348619978339 0.8405494270393549  
0.5749999999999987 0.5438345393632427 0.8391924652876536  
0.5774999999999987 0.5459308177680913 0.8378302585912394  
0.5799999999999986 0.5480236841106602 0.8364628154638909  
0.5824999999999986 0.5501131253105551 0.8350901444521144  
0.5849999999999985 0.5521991283087891 0.8337122541350902  
0.5874999999999985 0.5542816800678638 0.8323291531246194  
0.5899999999999984 0.5563607675718509 0.8309408500650698  
0.5924999999999984 0.5584363778264739 0.8295473536333219  
0.5949999999999983 0.560508497859189 0.8281486725387148  
0.5974999999999983 0.5625771147192661 0.8267448155229917  
0.5999999999999982 0.5646422154778701 0.8253357913602453  
0.6024999999999981 0.5667037872281415 0.8239216088568627  
0.6049999999999981 0.568761817085277 0.8225022768514709  
0.607499999999998 0.5708162921866099 0.8210778042148811  
0.609999999999998 0.5728671996916911 0.8196481998500332  
0.6124999999999979 0.5749145267823685 0.8182134726919407  
0.6149999999999979 0.576958260662868 0.8167736317076342  
0.6174999999999978 0.5789983885598727 0.8153286858961057  
0.6199999999999978 0.5810348977226032 0.8138786442882526  
0.6224999999999977 0.583067775422897 0.8124235159468207  
0.6249999999999977 0.5850970089552885 0.810963309966348  
0.6274999999999976 0.5871225856370879 0.8094980354731075  
0.6299999999999976 0.5891444928084606 0.8080277016250506  
0.6324999999999975 0.5911627178325066 0.8065523176117494  
0.6349999999999975 0.5931772480953392 0.8050718926543395  
0.6374999999999974 0.595188071006164 0.8035864360054626  
0.6399999999999973 0.5971951739973573 0.8020959569492082  
0.6424999999999973 0.5991985445245451 0.8006004648010558  
0.6449999999999972 0.6011981700666812 0.7990999689078168  
0.6474999999999972 0.6031940381261255 0.7975944786475757  
0.6499999999999971 0.605186136228722 0.7960840034296321  
0.6524999999999971 0.6071744519238771 0.7945685526944414  
0.654999999999997 0.609158972784637 0.7930481359135557  
0.657499999999997 0.6111396864077659 0.7915227625895652  
0.6599999999999969 0.613116580413823 0.7899924422560383  
0.6624999999999969 0.6150896424472398 0.7884571844774619  
0.6649999999999968 0.6170588601763981 0.7869169988491824  
0.6674999999999968 0.6190242212937063 0.7853718949973448  
0.6699999999999967 0.6209857135156764 0.7838218825788331  
0.6724999999999967 0.6229433245830015 0.7822669712812098  
0.6749999999999966 0.6248970422606314 0.7807071708226553  
0.6774999999999965 0.6268468543378496 0.7791424909519071  
0.6799999999999965 0.6287927486283498 0.7775729414481993  
0.6824999999999964 0.6307347129703115 0.775998532121201  
0.6849999999999964 0.6326727352264767 0.774419272810955  
0.6874999999999963 0.6346068032842251 0.7728351733878166  
0.6899999999999963 0.6365369050556504 0.7712462437523917  
0.6924999999999962 0.6384630284776353 0.7696524938354751  
0.6949999999999962 0.640385161511927 0.7680539335979881  
0.6974999999999961 0.6423032921452132 0.7664505730309167  
0.6999999999999961 0.6442174083891959 0.7648424221552487  
0.702499999999996 0.6461274982806674 0.7632294910219113  
0.704999999999996 0.6480335498815845 0.7616117897117085  
0.7074999999999959 0.6499355512791432 0.7599893283352576  
0.7099999999999959 0.6518334905858534 0.7583621170329263  
0.7124999999999958 0.653727355939613 0.7567301659747695  
0.7149999999999958 0.655617135503782 0.7550934853604653  
0.7174999999999957 0.6575028174672566 0.7534520854192515  
0.7199999999999956 0.659384390044543 0.7518059764098617  
0.7224999999999956 0.6612618414758309 0.7501551686204612  
0.7249999999999955 0.6631351600270672 0.7484996723685825  
0.7274999999999955 0.6650043339900292 0.7468394980010611  
0.7299999999999954 0.666869351682398 0.7451746558939706  
0.7324999999999954 0.6687302014478312 0.7435051564525578  
0.7349999999999953 0.6705868716560359 0.7418310101111779  
0.7374999999999953 0.6724393507028414 0.7401522273332293  
0.7399999999999952 0.6742876270102718 0.7384688186110879  
0.7424999999999952 0.6761316890266182 0.7367807944660418  
0.7449999999999951 0.6779715252265111 0.7350881654482254  
0.7474999999999951 0.679807124110992 0.7333909421365535  
0.749999999999995 0.6816384742075859 0.7316891351386553  
0.752499999999995 0.6834655640703727 0.7299827550908079  
0.7549999999999949 0.6852883822800586 0.7282718126578699  
0.7574999999999948 0.6871069174440475 0.7265563185332148  
0.7599999999999948 0.6889211581965123 0.7248362834386641  
0.7624999999999947 0.6907310931984662 0.7231117181244204  
0.7649999999999947 0.6925367111378329 0.7213826333690001  
0.7674999999999946 0.6943380007295181 0.719649039979166  
0.7699999999999946 0.6961349507154794 0.7179109487898597  
0.7724999999999945 0.6979275498647969 0.7161683706641344  
0.7749999999999945 0.6997157869737434 0.7144213164930863  
0.7774999999999944 0.7014996508658544 0.7126697971957868  
0.7799999999999944 0.7032791303919982 0.7109138237192145  
0.7824999999999943 0.7050542144304449 0.7091534070381865  
0.7849999999999943 0.7068248918869368 0.7073885581552898  
0.7874999999999942 0.7085911516947568 0.7056192881008126  
0.7899999999999942 0.7103529828147988 0.7038456079326757  
0.7924999999999941 0.7121103742356351 0.7020675287363627  
0.794999999999994 0.7138633149735866 0.7002850616248512  
0.797499999999994 0.7156117940727909 0.6984982177385431  
0.7999999999999939 0.7173558006052705 0.6967070082451956  
0.8024999999999939 0.7190953236710018 0.6949114443398503  
0.8049999999999938 0.7208303523979825 0.693111537244764  
0.8074999999999938 0.7225608759423001 0.6913072982093387  
0.8099999999999937 0.7242868834881994 0.6894987385100505  
0.8124999999999937 0.7260083642481499 0.68768586945038  
0.8149999999999936 0.7277253074629138 0.6858687023607412  
0.8174999999999936 0.7294377024016127 0.6840472485984105  
0.8199999999999935 0.731145538361795 0.6822215195474562  
0.8224999999999935 0.7328488046695026 0.6803915266186671  
0.8249999999999934 0.7345474906793378 0.678557281249481  
0.8274999999999934 0.7362415857745295 0.6767187949039136  
0.8299999999999933 0.737931079367 0.6748760790724867  
0.8324999999999932 0.7396159608974308 0.6730291452721562  
0.8349999999999932 0.7412962198353288 0.6711780050462403  
0.8374999999999931 0.742971845679092 0.6693226699643472  
0.8399999999999931 0.7446428279560754 0.6674631516223032  
0.842499999999993 0.7463091562226559 0.6655994616420797  
0.844999999999993 0.7479708200642982 0.663731611671721  
0.8474999999999929 0.7496278090956194 0.6618596133852711  
0.8499999999999929 0.7512801129604544 0.659983478482701  
0.8524999999999928 0.7529277213319201 0.6581032186898356  
0.8549999999999928 0.7545706239124802 0.65621884575828  
0.8574999999999927 0.7562088104340098 0.6543303714653469  
0.8599999999999927 0.7578422706578589 0.6524378076139821  
0.8624999999999926 0.7594709943749173 0.6505411660326911  
0.8649999999999926 0.7610949714056775 0.6486404585754654  
0.8674999999999925 0.762714191600299 0.6467356971217079  
0.8699999999999924 0.7643286448386712 0.6448268935761592  
0.8724999999999924 0.7659383210304774 0.6429140598688228  
0.8749999999999923 0.7675432101152571 0.6409972079548906  
0.8774999999999923 0.7691433020624691 0.6390763498146684  
0.8799999999999922 0.7707385868715543 0.6371514974535009  
0.8824999999999922 0.7723290545719983 0.6352226629016964  
0.8849999999999921 0.7739146952233935 0.6332898582144522  
0.8874999999999921 0.7754954989155013 0.6313530954717785  
0.889999999999992 0.777071455768314 0.6294123867784238  
0.892499999999992 0.7786425559321168 0.6274677442637983  
0.8949999999999919 0.7802087895875489 0.6255191800818987  
0.8974999999999919 0.7817701469456654 0.6235667064112321  
0.8999999999999918 0.7833266182479979 0.6216103354547401  
0.9024999999999918 0.7848781937666159 0.6196500794397218  
0.9049999999999917 0.7864248638041877 0.6176859506177583  
0.9074999999999916 0.7879666186940407 0.6157179612646355  
0.9099999999999916 0.7895034488002218 0.6137461236802677  
0.9124999999999915 0.791035344517558 0.6117704501886205  
0.9149999999999915 0.7925622962717158 0.609790953137634  
0.9174999999999914 0.7940842945192618 0.6078076448991453  
0.9199999999999914 0.7956013297477217 0.6058205378688115  
0.9224999999999913 0.7971133924756403 0.6038296444660323  
0.9249999999999913 0.7986204732526402 0.6018349771338719  
0.9274999999999912 0.8001225626594812 0.5998365483389817  
0.9299999999999912 0.8016196513081194 0.5978343705715222  
0.9324999999999911 0.8031117298417652 0.5958284563450849  
0.9349999999999911 0.8045987889349423 0.593818818196614  
0.937499999999991 0.806080819293546 0.5918054686863283  
0.939999999999991 0.807557811654901 0.5897884203976428  
0.9424999999999909 0.8090297567878194 0.5877676859370894  
0.9449999999999908 0.8104966454926585 0.5857432779342387  
0.9474999999999908 0.8119584686013783 0.5837152090416212  
0.9499999999999907 0.8134152169775987 0.5816834919346475  
0.9524999999999907 0.8148668815166564 0.5796481393115297  
0.9549999999999906 0.8163134531456624 0.5776091638932018  
0.9574999999999906 0.817754922823558 0.5755665784232403  
0.9599999999999905 0.8191912815411718 0.5735203956677845  
0.9624999999999905 0.8206225203212759 0.5714706284154564  
0.9649999999999904 0.8220486302186418 0.5694172894772814  
0.9674999999999904 0.8234696023200967 0.567360391686608  
0.9699999999999903 0.8248854277445787 0.5652999478990272  
0.9724999999999903 0.8262960976431929 0.5632359709922924  
0.9749999999999902 0.8277016031992661 0.5611684738662394  
0.9774999999999902 0.8291019356284023 0.5590974694427048  
0.9799999999999901 0.8304970861785375 0.5570229706654461  
0.98249999999999 0.8318870461299943 0.5549449905000605  
0.98499999999999 0.8332718067955368 0.5528635419339036  
0.9874999999999899 0.8346513595204242 0.5507786379760087  
0.9899999999999899 0.8360256956824655 0.5486902916570051  
0.9924999999999898 0.8373948066920731 0.546598516029037  
0.9949999999999898 0.8387586839923165 0.5445033241656815  
0.9974999999999897 0.8401173190589759 0.5424047291618673  
0.9999999999999897 0.8414707034005955 0.5403027441337929  
1.00249999999999 0.8428188285585363 0.5381973822188439  
1.00499999999999 0.8441616861070292 0.536088656575512  
1.00749999999999 0.8454992676532278 0.5339765803833116  
1.00999999999999 0.8468315648372603 0.5318611668426986  
1.01249999999999 0.8481585693322824 0.5297424291749866  
1.014999999999989 0.849480272844529 0.5276203806222656  
1.017499999999989 0.850796667113366 0.5254950344473182  
1.019999999999989 0.852107743911342 0.5233664039335373  
1.022499999999989 0.85341349504424 0.5212345023848428  
1.024999999999989 0.854713912351128 0.5190993431255986  
1.027499999999989 0.8560089877044107 0.5169609395005291  
1.029999999999989 0.8572987130098797 0.5148193048746362  
1.032499999999989 0.8585830802067644 0.5126744526331154  
1.034999999999989 0.8598620812677824 0.5105263961812722  
1.037499999999989 0.8611357081991895 0.5083751489444385  
1.039999999999989 0.86240395304083 0.5062207243678885  
1.042499999999989 0.8636668078661858 0.5040631359167547  
1.044999999999989 0.8649242647824267 0.5019023970759439  
1.047499999999989 0.8661763159304592 0.4997385213500528  
1.049999999999989 0.8674229534849759 0.4975715222632834  
1.052499999999989 0.8686641696545042 0.4954014133593591  
1.054999999999989 0.8698999566814553 0.4932282082014391  
1.057499999999989 0.8711303068421721 0.4910519203720346  
1.059999999999989 0.8723552124469782 0.4888725634729232  
1.062499999999988 0.8735746658402257 0.4866901511250642  
1.064999999999988 0.8747886594003427 0.4845046969685135  
1.067499999999988 0.8759971855398813 0.4823162146623382  
1.069999999999988 0.8772002367055648 0.4801247178845314  
1.072499999999988 0.8783978053783353 0.4779302203319265  
1.074999999999988 0.8795898840734004 0.4757327357201118  
1.077499999999988 0.8807764653402798 0.4735322777833447  
1.079999999999988 0.881957541762852 0.4713288602744658  
1.082499999999988 0.8831331059594011 0.469122496964813  
1.084999999999988 0.8843031505826623 0.4669132016441354  
1.087499999999988 0.8854676683198681 0.4647009881205073  
1.089999999999988 0.8866266518927941 0.4624858702202414  
1.092499999999988 0.8877800940578041 0.4602678617878032  
1.094999999999988 0.888927987605896 0.4580469766857235  
1.097499999999988 0.8900703253627462 0.4558232287945127  
1.099999999999988 0.891207100188755 0.4535966320125733  
1.102499999999988 0.8923383049790909 0.4513672002561135  
1.104999999999988 0.8934639326637349 0.44913494745906  
1.107499999999987 0.8945839762075249 0.4468998875729709  
1.109999999999987 0.8956984286101999 0.4446620345669488  
1.112499999999987 0.896807282906443 0.442421402427553  
1.114999999999987 0.8979105321659258 0.4401780051587125  
1.117499999999987 0.8990081694933512 0.4379318567816384  
1.119999999999987 0.9001001880284967 0.4356829713347361  
1.122499999999987 0.901186580946257 0.4334313628735176  
1.124999999999987 0.9022673414566871 0.4311770454705139  
1.127499999999987 0.9033424628050442 0.4289200332151868  
1.129999999999987 0.9044119382718304 0.4266603402138407  
1.132499999999987 0.9054757611728347 0.4243979805895349  
1.134999999999987 0.9065339248591741 0.4221329684819949  
1.137499999999987 0.9075864227173359 0.4198653180475242  
1.139999999999987 0.908633248169219 0.4175950434589161  
1.142499999999987 0.9096743946721744 0.4153221589053643  
1.144999999999987 0.9107098557190465 0.4130466785923753  
1.147499999999987 0.911739624838214 0.4107686167416787  
1.149999999999987 0.91276369559363 0.408487987591139  
1.152499999999987 0.9137820615848623 0.4062048053946659  
1.154999999999986 0.9147947164471333 0.4039190844221259  
1.157499999999986 0.91580165385136 0.4016308389592528  
1.159999999999986 0.9168028675041936 0.3993400833075583  
1.162499999999986 0.9177983511480583 0.397046831784243  
1.164999999999986 0.9187880985611913 0.3947510987221065  
1.167499999999986 0.9197721035576807 0.3924528984694579  
1.169999999999986 0.9207503599875051 0.3901522453900264  
1.172499999999986 0.9217228617365713 0.3878491538628713  
1.174999999999986 0.9226896027267527 0.3855436382822921  
1.177499999999986 0.9236505769159278 0.3832357130577387  
1.179999999999986 0.9246057782980172 0.3809253926137213  
1.182499999999986 0.9255552009030215 0.37861269138972  
1.184999999999986 0.9264988387970587 0.3762976238400949  
1.187499999999986 0.9274366860824014 0.3739802044339956  
1.189999999999986 0.928368736897513 0.3716604476552707  
1.192499999999986 0.929294985417085 0.3693383680023775  
1.194999999999986 0.9302154258520733 0.367013979988291  
1.197499999999986 0.9311300524497341 0.3646872981404137  
1.199999999999986 0.9320388594936603 0.3623583370004845  
1.202499999999985 0.9329418413038165 0.3600271111244877  
1.204999999999985 0.9338389922365753 0.3576936350825622  
1.207499999999985 0.9347303066847521 0.3553579234589105  
1.209999999999985 0.9356157790776404 0.3530199908517075  
1.212499999999985 0.9364954038810462 0.3506798518730092  
1.214999999999985 0.9373691755973234 0.3483375211486612  
1.217499999999985 0.9382370887654069 0.3459930133182078  
1.219999999999985 0.9390991379608482 0.3436463430348  
1.222499999999985 0.9399553177958481 0.3412975249651041  
1.224999999999985 0.9408056229192909 0.3389465737892102  
1.227499999999985 0.9416500480167781 0.3365935042005401  
1.229999999999985 0.9424885878106609 0.3342383309057558  
1.232499999999985 0.943321237060074 0.3318810686246674  
1.234999999999985 0.9441479905609675 0.3295217320901411  
1.237499999999985 0.9449688431461403 0.3271603360480073  
1.239999999999985 0.9457837896852714 0.324796895256968  
1.242499999999985 0.9465928250849532 0.3224314244885052  
1.244999999999985 0.9473959442887223 0.3200639385267881  
1.247499999999985 0.9481931422770915 0.3176944521685808  
1.249999999999984 0.9489844140675812 0.31532298022315  
1.252499999999984 0.9497697547147503 0.3129495375121721  
1.254999999999984 0.9505491593102277 0.3105741388696409  
1.257499999999984 0.951322622982742 0.3081967991417747  
1.259999999999984 0.9520901408981528 0.3058175331869236  
1.262499999999984 0.9528517082594808 0.3034363558754765  
1.264999999999984 0.9536073203069374 0.3010532820897685  
1.267499999999984 0.9543569723179546 0.2986683267239874  
1.269999999999984 0.9551006596072147 0.2962815046840809  
1.272499999999984 0.9558383775266793 0.2938928308876635  
1.274999999999984 0.9565701214656188 0.2915023202639232  
1.277499999999984 0.9572958868506406 0.2891099877535279  
1.279999999999984 0.9580156691457181 0.2867158483085324  
1.282499999999984 0.9587294638522191 0.284319916892285  
1.284999999999984 0.9594372665089337 0.2819222084793335  
1.287499999999984 0.960139072692102 0.2795227380553322  
1.289999999999984 0.9608348780154423 0.2771215206169478  
1.292499999999984 0.9615246781301782 0.2747185711717657  
1.294999999999983 0.9622084687250656 0.2723139047381967  
1.297499999999983 0.9628862455264201 0.2699075363453823  
1.299999999999983 0.9635580042981432 0.2674994810331016  
1.302499999999983 0.9642237408417492 0.2650897538516767  
1.304999999999983 0.9648834509963912 0.262678369861879  
1.307499999999983 0.965537130638887 0.2602653441348349  
1.309999999999983 0.9661847756837455 0.2578506917519316  
1.312499999999983 0.9668263820831913 0.255434427804723  
1.314999999999983 0.9674619458271907 0.253016567394835  
1.317499999999983 0.9680914629434766 0.2505971256338717  
1.319999999999983 0.9687149294975731 0.2481761176433204  
1.322499999999983 0.9693323415928203 0.2457535585544574  
1.324999999999983 0.9699436953703987 0.2433294635082534  
1.327499999999983 0.9705489870093531 0.2409038476552787  
1.329999999999983 0.9711482127266167 0.2384767261556087  
1.332499999999983 0.9717413687770345 0.2360481141787292  
1.334999999999983 0.9723284514533873 0.2336180269034411  
1.337499999999983 0.9729094570864139 0.2311864795177664  
1.339999999999983 0.9734843820448347 0.2287534872188523  
1.342499999999982 0.9740532227353743 0.2263190652128771  
1.344999999999982 0.9746159756027841 0.2238832287149544  
1.347499999999982 0.9751726371298641 0.2214459929490386  
1.349999999999982 0.9757232038374852 0.2190073731478294  
1.352499999999982 0.9762676722846109 0.2165673845526767  
1.354999999999982 0.9768060390683185 0.2141260424134856  
1.357499999999982 0.9773383008238211 0.2116833619886204  
1.359999999999982 0.9778644542244879 0.20923935854481  
1.362499999999982 0.9783844959818652 0.2067940473570521  
1.364999999999982 0.9788984228456972 0.2043474437085176  
1.367499999999982 0.9794062316039459 0.2018995628904556  
1.369999999999982 0.9799079190828116 0.1994504202020971  
1.372499999999982 0.9804034821467524 0.1970000309505602  
1.374999999999982 0.9808929176985041 0.1945484104507536  
1.377499999999982 0.9813762226790991 0.1920955740252816  
1.379999999999982 0.9818533940678861 0.1896415370043479  
1.382499999999982 0.9823244288825486 0.1871863147256598  
1.384999999999982 0.9827893241791236 0.1847299225343327  
1.387499999999982 0.98324807705202 0.1822723757827938  
1.389999999999981 0.9837006846340368 0.1798136898306862  
1.392499999999981 0.9841471440963812 0.1773538800447732  
1.394999999999981 0.9845874526486856 0.1748929617988419  
1.397499999999981 0.9850216075390262 0.1724309504736072  
1.399999999999981 0.9854496060539391 0.169967861456616  
1.402499999999981 0.9858714455184375 0.1675037101421505  
1.404999999999981 0.9862871232960291 0.1650385119311324  
1.407499999999981 0.9866966367887318 0.1625722822310265  
1.409999999999981 0.9870999834370903 0.1601050364557442  
1.412499999999981 0.9874971607201919 0.1576367900255476  
1.414999999999981 0.9878881661556825 0.1551675583669528  
1.417499999999981 0.988272997299782 0.1526973569126334  
1.419999999999981 0.9886516517472995 0.1502262011013246  
1.422499999999981 0.9890241271316483 0.1477541063777259  
1.424999999999981 0.989390421124861 0.1452810881924052  
1.427499999999981 0.9897505314376036 0.1428071620017022  
1.429999999999981 0.9901044558191903 0.1403323432676312  
1.432499999999981 0.990452192057597 0.1378566474577852  
1.434999999999981 0.9907937379794758 0.1353800900452388  
1.43749999999998 0.9911290914501679 0.1329026865084518  
1.43999999999998 0.9914582503737175 0.1304244523311719  
1.44249999999998 0.9917812126928843 0.1279454030023387  
1.44499999999998 0.9920979763891572 0.1254655540159861  
1.44749999999998 0.9924085394827661 0.1229849208711462  
1.44999999999998 0.9927129000326947 0.1205035190717519  
1.45249999999998 0.9930110561366926 0.1180213641265402  
1.45499999999998 0.993303005931287 0.1155384715489552  
1.45749999999998 0.9935887475917945 0.1130548568570513  
1.45999999999998 0.9938682793323326 0.1105705355733962  
1.46249999999998 0.9941415994058306 0.1080855232249735  
1.46499999999998 0.9944087061040406 0.1055998353430861  
1.46749999999998 0.9946695977575486 0.1031134874632591  
1.46999999999998 0.9949242727357841 0.1006264951251425  
1.47249999999998 0.9951727294470311 0.09813887387241396  
1.47499999999998 0.9954149663384374 0.09565063925268212  
1.47749999999998 0.995650981896025 0.09316180681738905  
1.47999999999998 0.9958807746446988 0.09067239212171314  
1.48249999999998 0.9961043431482566 0.08818241072447194  
1.484999999999979 0.9963216860093972 0.08569187818802487  
1.487499999999979 0.9965328018697299 0.08320081007817597  
1.489999999999979 0.9967376894097827 0.08070922196407658  
1.492499999999979 0.9969363473490105 0.07821712941812808  
1.494999999999979 0.9971287744458031 0.07572454801588457  
1.497499999999979 0.9973149694974929 0.07323149333595545  
1.499999999999979 0.9974949313403627 0.07073798095990813  
1.502499999999979 0.9976686588496528 0.06824402647217061  
1.504999999999979 0.997836150939568 0.06574964545993409  
1.507499999999979 0.9979974065632843 0.06325485351305551  
1.509999999999979 0.9981524247129555 0.06075966622396022  
1.512499999999979 0.9983012044197199 0.05826409918754437  
1.514999999999979 0.9984437447537057 0.05576816800107759  
1.517499999999979 0.9985800448240372 0.05327188826410541  
1.519999999999979 0.9987101037788403 0.05077527557835181  
1.522499999999979 0.9988339208052478 0.04827834554762171  
1.524999999999979 0.9989514951294045 0.04578111377770339  
1.527499999999979 0.999062826016472 0.04328359587627105  
1.529999999999978 0.9991679127706333 0.04078580745278717  
1.532499999999978 0.9992667547350973 0.038287764118405  
1.534999999999978 0.9993593512921026 0.035789481485871  
1.537499999999978 0.9994457018629217 0.03329097516942722  
1.539999999999978 0.9995258059078643 0.03079226078471374  
1.542499999999978 0.9995996629262811 0.02829335394867106  
1.544999999999978 0.9996672724565663 0.0257942702794425  
1.547499999999978 0.999728634076161 0.02329502539627659  
1.549999999999978 0.9997837474015556 0.02079563491942944  
1.552499999999978 0.9998326120882924 0.01829611447006713  
1.554999999999978 0.9998752278309677 0.01579647967016806  
1.557499999999978 0.9999115943632335 0.01329674614242531  
1.559999999999978 0.9999417114577992 0.01079692951014902  
1.562499999999978 0.9999655789264333 0.008297045397168726  
1.564999999999978 0.9999831966199645 0.005797109427735729  
1.567499999999978 0.9999945644282822 0.00329713722642542  
1.569999999999978 0.9999996822803378 0.0007971444180396456  
1.572499999999978 0.9999985501441447 -0.001702853372490958  
1.574999999999978 0.9999911680267789 -0.004202840520204612  
1.577499999999977 0.9999775359743784 -0.006702801400206059  
1.579999999999977 0.9999576540721434 -0.009202720387764211  
1.582499999999977 0.9999315224443357 -0.01170258185840981  
1.584999999999977 0.9998991412542776 -0.01420237018803308  
1.587499999999977 0.9998605107043513 -0.01670206975298136  
1.589999999999977 0.9998156310359975 -0.0192016649301568  
1.592499999999977 0.9997645025297134 -0.02170114009711394  
1.594999999999977 0.9997071255050518 -0.0242004796321574  
1.597499999999977 0.9996435003206185 -0.02669966791443949  
1.599999999999977 0.9995736273740704 -0.02919868932405785  
1.602499999999977 0.9994975071021126 -0.03169752824215308  
1.604999999999977 0.9994151399804961 -0.03419616905100634  
1.607499999999977 0.9993265265240147 -0.03669459613413698  
1.609999999999977 0.9992316672865015 -0.03919279387640012  
1.612499999999977 0.9991305628608259 -0.04169074666408428  
1.614999999999977 0.9990232138788896 -0.04418843888500892  
1.617499999999977 0.9989096210116225 -0.04668585492862207  
1.619999999999977 0.9987897849689791 -0.04918297918609782  
1.622499999999977 0.9986637064999334 -0.05167979605043396  
1.624999999999976 0.9985313863924746 -0.05417628991654947  
1.627499999999976 0.9983928254736022 -0.05667244518138206  
1.629999999999976 0.9982480246093205 -0.05916824624398571  
1.632499999999976 0.9980969847046335 -0.06166367750562816  
1.634999999999976 0.997939706703539 -0.06415872336988837  
1.637499999999976 0.9977761915890232 -0.06665336824275407  
1.639999999999976 0.9976064403830539 -0.06914759653271917  
1.642499999999976 0.9974304541465744 -0.07164139265088121  
1.644999999999976 0.997248233979497 -0.0741347410110388  
1.647499999999976 0.997059781020696 -0.07662762602978904  
1.649999999999976 0.9968650964480005 -0.07912003212662491  
1.652499999999976 0.9966641814781871 -0.08161194372403265  
1.654999999999976 0.9964570373669727 -0.0841033452475891  
1.657499999999976 0.9962436654090056 -0.08659422112605906  
1.659999999999976 0.9960240669378586 -0.08908455579149265  
1.662499999999976 0.9957982433260201 -0.09157433367932249  
1.664999999999976 0.9955661959848854 -0.09406353922846113  
1.667499999999976 0.9953279263647481 -0.09655215688139816  
1.669999999999976 0.995083435954791 -0.09904017108429759  
1.672499999999975 0.9948327262830767 -0.1015275662870949  
1.674999999999975 0.9945757989165384 -0.1040143269435944  
1.677499999999975 0.9943126554609694 -0.1065004375115663  
1.679999999999975 0.9940432975610138 -0.1089858824528438  
1.682499999999975 0.993767726900156 -0.1114706462334203  
1.684999999999975 0.9934859452007098 -0.1139547133235464  
1.687499999999975 0.9931979542238081 -0.116438068197827  
1.689999999999975 0.9929037557693916 -0.1189206953353185  
1.692499999999975 0.992603351676198 -0.1214025792196255  
1.694999999999975 0.9922967438217497 -0.1238837043389979  
1.697499999999975 0.9919839341223429 -0.126364055186428  
1.699999999999975 0.9916649245330351 -0.1288436162597473  
1.702499999999975 0.9913397170476332 -0.1313223720617231  
1.704999999999975 0.9910083136986809 -0.133800307100156  
1.707499999999975 0.9906707165574458 -0.1362774058879762  
1.709999999999975 0.9903269277339066 -0.1387536529433404  
1.712499999999975 0.9899769493767403 -0.1412290327897287  
1.714999999999975 0.9896207836733081 -0.1437035299560412  
1.717499999999974 0.9892584328496422 -0.1461771289766949  
1.719999999999974 0.9888898991704317 -0.14864981439172  
1.722499999999974 0.9885151849390085 -0.1511215707468568  
1.724999999999974 0.9881342924973329 -0.1535923825936523  
1.727499999999974 0.9877472242259788 -0.1560622344895564  
1.729999999999974 0.9873539825441193 -0.158531110998019  
1.732499999999974 0.986954569909511 -0.1609989966885861  
1.734999999999974 0.9865489888184791 -0.1634658761369961  
1.737499999999974 0.9861372418059012 -0.1659317339252765  
1.739999999999974 0.9857193314451923 -0.1683965546418404  
1.742499999999974 0.9852952603482881 -0.1708603228815823  
1.744999999999974 0.9848650311656286 -0.1733230232459747  
1.747499999999974 0.9844286465861422 -0.1757846403431644  
1.749999999999974 0.9839861093372281 -0.1782451587880686  
1.752499999999974 0.9835374221847399 -0.180704563202471  
1.754999999999974 0.983082587932968 -0.1831628382151182  
1.757499999999974 0.9826216094246218 -0.1856199684618152  
1.759999999999974 0.9821544895408126 -0.188075938585522  
1.762499999999974 0.9816812312010351 -0.1905307332364493  
1.764999999999973 0.9812018373631494 -0.1929843370721545  
1.767499999999973 0.9807163110233621 -0.1954367347576376  
1.769999999999973 0.9802246552162083 -0.1978879109654371  
1.772499999999973 0.9797268730145319 -0.2003378503757255  
1.774999999999973 0.9792229675294667 -0.2027865376764055  
1.777499999999973 0.9787129419104171 -0.2052339575632054  
1.779999999999973 0.9781967993450384 -0.2076800947397747  
1.782499999999973 0.9776745430592165 -0.21012493391778  
1.784999999999973 0.977146176317048 -0.2125684598170004  
1.787499999999973 0.97661170242082 -0.2150106571654227  
1.789999999999973 0.976071124710989 -0.2174515106993375  
1.792499999999973 0.9755244465661606 -0.2198910051634339  
1.794999999999973 0.9749716714030676 -0.2223291253108954  
1.797499999999973 0.9744128026765496 -0.224765855903495  
1.799999999999973 0.9738478438795306 -0.2272011817116901  
1.802499999999973 0.9732767985429976 -0.2296350875147182  
1.804999999999973 0.9726996702359784 -0.2320675581006919  
1.807499999999973 0.9721164625655191 -0.2344985782666938  
1.809999999999973 0.9715271791766621 -0.2369281328188715  
1.812499999999972 0.9709318237524228 -0.2393562065725329  
1.814999999999972 0.9703304000137668 -0.2417827843522406  
1.817499999999972 0.9697229117195866 -0.2442078509919073  
1.819999999999972 0.9691093626666781 -0.2466313913348901  
1.822499999999972 0.9684897566897169 -0.2490533902340857  
1.824999999999972 0.9678640976612343 -0.2514738325520243  
1.827499999999972 0.9672323894915931 -0.2538927031609653  
1.829999999999972 0.9665946361289631 -0.2563099869429911  
1.832499999999972 0.9659508415592968 -0.2587256687901014  
1.834999999999972 0.9653010098063037 -0.2611397336043084  
1.837499999999972 0.9646451449314262 -0.2635521662977305  
1.839999999999972 0.9639832510338131 -0.2659629517926871  
1.842499999999972 0.963315332250295 -0.2683720750217922  
1.844999999999972 0.9626413927553576 -0.2707795209280493  
1.847499999999972 0.9619614367611165 -0.2731852744649449  
1.849999999999972 0.9612754685172896 -0.2755893205965429  
1.852499999999972 0.960583492311172 -0.2779916442975785  
1.854999999999972 0.9598855124676081 -0.280392230553552  
1.857499999999972 0.9591815333489652 -0.2827910643608227  
1.859999999999971 0.9584715593551058 -0.2851881307267028  
1.862499999999971 0.9577555949233605 -0.287583414669551  
1.864999999999971 0.9570336445284999 -0.2899769012188658  
1.867499999999971 0.9563057126827071 -0.2923685754153798  
1.869999999999971 0.955571803935549 -0.2947584223111526  
1.872499999999971 0.9548319228739479 -0.2971464269696644  
1.874999999999971 0.9540860741221534 -0.2995325744659095  
1.877499999999971 0.9533342623417129 -0.3019168498864894  
1.879999999999971 0.9525764922314427 -0.3042992383297058  
1.882499999999971 0.9518127685273985 -0.3066797249056543  
1.884999999999971 0.951043096002846 -0.3090582947363171  
1.887499999999971 0.950267479468231 -0.311434932955656  
1.889999999999971 0.9494859237711493 -0.3138096247097052  
1.892499999999971 0.9486984337963164 -0.3161823551566646  
1.894999999999971 0.9479050144655368 -0.3185531094669919  
1.897499999999971 0.9471056707376737 -0.3209218728234959  
1.899999999999971 0.9463004076086176 -0.3232886304214287  
1.902499999999971 0.9454892301112551 -0.3256533674685786  
1.90499999999997 0.9446721433154377 -0.328016069185362  
1.90749999999997 0.9438491523279499 -0.3303767208049162  
1.90999999999997 0.9430202622924773 -0.3327353075731918  
1.91249999999997 0.9421854783895744 -0.3350918147490443  
1.91499999999997 0.9413448058366327 -0.3374462276043271  
1.91749999999997 0.9404982498878474 -0.3397985314239827  
1.91999999999997 0.9396458158341847 -0.3421487115061352  
1.92249999999997 0.9387875090033493 -0.3444967531621821  
1.92499999999997 0.9379233347597504 -0.346842641716886  
1.92749999999997 0.9370532985044687 -0.3491863625084663  
1.92999999999997 0.9361774056752222 -0.3515279008886909  
1.93249999999997 0.9352956617463326 -0.3538672422229678  
1.93499999999997 0.9344080722286908 -0.3562043718904366  
1.93749999999997 0.9335146426697227 -0.3585392752840597  
1.93999999999997 0.9326153786533543 -0.3608719378107135  
1.94249999999997 0.9317102857999768 -0.3632023448912802  
1.94499999999997 0.9307993697664119 -0.3655304819607382  
1.94749999999997 0.9298826362458756 -0.3678563344682536  
1.94999999999997 0.9289600909679437 -0.3701798878772709  
1.952499999999969 0.9280317396985152 -0.3725011276656039  
1.954999999999969 0.9270975882397763 -0.3748200393255268  
1.957499999999969 0.9261576424301645 -0.3771366083638643  
1.959999999999969 0.9252119081443321 -0.3794508203020824  
1.962499999999969 0.924260391293109 -0.3817626606763792  
1.964999999999969 0.9233030978234663 -0.3840721150377749  
1.967499999999969 0.9223400337184788 -0.3863791689522024  
1.969999999999969 0.9213712049972879 -0.3886838080005971  
1.972499999999969 0.9203966177150634 -0.3909860177789876  
1.974999999999969 0.9194162779629664 -0.3932857838985851  
1.977499999999969 0.9184301918681108 -0.3955830919858739  
1.979999999999969 0.9174383655935251 -0.397877927682701  
1.982499999999969 0.9164408053381138 -0.4001702766463655  
1.984999999999969 0.9154375173366187 -0.4024601245497089  
1.987499999999969 0.9144285078595801 -0.4047474570812042  
1.989999999999969 0.9134137832132972 -0.4070322599450453  
1.992499999999969 0.9123933497397894 -0.4093145188612367  
1.994999999999969 0.9113672138167557 -0.4115942195656823  
1.997499999999969 0.9103353818575357 -0.4138713478102752  
1.999999999999968 0.9092978603110692 -0.4161458893629859  
