0 0 1  
0.0625 0.0624390243902439 0.9980487804878049  
0.125 0.1246343842950625 0.992202736466389  
0.1875 0.1863433661148271 0.9824846817660799  
0.25 0.247325154310729 0.9689325405027813  
0.3125 0.3073417711727354 0.9515991990814231  
0.375 0.3661590055130921 0.930552299809991  
0.4375 0.4235473266612026 0.9058739769295443  
0.5 0.4792827801930742 0.8776605360903481  
0.5625 0.5331478618998021 0.8460220785249457  
0.625 0.584932366584482 0.8110820713848118  
0.6875 0.6344342083751737 0.7729768659173226  
0.75 0.681460209352694 0.7318551653633267  
0.8125 0.7258268534156672 0.6878774446518154  
0.875 0.7673610024409208 0.6412153241562971  
0.9375 0.8059005719444536 0.5920508999567542  
1 0.841295163606252 0.5405760332207946  
1.0625 0.8734066521905626 0.4869916014771442  
1.125 0.9021097245712026 0.431506714703339  
1.1875 0.9272923687583942 0.3743378992867891  
1.25 0.9488563110187236 0.3157082530437542  
1.3125 0.9667173993823946 0.2558465745937193  
1.375 0.9808059320411588 0.1949864704867332  
1.4375 0.9910669293553721 0.1333654435680916  
1.5 0.9974603484086864 0.07122396613796481  
1.5625 0.9999612392730887 0.008804541522909333  
1.625 0.998559842374474 -0.053649242278577  
1.6875 0.9932616265787884 -0.1158936631833665  
1.75 0.9840872678501122 -0.1776858161342696  
1.8125 0.9710725685639723 -0.2387845610222097  
1.875 0.9542683177907534 -0.2989514637207949  
1.9375 0.9337400930944486 -0.3579517265609575  
2 0.9095680046202143 -0.4155551046145407  
