0 0 1  
0.005 0.004999968750195311 0.9999875000781245  
0.01 0.009999812501953108 0.9999500006249942  
0.015 0.01499940625996082 0.9998875025780893  
0.02 0.01999862503515567 0.9998000074998515  
0.025 0.02499734384784941 0.9996875175776441  
0.03 0.02999543773085276 0.9995500356236973  
0.035 0.0349927817325996 0.9993875650750387  
0.04 0.03998925092027071 0.9992001099934065  
0.045 0.0449847203829171 0.9989876750651485  
0.05 0.04997906523458273 0.9987502656011048  
0.05499999999999999 0.05497216061742668 0.9984878875364748  
0.05999999999999999 0.05996388170484454 0.9982005474306691  
0.06499999999999999 0.06495410370458908 0.9978882524671455  
0.06999999999999999 0.06994270186189001 0.9975510104532294  
0.075 0.07492955146257288 0.9971888298199182  
0.08 0.07991452783617685 0.9968017196216713  
0.08500000000000001 0.08489750635907148 0.9963896895361832  
0.09000000000000001 0.08987836245757229 0.9959527498641416  
0.09500000000000001 0.09485697161105507 0.9954909115289701  
0.1 0.09983320935506888 0.9950041860765547  
0.105 0.1048069512844477 0.9944925856749559  
0.11 0.1097780730564203 0.9939561231141038  
0.115 0.1147464503937193 0.9933948118054784  
0.12 0.1197119590876874 0.9928086657817748  
0.125 0.1246744750013832 0.9921976996965521  
0.13 0.1296338740726843 0.991561928823867  
0.135 0.1345900323173886 0.9909013690578917  
0.14 0.1395428258323147 0.9902160369125175  
0.145 0.1444921307983983 0.9895059495209407  
0.15 0.1494378234837888 0.9887711246352353  
0.1550000000000001 0.1543797802469416 0.9880115806259084  
0.1600000000000001 0.15931787753971 0.9872273364814418  
0.1650000000000001 0.1642519919104331 0.9864184118078164  
0.1700000000000001 0.1691820000070227 0.9855848268280227  
0.1750000000000001 0.1741077785800467 0.9847266023815551  
0.1800000000000001 0.1790292044858103 0.9838437599238904  
0.1850000000000001 0.1839461546894349 0.9829363215259522  
0.1900000000000001 0.1888585062679337 0.9820043098735588  
0.1950000000000001 0.1937661364132847 0.9810477482668557  
0.2000000000000001 0.1986689224355012 0.9800666606197337  
0.2050000000000001 0.2035667417656986 0.9790610714592307  
0.2100000000000001 0.208459471959159 0.9780310059249185  
0.2150000000000001 0.213346990698392 0.9769764897682747  
0.2200000000000001 0.2182291757961927 0.9758975493520382  
0.2250000000000001 0.2231059051986967 0.9747942116495509  
0.2300000000000001 0.2279770569884308 0.9736665042440831  
0.2350000000000001 0.2328425093873614 0.9725144553281436  
0.2400000000000001 0.2377021407599387 0.9713380937027754  
0.2450000000000001 0.2425558296161377 0.9701374487768352  
0.2500000000000001 0.2474034546144954 0.9689125505662586  
0.2550000000000001 0.2522448945651443 0.9676634296933094  
0.2600000000000001 0.2570800284328421 0.9663901173858145  
0.2650000000000001 0.2619087353399976 0.9650926454763824  
0.2700000000000001 0.2667308945696926 0.9637710464016082  
0.2750000000000001 0.2715463855686998 0.9624253532012622  
0.2800000000000001 0.2763550879504966 0.9610555995174642  
0.2850000000000001 0.2811568814982748 0.9596618195938423  
0.2900000000000001 0.2859516461679462 0.9582440482746768  
0.2950000000000002 0.2907392620911429 0.9568023210040291  
0.3000000000000002 0.2955196095782152 0.9553366738248557  
0.3050000000000002 0.3002925691212225 0.9538471433781071  
0.3100000000000002 0.3050580213969223 0.9523337669018117  
0.3150000000000002 0.3098158472697523 0.9507965822301451  
0.3200000000000002 0.3145659277948089 0.9492356277924837  
0.3250000000000002 0.3193081442208212 0.9476509426124446  
0.3300000000000002 0.3240423779931195 0.9460425663069097  
0.3350000000000002 0.3287685107565994 0.9444105390850355  
0.3400000000000002 0.3334864243586801 0.9427549017472473  
0.3450000000000002 0.3381960008522588 0.94107569568422  
0.3500000000000002 0.3428971224986589 0.9393729628758427  
0.3550000000000002 0.3475896717705739 0.9376467458901696  
0.3600000000000002 0.3522735313550052 0.9358970878823557  
0.3650000000000002 0.3569485841561951 0.9341240325935777  
0.3700000000000002 0.3616147132985539 0.9323276243499408  
0.3750000000000002 0.3662718021295822 0.9305079080613704  
0.3800000000000002 0.3709197342227868 0.9286649292204895  
0.3850000000000002 0.3755583933805917 0.926798733901481  
0.3900000000000002 0.3801876636372428 0.9249093687589365  
0.3950000000000002 0.3848074292617069 0.9229968810266891  
0.4000000000000002 0.3894175747605652 0.9210613185166334  
0.4050000000000002 0.3940179848809006 0.9191027296175297  
0.4100000000000003 0.3986085446131789 0.9171211632937945  
0.4150000000000003 0.403189139194124 0.9151166690842762  
0.4200000000000003 0.4077596541095873 0.9130892971010169  
0.4250000000000003 0.4123199750974098 0.9110390980279994  
0.4300000000000003 0.4168699881502795 0.9089661231198802  
0.4350000000000003 0.4214095795185809 0.9068704242007081  
0.4400000000000003 0.4259386357132393 0.9047520536626286  
0.4450000000000003 0.4304570435085572 0.9026110644645741  
0.4500000000000003 0.434964689945046 0.90044751013094  
0.4550000000000003 0.439461462332249 0.8982614447502468  
0.4600000000000003 0.4439472482515591 0.8960529229737874  
0.4650000000000003 0.4484219355590292 0.8938220000142609  
0.4700000000000003 0.4528854123881759 0.8915687316443929  
0.4750000000000003 0.4573375671527757 0.8892931741955405  
0.4800000000000003 0.4617782885496552 0.8869953845562845  
0.4850000000000003 0.4662074655614735 0.8846754201710066  
0.4900000000000003 0.4706249874594971 0.8823333390384542  
0.4950000000000003 0.4750307438063689 0.8799691997102895  
0.5000000000000003 0.4794246244588687 0.8775830612896265  
0.5050000000000003 0.4838065195706667 0.8751749834295527  
0.5100000000000003 0.4881763195950696 0.8727450263316383  
0.5150000000000003 0.4925339152877598 0.8702932507444312  
0.5200000000000004 0.4968791977095257 0.867819717961938  
0.5250000000000004 0.5012120582289857 0.8653244898220918  
0.5300000000000004 0.505532388525304 0.862807628705206  
0.5350000000000004 0.509840080590898 0.8602691975324155  
0.5400000000000004 0.5141350267341394 0.8577092597641028  
0.5450000000000004 0.5184171195820454 0.8551278793983124  
0.5500000000000004 0.522686252082964 0.8525251209691498  
0.5550000000000004 0.5269423175092498 0.8499010495451692  
0.5600000000000004 0.5311852094599321 0.8472557307277463  
0.5650000000000004 0.5354148218633751 0.844589230649438  
0.5700000000000004 0.5396310489799295 0.8419016159723298  
0.5750000000000004 0.5438337854045763 0.8391929538863686  
0.5800000000000004 0.5480229260695614 0.8364633121076832  
0.5850000000000004 0.5521983662470228 0.8337127588768918  
0.5900000000000004 0.5563600015516085 0.8309413629573952  
0.5950000000000004 0.5605077279430861 0.8281491936336585  
0.6000000000000004 0.5646414417289439 0.8253363207094784  
0.6050000000000004 0.5687610395669832 0.8225028145062385  
0.6100000000000004 0.5728664184679017 0.8196487458611513  
0.6150000000000004 0.5769574757978683 0.8167741861254869  
0.6200000000000004 0.581034109281089 0.8138792071627895  
0.6250000000000004 0.5850962170023637 0.8109638813470809  
0.6300000000000004 0.589143697409634 0.8080282815610509  
0.6350000000000005 0.5931764493165222 0.8050724811942355  
0.6400000000000005 0.5971943719048608 0.802096554141182  
0.6450000000000005 0.6011973647272127 0.7991005747996018  
0.6500000000000005 0.605185327709383 0.7960846180685104  
0.6550000000000005 0.6091581611529202 0.7930487593463547  
0.6600000000000005 0.613115765737609 0.7899930745291284  
0.6650000000000005 0.6170580425239529 0.7869176400084744  
0.6700000000000005 0.6209848929556485 0.7838225326697754  
0.6750000000000005 0.6248962188620485 0.7807078298902311  
0.6800000000000005 0.6287919224606163 0.7775736095369244  
0.6850000000000005 0.6326719063593709 0.7744199499648745  
0.6900000000000005 0.6365360735593207 0.7712469300150778  
0.6950000000000005 0.6403843274568898 0.7680546290125373  
0.7000000000000005 0.6442165718463319 0.7648431267642792  
0.7050000000000005 0.648032710922136 0.7616125035573581  
0.7100000000000005 0.6518326492814215 0.7583628401568492  
0.7150000000000005 0.6556162919263232 0.7550942178038298  
0.7200000000000005 0.6593835442663661 0.7518067182133481  
0.7250000000000005 0.6631343121208304 0.7485004235723801  
0.7300000000000005 0.6668685017211058 0.7451754165377753  
0.7350000000000005 0.6705860197130357 0.7418317802341899  
0.7400000000000005 0.6742867731592511 0.7384695982520092  
0.7450000000000006 0.6779706695414943 0.7350889546452574  
0.7500000000000006 0.6816376167629312 0.7316899339294963  
0.7550000000000006 0.6852875231504543 0.7282726210797129  
0.7600000000000006 0.688920297456974 0.7248371015281944  
0.7650000000000006 0.6925358488637005 0.7213834611623927  
0.7700000000000006 0.6961340869824134 0.7179117863227774  
0.7750000000000006 0.699714921857722 0.714422163800677  
0.7800000000000006 0.7032782639693139 0.7109146808361094  
0.7850000000000006 0.7068240242341932 0.7073894251156007  
0.7900000000000006 0.7103521140089072 0.7038464847699929  
0.7950000000000006 0.7138624450917628 0.7002859483722412  
0.8000000000000006 0.7173549297250313 0.6967079049351993  
0.8050000000000006 0.7208294805971428 0.6931124439093939  
0.8100000000000006 0.7242860108448682 0.6894996551807888  
0.8150000000000006 0.7277244340554915 0.6858696290685379  
0.8200000000000006 0.7311446642689696 0.6822224563227267  
0.8250000000000006 0.7345466159800818 0.6785582281221041  
0.8300000000000006 0.7379302041405665 0.6748770360718025  
0.8350000000000006 0.7412953441612486 0.6711789722010479  
0.8400000000000006 0.7446419519141534 0.6674641289608594  
0.8450000000000006 0.7479699437346099 0.6637325992217374  
0.8500000000000006 0.7512792364233426 0.6599844762713426  
0.8550000000000006 0.7545697472485514 0.6562198538121629  
0.8600000000000007 0.7578413939479798 0.6524388259591716  
0.8650000000000007 0.7610940947309714 0.6486414872374742  
0.8700000000000007 0.764327768280515 0.6448279325799454  
0.8750000000000007 0.7675423337552769 0.6409982573248559  
0.8800000000000007 0.7707377107916228 0.6371525572134887  
0.8850000000000007 0.7739138195056259 0.6332909283877456  
0.8900000000000007 0.7770705804950646 0.6294134673877438  
0.8950000000000007 0.7802079148414075 0.6255202711494027  
0.9000000000000007 0.783325744111786 0.6216114370020197  
0.9050000000000007 0.7864239903609557 0.6176870626658378  
0.9100000000000007 0.7895025761332443 0.6137472462496023  
0.9150000000000007 0.7925614244644885 0.609792086248108  
0.9200000000000007 0.7956004588839581 0.6058216815397369  
0.9250000000000007 0.7986196034162675 0.6018361313839864  
0.9300000000000007 0.8016187825832749 0.5978355354189875  
0.9350000000000007 0.8045979214059699 0.5938199936590144  
0.9400000000000007 0.8075569454063474 0.5897896064919836  
0.9450000000000007 0.8104957806092697 0.5857444746769446  
0.9500000000000007 0.813414353544316 0.5816846993415606  
0.9550000000000007 0.8163125912476189 0.5776103819795808  
0.9600000000000007 0.8191904212636886 0.5735216244483026  
0.9650000000000007 0.8220477716472244 0.5694185289660253  
0.9700000000000008 0.8248845709649132 0.565301198109495  
0.9750000000000008 0.8277007482972153 0.5611697348113397  
0.9800000000000008 0.8304962332401374 0.5570242423574963  
0.9850000000000008 0.8332709559069927 0.5528648243846285  
0.9900000000000008 0.8360248469301481 0.5486915848775357  
0.9950000000000008 0.8387578374627583 0.5445046281665534  
1.000000000000001 0.8414698591804871 0.5403040589249453  
1.005000000000001 0.8441608442832151 0.536089982166286  
1.01 0.8468307254967354 0.5318625032418361  
1.015 0.8494794360744348 0.5276217278379082  
1.02 0.8521069097989626 0.5233677619732247  
1.025 0.8547130809838863 0.5191007119962675  
1.03 0.8572978844753335 0.5148206845826194  
1.035 0.8598612556536208 0.510527786732297  
1.04 0.8624031304348693 0.5062221257670758  
1.045 0.8649234452726065 0.5019038093278071  
1.05 0.8674221371593552 0.4975729453717272  
1.054999999999999 0.869899143628209 0.4932296421697583  
1.059999999999999 0.8723544027543929 0.4888740083038018  
1.064999999999999 0.8747878531568125 0.4845061526640237  
1.069999999999999 0.8771994339995879 0.4801261844461328  
1.074999999999999 0.8795890849935748 0.4757342131486498  
1.079999999999999 0.8819567463978718 0.4713303485701712  
1.084999999999999 0.8843023590213138 0.4669147008066232  
1.089999999999999 0.8866258642239516 0.46248738024851  
1.094999999999999 0.8889272039185183 0.4580484975781539  
1.099999999999999 0.891206320571881 0.4535981637669279  
1.104999999999998 0.8934631572064795 0.449136490072482  
1.109999999999998 0.8956976574017507 0.4446635880359614  
1.114999999999998 0.8979097652955386 0.4401795694792182  
1.119999999999998 0.9000994255854916 0.4356845465020156  
1.124999999999998 0.9022665835304448 0.4311786314792257  
1.129999999999998 0.9044111849517878 0.4266619370580202  
1.134999999999998 0.9065331762348205 0.4221345761550537  
1.139999999999998 0.9086325043300922 0.4175966619536414  
1.144999999999998 0.9107091167547287 0.4130483079009293  
1.149999999999997 0.9127629615937436 0.4084896277050581  
1.154999999999997 0.914793987501337 0.4039207353323204  
1.159999999999997 0.9168021437021786 0.3993417450043116  
1.164999999999997 0.9187873799926771 0.3947527711950745  
1.169999999999997 0.9207496467422354 0.3901539286282372  
1.174999999999997 0.9226888948944914 0.3855453322741454  
1.179999999999997 0.9246050759685441 0.3809270973469878  
1.184999999999997 0.9264981420601663 0.3762993393019161  
1.189999999999997 0.9283680458430015 0.3716621738321582  
1.194999999999997 0.9302147405697472 0.3670157168661263  
1.199999999999996 0.9320381800733238 0.3623600845645186  
1.204999999999996 0.9338383187680287 0.3576953933174152  
1.209999999999996 0.9356151116506757 0.3530217597413684  
1.214999999999996 0.9373685143017203 0.3483393006764874  
1.219999999999996 0.9390984828863703 0.3436481331835172  
1.224999999999996 0.9408049741556814 0.338948374540912  
1.229999999999996 0.9424879454476385 0.3342401422419037  
1.234999999999996 0.9441473546882222 0.3295235539915641  
1.239999999999996 0.9457831603924608 0.3247987277038624  
1.244999999999995 0.9473953216654672 0.3200657814987176  
1.249999999999995 0.9489837982034617 0.3153248336990452  
1.254999999999995 0.9505485502947788 0.3105760028277996  
1.259999999999995 0.9520895388208608 0.3058194076050105  
1.264999999999995 0.9536067252572353 0.3010551669448153  
1.269999999999995 0.9551000716744786 0.296283399952486  
1.274999999999995 0.9565695407391634 0.2915042259214519  
1.279999999999995 0.9580150957147928 0.286717764330317  
1.284999999999995 0.9594367004627183 0.2819241348398732  
1.289999999999994 0.9608343194430433 0.2771234572901088  
1.294999999999994 0.9622079177155116 0.2723158516972125  
1.299999999999994 0.9635574609403811 0.2675014382505727  
1.304999999999994 0.9648829153792819 0.2626803373097735  
1.309999999999994 0.9661842478960604 0.2578526694015852  
1.314999999999994 0.9674614259576068 0.253018555216951  
1.319999999999994 0.968714417634669 0.2481781156079703  
1.324999999999994 0.9699431916026512 0.2433314715848771  
1.329999999999994 0.9711477171423959 0.2384787443130144  
1.334999999999994 0.9723279641409529 0.2336200551098061  
1.339999999999993 0.9734839030923317 0.2287555254417229  
1.344999999999993 0.9746155050982391 0.2238852769212464  
1.349999999999993 0.9757227418688018 0.2190094313038288  
1.354999999999993 0.9768055857232735 0.2141281104848486  
1.359999999999993 0.9778640095907271 0.2092414364965637  
1.364999999999993 0.9788979870107312 0.20434953150506  
1.369999999999993 0.9799074921340118 0.1994525178071982  
1.374999999999993 0.9808924997230988 0.1945505178275554  
1.379999999999993 0.981852985152956 0.1896436541153653  
1.384999999999992 0.982788924411598 0.1847320493414539  
1.389999999999992 0.9837002941006896 0.1798158262951731  
1.394999999999992 0.9845870714361309 0.1748951078813311  
1.399999999999992 0.9854492342486271 0.1699700171171192  
1.404999999999992 0.9862867609842425 0.165040677129037  
1.409999999999992 0.9870996307049397 0.1601072111498141  
1.414999999999992 0.9878878230891025 0.155169742515329  
1.419999999999992 0.9886513184320447 0.1502283946615261  
1.424999999999992 0.9893900976465018 0.1452832911213297  
1.429999999999992 0.9901041422631089 0.1403345555215557  
1.434999999999991 0.9907934344308624 0.1353823115798208  
1.439999999999991 0.9914579569175656 0.1304266831014497  
1.444999999999991 0.9920976931102601 0.1254677939763801  
1.449999999999991 0.9927126270156412 0.1205057681760654  
1.454999999999991 0.9933027432604573 0.1155407297503751  
1.459999999999991 0.9938680270918945 0.1105728028244942  
1.464999999999991 0.9944084643779453 0.1056021115958196  
1.469999999999991 0.9949240416077619 0.1006287803308554  
1.474999999999991 0.9954147458919943 0.09565293336210598  
1.47999999999999 0.9958805649631119 0.09067469508496821  
1.48499999999999 0.9963214871757109 0.08569418995462115  
1.48999999999999 0.9967375015068047 0.08071154248291486  
1.49499999999999 0.9971285975561002 0.0757268772352576  
1.49999999999999 0.997494765546257 0.07074031882750172  
1.50499999999999 0.9978359963231329 0.06575199192282824  
1.50999999999999 0.9981522813560115 0.06076202122863038  
1.51499999999999 0.9984436127378166 0.05577053149339581  
1.51999999999999 0.998709983185309 0.05077764750358799  
1.524999999999989 0.9989513860392693 0.04578349408052654  
1.529999999999989 0.9991678152646637 0.04078819607726671  
1.534999999999989 0.9993592654507956 0.03579187837547806  
1.539999999999989 0.9995257318114401 0.03079466588232247  
1.544999999999989 0.9996672101849643 0.02579668352733146  
1.549999999999989 0.9997836970344308 0.02079805625928298  
1.554999999999989 0.9998751894476867 0.01579890904307768  
1.559999999999989 0.999941685137436 0.01079936685661487  
1.564999999999989 0.9999831824412967 0.005799554687668042  
1.569999999999989 0.9999996803218427 0.0007995975307601943  
1.574999999999988 0.9999911783666298 -0.004200379615960987  
1.579999999999988 0.9999576767882052 -0.009200251753848074  
1.584999999999988 0.9998991764241034 -0.01419989388687885  
1.589999999999988 0.9998156787368243 -0.01919918102478117  
1.594999999999988 0.9997071858137969 -0.02419798818615772  
1.599999999999988 0.9995737003673275 -0.02919619040161053  
1.604999999999988 0.9994152257345313 -0.03419366271686518  
1.609999999999988 0.9992317658772495 -0.03919028019589463  
1.614999999999988 0.9990233253819496 -0.04418591792404263  
1.619999999999987 0.9987899094596117 -0.04918045101114653  
1.624999999999987 0.9985315239455972 -0.05417375459465955  
1.629999999999987 0.9982481752995036 -0.0591657038427723  
1.634999999999987 0.9979398706050029 -0.06415617395753356  
1.639999999999987 0.9976066175696642 -0.06914504017797023  
1.644999999999987 0.9972484245247613 -0.07413217778320629  
1.649999999999987 0.9968653004250643 -0.07911746209558085  
1.654999999999987 0.9964572548486159 -0.08410076848376505  
1.659999999999987 0.9960242979964918 -0.08908197236587782  
1.664999999999986 0.9955664406925456 -0.09406094921260041  
1.669999999999986 0.9950836943831384 -0.09903757455028962  
1.674999999999986 0.9945760711368524 -0.1040117239640896  
1.679999999999986 0.9940435836441895 -0.1089832731010422  
1.684999999999986 0.9934862452172539 -0.1139520976731958  
1.689999999999986 0.9929040697894191 -0.1189180734607125  
1.694999999999986 0.99229707191498 -0.1238810763149735  
1.699999999999986 0.9916652667687883 -0.1288409821616829  
1.704999999999986 0.9910086701458741 -0.1337976670039696  
1.709999999999986 0.9903272984610505 -0.1387510069254869  
1.714999999999985 0.989621168748503 -0.1437008780935108  
1.719999999999985 0.9888902986613641 -0.1486471567620355  
1.724999999999985 0.9881347064712719 -0.1535897192748671  
1.729999999999985 0.9873544110679129 -0.158528442068715  
1.734999999999985 0.9865494319585504 -0.1634632016762812  
1.739999999999985 0.9857197892675363 -0.1683938747293464  
1.744999999999985 0.9848655037358084 -0.1733203379618548  
1.749999999999985 0.9839865967203713 -0.1782424682129952  
1.754999999999985 0.9830830901937631 -0.1831601424302805  
1.759999999999984 0.9821550067435058 -0.1880732376726237  
1.764999999999984 0.9812023695715406 -0.1929816311134113  
1.769999999999984 0.9802252024936482 -0.1978852000435743  
1.774999999999984 0.9792235299388526 -0.2027838218746555  
1.779999999999984 0.9781973769488114 -0.2076773741418747  
1.784999999999984 0.9771467691771887 -0.2125657345071897  
1.789999999999984 0.9760717328890148 -0.2174487807623552  
1.794999999999984 0.974972294960029 -0.2223263908319778  
1.799999999999984 0.9738484828760077 -0.2271984427765679  
1.804999999999984 0.9727003247320772 -0.2320648147955881  
1.809999999999983 0.9715278492320121 -0.2369253852304984  
1.814999999999983 0.9703310856875164 -0.2417800325677972  
1.819999999999983 0.9691100640174917 -0.2466286354420597  
1.824999999999983 0.9678648147472891 -0.2514710726389717  
1.829999999999983 0.9665953690079458 -0.2563072230983597  
1.834999999999983 0.9653017585354069 -0.2611369659172181  
1.839999999999983 0.963984015669732 -0.265960180352731  
1.844999999999983 0.9626421733542869 -0.270776745825291  
1.849999999999983 0.9612762651349199 -0.275586541921514  
1.854999999999982 0.959886325159123 -0.2803894483972492  
1.859999999999982 0.9584723881751784 -0.2851853451805849  
1.864999999999982 0.9570344895312899 -0.2899741123748511  
1.869999999999982 0.9555726651746987 -0.2947556302616161  
1.874999999999982 0.9540869516507855 -0.2995297793036797  
1.879999999999982 0.9525773861021561 -0.3042964401480621  
1.884999999999982 0.9510440062677136 -0.3090554936289868  
1.889999999999982 0.949486850481714 -0.3138068207708604  
1.894999999999982 0.9479059576728087 -0.3185503027912467  
1.899999999999981 0.946301367363071 -0.3232858211038365  
1.904999999999981 0.944673119667008 -0.3280132573214117  
1.909999999999981 0.9430212552905574 -0.3327324932588056  
1.914999999999981 0.9413458155300707 -0.3374434109358572  
1.919999999999981 0.9396468422712801 -0.3421458925803605  
1.924999999999981 0.9379243779882517 -0.3468398206310094  
1.929999999999981 0.9361784657423233 -0.3515250777403358  
1.934999999999981 0.9344091491810284 -0.3562015467776442  
1.939999999999981 0.9326164725370044 -0.3608691108319393  
1.944999999999981 0.9308004806268875 -0.365527653214849  
1.94999999999998 0.9289612188501915 -0.3701770574635417  
1.95499999999998 0.9270987331881735 -0.3748172073436377  
1.95999999999998 0.9252130702026841 -0.3794479868521148  
1.96499999999998 0.9233042770350033 -0.384069280220209  
1.96999999999998 0.921372401404662 -0.3886809719163081  
1.97499999999998 0.9194174916082491 -0.3932829466488404  
1.97999999999998 0.9174395965182042 -0.3978750893691565  
1.98499999999998 0.9154387655815953 -0.402457285274406  
1.98999999999998 0.9134150488188832 -0.4070294198104072  
1.994999999999979 0.911368496822671 -0.4115913786745111  
1.999999999999979 0.9092991607564386 -0.4161430478184588  
