0 0 1  
0.03125 0.03124237246765926 0.9995118379301928  
0.0625 0.06245424225289953 0.9980478283251841  
0.09375 0.09360513645380697 0.9956094005328918  
0.125 0.1246646417004027 0.9921989352492323  
0.15625 0.1556024338479499 0.9878197621937893  
0.1875 0.1863883075831486 0.9824761568589284  
0.21875 0.216992205914312 0.9761733363355306  
0.25 0.2473842495167331 0.9689174542194205  
0.28125 0.2775347659045907 0.9607155946034623  
0.3125 0.3074143184009134 0.9515757651611888  
0.34375 0.3369937348773182 0.9415068893287164  
0.375 0.3662441362354634 0.9305187975925792  
0.40625 0.3951369646024098 0.9186222178919874  
0.4375 0.4236440112123608 0.9058287651448816  
0.46875 0.4517374439475622 0.8921509299080078  
0.5 0.4793898345114699 0.8776020661820855  
0.53125 0.5065741852076584 0.8621963783739741  
0.5625 0.5332639552983232 0.8459489074285682  
0.59375 0.559433086916644 0.8288755161439594  
0.625 0.585056030507709 0.8109928736842039  
0.65625 0.6101077697731625 0.7923184393048153  
0.6875 0.6345638460952201 0.7728704453068718  
0.71875 0.6584003824162085 0.7526678792363807  
0.75 0.6815941065503125 0.7317304653462788  
0.78125 0.7041223739047726 0.7100786453391681  
0.8125 0.7259631895883469 0.6877335584095881  
0.84375 0.7470952298854547 0.6647170206053099  
0.875 0.7674978630750346 0.6410515035278023  
0.90625 0.7871511695737919 0.6167601123926644  
0.9375 0.8060359613841687 0.5918665634714463  
0.96875 0.8241338008280488 0.5663951609368804  
1 0.8414270185479084 0.5403707731341311  
1.03125 0.8578987307578358 0.5138188083012288  
1.0625 0.87353285572758 0.4867651897623942  
1.09375 0.8883141294835311 0.4592363306184706  
1.125 0.9022281207113068 0.4312591079591762  
1.15625 0.9152612448453932 0.4028608366223528  
1.1875 0.9274007773320835 0.3740692425258297  
1.21875 0.9386348660527674 0.3449124355979414  
1.25 0.9489525428954403 0.3154188823331256  
1.28125 0.9583437344631359 0.2856173779993979  
1.3125 0.9667992719088271 0.255537018524836  
1.34375 0.9743108998871921 0.2252071720905232  
1.375 0.9808712846145079 0.1946574504576841  
1.40625 0.9864740210288 0.1639176800570074  
1.4375 0.9911136390432592 0.1330178728683815  
1.46875 0.9947856088868194 0.101988197119474  
1.5 0.9974863455266825 0.07085894783176304  
1.53125 0.9992132121684721 0.03966051724277625  
1.5625 0.9999645228306001 0.008423365133415746  
1.59375 0.9997395439903306 -0.0228220109106613  
1.625 0.9985384952999363 -0.05404510527457172  
1.65625 0.9963625493722466 -0.08521543409757457  
1.6875 0.9932138306357969 -0.1163025650352002  
1.71875 0.9890954132606987 -0.147276146971083  
1.75 0.9840113181572523 -0.1781059396494885  
1.78125 0.9779665090502352 -0.2087618431996055  
1.8125 0.970966887632698 -0.2392139275227763  
1.84375 0.9630192878039988 -0.2694324615139747  
1.875 0.9541314689977023 -0.2993879420890013  
1.90625 0.9443121086058577 -0.3290511229890569  
1.9375 0.933570793507051 -0.3583930433345711  
1.96875 0.9219180107065045 -0.3873850559004078  
2 0.9093651370973599 -0.4159988550848432  
