0 0 1  
0.01 0.009999750006249844 0.9999500012499688  
0.02 0.01999850006249781 0.999800009999625  
0.03 0.02999525031873453 0.9995500412477188  
0.04 0.03998900112492563 0.9992001199905005  
0.05 0.04997875313097424 0.998750281219221  
0.06 0.05996350738665351 0.9982005699166329  
0.07000000000000001 0.06994226544149913 0.9975510410524921  
0.08 0.0799140294446519 0.9968017595780614  
0.09 0.08987780224464027 0.9959528004196149  
0.09999999999999999 0.09983258748909307 0.9950042484709462  
0.11 0.1097773897243722 0.9939561985848788  
0.12 0.1197112144951155 0.9928087555637813  
0.13 0.1296330684436798 0.9915620341490874  
0.14 0.1395419594094744 0.9902161590098216  
0.15 0.1494368965281742 0.9887712647301334  
0.16 0.159316890330804 0.9872274957958386  
0.17 0.1691809528426831 0.9855850065799712  
0.18 0.1790280976822196 0.9838439613273466  
0.19 0.1888573401595471 0.9820045341381378  
0.2 0.1986676973749901 0.9800669089504651  
0.21 0.2084581883173524 0.9780312795220034  
0.2200000000000001 0.2182278339620154 0.9758978494106065  
0.2300000000000001 0.2279756573688382 0.9736668319539523  
0.2400000000000001 0.237700683779849 0.9713384502482089  
0.2500000000000001 0.2474019407167187 0.968912937125726  
0.2600000000000001 0.2570784580780061 0.9663905351317524  
0.2700000000000001 0.2667292682361658 0.9637714965001816  
0.2800000000000001 0.2763534061343083 0.9610560831283292  
0.2900000000000001 0.2859499093827037 0.9582445665507442  
0.3000000000000001 0.2955178183550177 0.9553372279120556  
0.3100000000000001 0.3050561762842723 0.9523343579388591  
0.3200000000000001 0.3145640293585198 0.9492362569106452  
0.3300000000000001 0.3240404268162219 0.9460432346297715  
0.3400000000000001 0.3334844210413231 0.9427556103904837  
0.3500000000000001 0.3428950676580105 0.939373712946987  
0.3600000000000002 0.3522714256251483 0.9358978804805712  
0.3700000000000002 0.3616125573303801 0.9323284605657935  
0.3800000000000002 0.3709175286838877 0.9286658101357222  
0.3900000000000002 0.3801854092117975 0.9249102954462438  
0.4000000000000002 0.3894152721492259 0.9210622920394387  
0.4100000000000002 0.3986061945329532 0.9171221847060278  
0.4200000000000002 0.4077572572937178 0.9130903674468944  
0.4300000000000002 0.4168675453481207 0.9089672434336852  
0.4400000000000002 0.4259361476901316 0.9047532249684939  
0.4500000000000002 0.4349621574821873 0.9004487334426323  
0.4600000000000002 0.4439446721458729 0.896054199294492  
0.4700000000000003 0.4528827934521778 0.8915700619665018  
0.4800000000000003 0.4617756276113162 0.8869967698611844  
0.4900000000000003 0.4706222853621038 0.8823347802963173  
0.5000000000000002 0.4794218820608814 0.8775845594592023  
0.5100000000000002 0.4881735377699776 0.872746582360048  
0.5200000000000002 0.4968763773457002 0.8678213327844696  
0.5300000000000002 0.5055295305258481 0.8628093032451118  
0.5400000000000003 0.5141321320167357 0.8577109949323989  
0.5500000000000003 0.5226833215797198 0.8525269176644166  
0.5600000000000003 0.5311822441172215 0.8472575898359319  
0.5700000000000003 0.5396280497582339 0.8419035383665546  
0.5800000000000003 0.5480198939433069 0.836465298648047  
0.5900000000000003 0.5563569375090011 0.8309434144907855  
0.6000000000000003 0.5646383467718019 0.8253384380693815  
0.6100000000000003 0.5728632936114861 0.819650929867465  
0.6200000000000003 0.5810309555539317 0.813881458621638  
0.6300000000000003 0.5891405158533629 0.8080306012646015  
0.6400000000000003 0.5971911635740232 0.8020989428674645  
0.6500000000000004 0.6051820936712667 0.7960870765812381  
0.6600000000000004 0.6131125070720606 0.7899956035775215  
0.6700000000000004 0.6209816107548901 0.7838251329883867  
0.6800000000000004 0.6287886178290594 0.777576281845467  
0.6900000000000004 0.636532747613378 0.7712496750182548  
0.7000000000000004 0.6442132257142273 0.7648459451516167  
0.7100000000000004 0.6518292841029981 0.7583657326025306  
0.7200000000000004 0.659380161192891 0.7518096853760512  
0.7300000000000004 0.6668651019150739 0.7451784590605114  
0.7400000000000004 0.6742833577941862 0.7384727167619651  
0.7500000000000004 0.6816341870231855 0.7316931290378783  
0.7600000000000005 0.6889168545375253 0.7248403738300747  
0.7700000000000005 0.6961306320886603 0.7179151363969438  
0.7800000000000005 0.7032747983168697 0.7109181092449162  
0.7900000000000005 0.7103486388233903 0.7038499920592148  
0.8000000000000005 0.7173514462418558 0.6967114916338886  
0.8100000000000005 0.7242825203090308 0.6895033218011342  
0.8200000000000005 0.7311411679348361 0.6822262033599148  
0.8300000000000005 0.7379267032716551 0.6748808640038824  
0.8400000000000005 0.7446384477829175 0.6674680382486095  
0.8500000000000005 0.7512757303109513 0.6599884673581401  
0.8600000000000005 0.7578378871440963 0.6524428992708649  
0.8700000000000006 0.7643242620830742 0.644832088524729  
0.8800000000000006 0.7707342065066068 0.6371567961817806  
0.8900000000000006 0.7770670794362761 0.6294177897520662  
0.9000000000000006 0.7833222476006209 0.6216158431168817  
0.9100000000000006 0.7894990854984621 0.6137517364513863  
0.9200000000000006 0.795596975461452 0.6058262561465867  
0.9300000000000006 0.8016153077158384 0.5978401947307003  
0.9400000000000006 0.8075534804434414 0.5897943507899038  
0.9500000000000006 0.8134108998418333 0.5816895288884775  
0.9600000000000006 0.8191869801837175 0.5735265394883498  
0.9700000000000006 0.8248811438754995 0.5653061988680537  
0.9800000000000006 0.8304928215150452 0.5570293290411009  
0.9900000000000007 0.8360214519486197 0.5486967576737826  
1.000000000000001 0.8414664823270006 0.5403093180024044  
1.010000000000001 0.8468273681607624 0.5318678487499656  
1.020000000000001 0.8521035733747236 0.5233731940422882  
1.030000000000001 0.8572945703615531 0.5148262033236068  
1.040000000000001 0.8623998400345293 0.5062277312716265  
1.050000000000001 0.8674188718794477 0.4975786377120566  
1.060000000000001 0.8723511640056711 0.4888797875326309  
1.070000000000001 0.8771962231963174 0.480132050596621  
1.080000000000001 0.8819535649575798 0.4713363016558515  
1.090000000000001 0.8866227135671753 0.4624934202632277  
1.100000000000001 0.8912032021219153 0.4536042906847823  
1.110000000000001 0.8956945725843954 0.4446698018112507  
1.120000000000001 0.9000963758287976 0.4356908470691848  
1.130000000000001 0.9044081716858017 0.4266683243316118  
1.140000000000001 0.908629528986601 0.4176031358282498  
1.150000000000001 0.9127600256060187 0.4084961880552866  
1.160000000000001 0.9167992485047187 0.399348391684733  
1.170000000000001 0.9207467937705092 0.3901606614733568  
1.180000000000001 0.924602266658732 0.3809339161712106  
1.190000000000001 0.9283652816317368 0.3716690784297582  
1.200000000000001 0.9320354623974336 0.3623670747096124  
1.210000000000001 0.9356124419469212 0.3530288351878906  
1.220000000000001 0.9390958625911866 0.3436552936652001  
1.230000000000001 0.9424853759968739 0.3342473874722598  
1.240000000000001 0.945780643221116 0.3248060573761699  
1.250000000000001 0.9489813347454286 0.3153322474863371  
1.260000000000001 0.9520871305086606 0.3058269051600667  
1.270000000000001 0.9550977199390001 0.2962909809078284  
1.280000000000001 0.9580128019850302 0.2867254282982082  
1.290000000000001 0.9608320851458341 0.2771312038625539  
1.300000000000001 0.9635552875001434 0.267509266999324  
1.310000000000001 0.9661821367345308 0.2578605798781506  
1.320000000000001 0.9687123701706397 0.2481861073436248  
1.330000000000001 0.9711457347914519 0.2384868168188143  
1.340000000000001 0.9734819872665886 0.2287636782085241  
1.350000000000001 0.9757208939766427 0.219017663802308  
1.360000000000001 0.9778622310365405 0.2092497481772421  
1.370000000000001 0.9799057843179291 0.1994609081004697  
1.380000000000001 0.9818513494705891 0.1896521224315271  
1.390000000000001 0.9836987319428689 0.1798243720244598  
1.400000000000001 0.9854477470011399 0.1699786396297398  
1.410000000000001 0.9870982197482686 0.1601159097959927  
1.420000000000001 0.9886499851411064 0.1502371687715459  
1.430000000000001 0.9901028880069931 0.1403434044058054  
1.440000000000001 0.9914567830592745 0.130435606050474  
1.450000000000001 0.99271153491183 0.1205147644606185  
1.460000000000001 0.993867018092611 0.1105818716955963  
1.470000000000001 0.9949231170561883 0.1006379210198523  
1.480000000000001 0.9958797261953055 0.09068390680359482  
1.490000000000001 0.9967367498514403 0.08072082442336109  
1.500000000000001 0.9974941023243695 0.07074967016248204  
1.510000000000001 0.9981517078807393 0.0607714411114565  
1.520000000000001 0.9987095007616378 0.05078713506824462  
1.530000000000001 0.9991674251891715 0.04079775043849057  
1.540000000000001 0.9995254353720423 0.0308042861356845  
1.550000000000001 0.9997834955101271 0.02080774148127365  
1.560000000000001 0.9999415797980572 0.01080911610473273  
1.570000000000001 0.9999996724277989 0.0008094098436034502  
1.580000000000001 0.9999577675902345 -0.009190377356486716  
1.590000000000001 0.999815869475743 -0.0191892455418166  
1.600000000000001 0.9995739922737811 -0.02918619485056422  
1.610000000000001 0.9992321601714643 -0.03918022561279045  
1.620000000000001 0.9987904073511483 -0.04917033845040351  
1.630000000000001 0.9982487779870108 -0.05915553437709431  
1.640000000000001 0.9976073262406342 -0.06913481489823253  
1.650000000000001 0.9968661162555895 -0.07910718211071364  
1.660000000000001 0.9960252221510222 -0.0890716388027467  
1.670000000000001 0.9950847280142406 -0.09902718855357301  
1.680000000000001 0.9940447278923072 -0.1089728358331058  
1.690000000000001 0.9929053257826344 -0.1189075861014805  
1.700000000000001 0.9916666356225844 -0.1288304459085066  
1.710000000000001 0.9903287812780768 -0.1387404229930099  
1.720000000000001 0.9888918965312015 -0.1486365263820563  
1.730000000000001 0.9873561250668409 -0.1585177664900465  
1.740000000000001 0.9857216204583023 -0.1683831552176722  
1.750000000000001 0.9839885461519603 -0.1782317060507235  
1.760000000000001 0.982157075450913 -0.1880624341587379  
1.770000000000001 0.9802273914976519 -0.1978743564934807  
1.780000000000001 0.9781996872557482 -0.2076664918872477  
1.790000000000001 0.9760741654905571 -0.2174378611509792  
1.800000000000001 0.9738510387489414 -0.2271874871721767  
1.810000000000001 0.9715305293380174 -0.2369143950126115  
1.820000000000001 0.9691128693029253 -0.2466176120058162  
1.830000000000001 0.9665983004036245 -0.2562961678543489  
1.840000000000001 0.9639870740907186 -0.2659490947268207  
1.850000000000001 0.9612794514803111 -0.2755754273546758  
1.860000000000001 0.9584757033278941 -0.2851742031287168  
1.870000000000001 0.9555761100012737 -0.2947444621953627  
1.880000000000001 0.9525809614525338 -0.3042852475526317  
1.890000000000001 0.9494905571890414 -0.3137956051458396  
1.900000000000001 0.9463052062434972 -0.3232745839630023  
1.910000000000001 0.9430252271430325 -0.3327212361299349  
1.920000000000001 0.9396509478773576 -0.3421346170050369  
1.930000000000001 0.9361827058659636 -0.3515137852737535  
1.940000000000002 0.9326208479243814 -0.3608578030427052  
1.950000000000002 0.9289657302295005 -0.3701657359334746  
1.960000000000002 0.9252177182839528 -0.3794366531760419  
1.970000000000002 0.9213771868795633 -0.3886696277018595  
1.980000000000002 0.9174445200598712 -0.3978637362365566  
1.990000000000002 0.913420111081727 -0.4070180593922646  
2.000000000000001 0.909304362375968 -0.4161316817595531  
2.010000000000001 0.9050976855071754 -0.4252036919989688  
2.020000000000001 0.9008005011325197 -0.4342331829321673  
2.030000000000001 0.8964132389596958 -0.4432192516326284  
2.04 0.891936337703953 -0.4521609995159466  
2.05 0.8873702450442248 -0.4610575324296875  
2.06 0.8827154175783624 -0.4699079607428004  
2.07 0.8779723207774754 -0.4787113994345796  
2.08 0.8731414289393867 -0.4874669681831639  
2.089999999999999 0.8682232251412031 -0.4961737914535669  
2.099999999999999 0.8632182011910091 -0.504830998585228  
2.109999999999999 0.8581268575786876 -0.5134377238790765  
2.119999999999999 0.8529497034258717 -0.5219931066840993  
2.129999999999999 0.8476872564350342 -0.5304962914834038  
2.139999999999998 0.8423400428377184 -0.5389464279797676  
2.149999999999998 0.8369085973419161 -0.5473426711806657  
2.159999999999998 0.831393463078599 -0.5556841814827683  
2.169999999999998 0.8257951915474057 -0.5639701247558984  
2.179999999999997 0.820114342561494 -0.5721996724264429  
2.189999999999997 0.8143514841915607 -0.5803720015602082  
2.199999999999997 0.808507192709036 -0.5884862949447112  
2.209999999999997 0.8025820525284579 -0.5965417411708986  
2.219999999999997 0.7965766561490321 -0.6045375347142861  
2.229999999999996 0.7904916040953831 -0.6124728760155081  
2.239999999999996 0.7843275048575042 -0.6203469715602726  
2.249999999999996 0.7780849748299093 -0.6281590339587096  
2.259999999999996 0.7717646382499953 -0.6359082820241092  
2.269999999999996 0.7653671271356196 -0.6435939408510373  
2.279999999999995 0.7588930812219002 -0.6512152418928249  
2.289999999999995 0.752343147897244 -0.6587714230384206  
2.299999999999995 0.7457179821386088 -0.6662617286885999  
2.309999999999995 0.7390182464460082 -0.673685409831523  
2.319999999999995 0.7322446107762625 -0.6810417241176344  
2.329999999999994 0.7253977524760048 -0.6883299359338958  
2.339999999999994 0.7184783562139486 -0.6955493164773455  
2.349999999999994 0.711487113912422 -0.7026991438279774  
2.359999999999994 0.7044247246781775 -0.7097787030209304  
2.369999999999993 0.697291894732483 -0.7167872861179837  
2.379999999999993 0.6900893373405014 -0.7237241922783486  
2.389999999999993 0.6828177727399659 -0.730588727828751  
2.399999999999993 0.6754779280691582 -0.7373802063327966  
2.409999999999993 0.6680705372941962 -0.7440979486596133  
2.419999999999992 0.6605963411356393 -0.7507412830517625  
2.429999999999992 0.6530560869944184 -0.7573095451924128  
2.439999999999992 0.6454505288770975 -0.7638020782717704  
2.449999999999992 0.6377804273204749 -0.7702182330527583  
2.459999999999992 0.6300465493155314 -0.7765573679359383  
2.469999999999991 0.6222496682307334 -0.7828188490236696  
2.479999999999991 0.6143905637346975 -0.7890020501834968  
2.489999999999991 0.6064700217182262 -0.7951063531107614  
2.499999999999991 0.5984888342157202 -0.8011311473904311  
2.50999999999999 0.5904477993259774 -0.8070758305581396  
2.51999999999999 0.5823477211323845 -0.8129398081604314  
2.52999999999999 0.5741894096225113 -0.8187224938142059  
2.53999999999999 0.5659736806071135 -0.824423309265354  
2.54999999999999 0.5577013556385538 -0.8300416844465823  
2.559999999999989 0.5493732619286489 -0.8355770575344184  
2.569999999999989 0.5409902322659499 -0.8410288750053914  
2.579999999999989 0.532553104932466 -0.8463965916913835  
2.589999999999989 0.5240627236198383 -0.851679670834145  
2.599999999999989 0.5155199373449727 -0.8568775841389691  
2.609999999999988 0.5069256003651402 -0.8619898118275197  
2.619999999999988 0.4982805720925536 -0.8670158426898081  
2.629999999999988 0.489585717008428 -0.8719551741353131  
2.639999999999988 0.4808419045765353 -0.8768073122432379  
2.649999999999987 0.4720500091562596 -0.8815717718119019  
2.659999999999987 0.4632109099151637 -0.886248076407259  
2.669999999999987 0.4543254907410748 -0.8908357584105402  
2.679999999999987 0.445394640153697 -0.895334359065014  
2.689999999999987 0.4364192512157626 -0.8997434285218613  
2.699999999999986 0.4274002214437275 -0.9040625258851588  
2.709999999999986 0.4183384527180219 -0.9082912192559676  
2.719999999999986 0.4092348511928645 -0.912429085775522  
2.729999999999986 0.4000903272056493 -0.9164757116675145  
2.739999999999986 0.3909057951859143 -0.9204306922794724  
2.749999999999985 0.3816821735639009 -0.9242936321232215  
2.759999999999985 0.3724203846787126 -0.9280641449144346  
2.769999999999985 0.3631213546860841 -0.9317418536112585  
2.779999999999985 0.3537860134657678 -0.9353263904520177  
2.789999999999984 0.3444152945285477 -0.9388173969919893  
2.799999999999984 0.3350101349228916 -0.9422145241392464  
2.809999999999984 0.3255714751412475 -0.9455174321895672  
2.819999999999984 0.3161002590259976 -0.9487257908604034  
2.829999999999984 0.3065974336750761 -0.9518392793239088  
2.839999999999983 0.2970639493472614 -0.9548575862390205  
2.849999999999983 0.2875007593671534 -0.9577804097825926  
2.859999999999983 0.2779088200298425 -0.9606074576795776  
2.869999999999983 0.2682890905052834 -0.9633384472322531  
2.879999999999983 0.2586425327423796 -0.9659731053484915  
2.889999999999982 0.2489701113727918 -0.9685111685690673  
2.899999999999982 0.2392727936144765 -0.9709523830940037  
2.909999999999982 0.2295515491749667 -0.9732965048079509  
2.919999999999982 0.2198073501544039 -0.9755432993045978  
2.929999999999982 0.2100411709483304 -0.9776925419101115  
2.939999999999981 0.2002539881502518 -0.9797440177056044  
2.949999999999981 0.1904467804539807 -0.9816975215486256  
2.959999999999981 0.1806205285557692 -0.9835528580936743  
2.969999999999981 0.1707762150562421 -0.9853098418117344  
2.97999999999998 0.1609148243621393 -0.9869682970088264  
2.98999999999998 0.1510373425878773 -0.9885280578435764  
2.99999999999998 0.1411447574569404 -0.9899889683438006  
3.00999999999998 0.1312380582031109 -0.9913508824221008  
3.01999999999998 0.1213182354715481 -0.9926136638904741  
3.029999999999979 0.111386281219726 -0.9937771864739305  
3.039999999999979 0.1014431886182408 -0.9948413338231203  
3.049999999999979 0.09148995195149534 -0.995805999525969  
3.059999999999979 0.08152756651827391 -0.9966710871183179  
3.069999999999979 0.07155702853221446 -0.9974365100935703  
3.079999999999978 0.0615793350221899 -0.9981021919113423  
3.089999999999978 0.05159548373260761 -0.9986680660051163  
3.099999999999978 0.04160647302363754 -0.9991340757888975  
3.109999999999978 0.03161330177137869 -0.9995001746628726  
3.119999999999977 0.02161696926797398 -0.9997663260180694  
3.129999999999977 0.01161847512168355 -0.9999325032400177  
3.139999999999977 0.001618819156926406 -0.9999986897114107  
3.149999999999977 -0.008380998685699482 -0.9999648788137668  
3.159999999999977 -0.01837997844940877 -0.9998310739280913  
3.169999999999976 -0.02837712026122192 -0.9995972884345382  
3.179999999999976 -0.03837142443194998 -0.9992635457110723  
3.189999999999976 -0.048361891556161 -0.9988298791311317  
3.199999999999976 -0.05834752261211811 -0.9982963320602903  
3.209999999999976 -0.06832731906167916 -0.9976629578519214  
3.219999999999975 -0.07830028295014808 -0.9969298198418622  
3.229999999999975 -0.0882654170060678 -0.9960969913420812  
3.239999999999975 -0.09822172474094494 -0.9951645556333462  
3.249999999999975 -0.1081682105488962 -0.994132605956897  
3.259999999999974 -0.1181038798062062 -0.9930012455051215  
3.269999999999974 -0.128027738970788 -0.9917705874112365  
3.279999999999974 -0.1379387956815341 -0.9904407547379749  
3.289999999999974 -0.1478360588575504 -0.9890118804652794  
3.299999999999974 -0.1577185387972618 -0.9874841074770053  
3.309999999999973 -0.16758524727738 -0.9858575885466321  
3.319999999999973 -0.1774351976517231 -0.9841324863219866  
3.329999999999973 -0.1872674049498779 -0.9823089733089786  
3.339999999999973 -0.1970808859756945 -0.9803872318543507  
3.349999999999973 -0.2068746594056035 -0.9783674541274442  
3.359999999999972 -0.2166477458867456 -0.9762498421009824  
3.369999999999972 -0.2263991681349049 -0.9740346075308741  
3.379999999999972 -0.2361279510322345 -0.9717219719350384  
3.389999999999972 -0.2458331217247659 -0.9693121665712534  
3.399999999999971 -0.2555137097196923 -0.9668054324140312  
3.409999999999971 -0.2651687469824151 -0.9642020201305206  
3.419999999999971 -0.2747972680333449 -0.9615021900554418  
3.429999999999971 -0.2843983100444474 -0.9587062121650528  
3.439999999999971 -0.2939709129355234 -0.9558143660501529  
3.44999999999997 -0.3035141194702148 -0.9528269408881243  
3.45999999999997 -0.3130269753517255 -0.9497442354140145  
3.46999999999997 -0.3225085293182489 -0.9465665578906647  
3.47999999999997 -0.3319578332380916 -0.9432942260778829  
3.48999999999997 -0.3413739422044844 -0.9399275672006701  
3.499999999999969 -0.3507559146300702 -0.9364669179164973  
3.509999999999969 -0.3601028123410609 -0.9329126242816416  
3.519999999999969 -0.369413700671052 -0.929265041716581  
3.529999999999969 -0.3786876485544872 -0.9255245349704533  
3.539999999999969 -0.3879237286197623 -0.9216914780845821  
3.549999999999968 -0.3971210172819606 -0.9177662543550734  
3.559999999999968 -0.4062785948352084 -0.9137492562944876  
3.569999999999968 -0.4153955455446438 -0.9096408855925883  
3.579999999999968 -0.4244709577379875 -0.9054415530761751  
3.589999999999967 -0.4335039238967084 -0.9011516786680016  
3.599999999999967 -0.4424935407467724 -0.8967716913447842  
3.609999999999967 -0.4514389093489679 -0.8923020290943054  
3.619999999999967 -0.4603391351887975 -0.8877431388716166  
3.629999999999967 -0.4691933282659273 -0.883095476554343  
3.639999999999966 -0.4780006031831845 -0.8783595068970974  
3.649999999999966 -0.486760079235095 -0.873535703485006  
3.659999999999966 -0.4954708804959518 -0.8686245486863508  
3.669999999999966 -0.5041321359074052 -0.8636265336043339  
3.679999999999966 -0.5127429793655668 -0.8585421580279691  
3.689999999999965 -0.5213025498076171 -0.8533719303821031  
3.699999999999965 -0.5298099912979105 -0.8481163676765755  
3.709999999999965 -0.538264453113566 -0.8427759954545181  
3.719999999999965 -0.5466650898295375 -0.8373513477398026  
3.729999999999964 -0.5550110614031547 -0.8318429669836391  
3.739999999999964 -0.5633015332581246 -0.8262514040103327  
3.749999999999964 -0.5715356763679873 -0.8205772179622022  
3.759999999999964 -0.5797126673390166 -0.8148209762436671  
3.769999999999964 -0.5878316884925575 -0.8089832544645092  
3.779999999999963 -0.5958919279467916 -0.8030646363823125  
3.789999999999963 -0.6038925796979235 -0.797065713844089  
3.799999999999963 -0.6118328437007795 -0.7909870867270955  
3.809999999999963 -0.6197119259488092 -0.7848293628788475  
3.819999999999963 -0.6275290385534851 -0.778593158056336  
3.829999999999962 -0.635283399823089 -0.7722790958644531  
3.839999999999962 -0.6429742343408794 -0.7658878076936333  
3.849999999999962 -0.6506007730426312 -0.7594199326567157  
3.859999999999962 -0.6581622532935399 -0.7528761175250348  
3.869999999999961 -0.6656579189644839 -0.7462570166637447  
3.879999999999961 -0.6730870205076346 -0.739563291966384  
3.889999999999961 -0.68044881503141 -0.7327956127886888  
3.899999999999961 -0.6877425663747617 -0.7259546558816579  
3.909999999999961 -0.6949675451807894 -0.7190411053238801  
3.91999999999996 -0.7021230289696745 -0.7120556524531277  
3.92999999999996 -0.7092083022109262 -0.7049989957972247  
3.93999999999996 -0.7162226563949333 -0.6978718410041954  
3.94999999999996 -0.7231653901038128 -0.6906749007717017  
3.95999999999996 -0.7300358090815502 -0.6834088947757748  
3.969999999999959 -0.7368332263034233 -0.6760745495988499  
3.979999999999959 -0.7435569620447031 -0.6686725986571093  
3.989999999999959 -0.7502063439486244 -0.6612037821271426  
3.999999999999959 -0.7567807070936198 -0.6536688468719314  
4.009999999999959 -0.7632793940598103 -0.6460685463661643  
4.019999999999959 -0.7697017549947456 -0.6384036406208915  
4.029999999999959 -0.7760471476783877 -0.6306748961075258  
4.039999999999958 -0.7823149375873313 -0.6228830856811972  
4.049999999999958 -0.7885044979582546 -0.6150289885034693  
4.059999999999958 -0.7946152098505941 -0.6071133899644251  
4.069999999999958 -0.8006464622084368 -0.5991370816041299  
4.079999999999957 -0.8065976519216249 -0.5911008610334796  
4.089999999999957 -0.8124681838860646 -0.5830055318544412  
4.099999999999957 -0.8182574710632352 -0.5748519035796946  
4.109999999999957 -0.8239649345388921 -0.566640791551684  
4.119999999999957 -0.8295900035809559 -0.5583730168610848  
4.129999999999956 -0.8351321156965849 -0.550049406264697  
4.139999999999956 -0.8405907166884222 -0.541670792102772  
4.149999999999956 -0.845965260710015 -0.5332380122157798  
4.159999999999956 -0.851255210320397 -0.5247519098606278  
4.169999999999956 -0.8564600365378318 -0.5162133336263367  
4.179999999999955 -0.8615792188927094 -0.507623137349184  
4.189999999999955 -0.8666122454795919 -0.4989821800273225  
4.199999999999955 -0.871558613008403 -0.4902913257348825  
4.209999999999955 -0.8764178268547552 -0.4815514435355667  
4.219999999999954 -0.8811894011094118 -0.4727634073957458  
4.229999999999954 -0.8858728586268758 -0.4639280960970644  
4.239999999999954 -0.890467731073104 -0.4550463931485645  
4.249999999999954 -0.8949735589723384 -0.4461191866983373  
4.259999999999954 -0.8993898917530537 -0.4371473694447104  
4.269999999999953 -0.9037162877930122 -0.4281318385469801  
4.279999999999953 -0.9079523144634255 -0.4190734955356979  
4.289999999999953 -0.9120975481722166 -0.4099732462225197  
4.299999999999953 -0.9161515744063773 -0.4008320006096267  
4.309999999999953 -0.920113987773419 -0.3916506727987277  
4.319999999999952 -0.923984392041911 -0.3824301808996511  
4.329999999999952 -0.9277624001811019 -0.373171446938536  
4.339999999999952 -0.9314476343996227 -0.3638753967656324  
4.349999999999952 -0.9350397261832645 -0.354542959962718  
4.359999999999951 -0.9385383163318288 -0.3451750697501425  
4.369999999999951 -0.941943054995047 -0.3357726628935081  
4.379999999999951 -0.9452536017075646 -0.326336679609995  
4.389999999999951 -0.9484696254229863 -0.3168680634743423  
4.399999999999951 -0.9515908045469804 -0.3073677613244925  
4.40999999999995 -0.9546168269694374 -0.2978367231669103  
4.41999999999995 -0.9575473900956799 -0.2882759020815848  
4.42999999999995 -0.9603822008767214 -0.2786862541267228  
4.43999999999995 -0.9631209758385708 -0.2690687382431463  
4.44999999999995 -0.9657634411105785 -0.2594243161584006  
4.459999999999949 -0.9683093324528235 -0.2497539522905836  
4.469999999999949 -0.9707583952825359 -0.2400586136519068  
4.479999999999949 -0.9731103846995555 -0.2303392697519963  
4.489999999999949 -0.9753650655108201 -0.2205968925009444  
4.499999999999948 -0.9775222122538855 -0.2108324561121209  
4.509999999999948 -0.9795816092194698 -0.2010469370047542  
4.519999999999948 -0.981543050473025 -0.1912413137062917  
4.529999999999948 -0.9834063398753292 -0.1814165667545499  
4.539999999999948 -0.9851712911021003 -0.1715736785996628  
4.549999999999947 -0.9868377276626279 -0.1617136335058391  
4.559999999999947 -0.9884054829174218 -0.1518374174529389  
4.569999999999947 -0.9898744000948759 -0.1419460180378774  
4.579999999999947 -0.9912443323069446 -0.1320404243758683  
4.589999999999947 -0.9925151425638316 -0.1221216270015144  
4.599999999999946 -0.9936867037876879 -0.1121906177697568  
4.609999999999946 -0.9947588988253201 -0.1022483897566917  
4.619999999999946 -0.9957316204599049 -0.09229593716026561  
4.629999999999946 -0.9966047714217106 -0.08233425520085753  
4.639999999999946 -0.9973782643978236 -0.07236434002175986  
4.649999999999945 -0.9980520220408803 -0.06238718858956634  
4.659999999999945 -0.9986259769768006 -0.05240379859447793  
4.669999999999945 -0.9991000718115256 -0.0424151683505363  
4.679999999999945 -0.9994742591367572 -0.03242229669579489  
4.689999999999944 -0.9997485015346984 -0.02242618289243761  
4.699999999999944 -0.9999227715817949 -0.01242782652685515  
4.709999999999944 -0.9999970518514776 -0.002428227409688785  
4.719999999999944 -0.9999713349159053 0.007571614524148129  
4.729999999999944 -0.9998456233467072 0.01757069931546119  
4.739999999999943 -0.9996199297147261 0.02756802708076836  
4.749999999999943 -0.9992942765887609 0.03756259811228579  
4.759999999999943 -0.99886869653331 0.04755341297789615  
4.769999999999943 -0.9983432321053151 0.05753947262108928  
4.779999999999943 -0.9977179358499053 0.06751977846086538  
4.789999999999942 -0.9969928702951431 0.07749333249159061  
4.799999999999942 -0.9961681079457712 0.08745913738279519  
4.809999999999942 -0.9952437312759627 0.09741619657890387  
4.819999999999942 -0.9942198327210737 0.107363514398889  
4.829999999999941 -0.9930965146684001 0.1173000961358364  
4.839999999999941 -0.9918738894469389 0.1272249481564131  
4.849999999999941 -0.9905520793161556 0.1371370780002286  
4.859999999999941 -0.9891312164537591 0.1470354944790782  
4.869999999999941 -0.9876114429424835 0.1569192077760594  
4.87999999999994 -0.9859929107558805 0.1667872295445512  
4.88999999999994 -0.9842757817431225 0.1766385730070462  
4.89999999999994 -0.9824602276128181 0.1864722530538259  
4.90999999999994 -0.9805464299158416 0.1962872863414692  
4.91999999999994 -0.9785345800271783 0.2060826913911843  
4.929999999999939 -0.9764248791267877 0.2158574886869541  
4.939999999999939 -0.9742175381794854 0.2256107007734855  
4.949999999999939 -0.9719127779138482 0.2353413523539522  
4.959999999999939 -0.9695108288001408 0.2450484703875221  
4.969999999999938 -0.9670119310272699 0.2547310841866592  
4.979999999999938 -0.9644163344787656 0.2643882255141894  
4.989999999999938 -0.9617242987077941 0.2740189286801222  
4.999999999999938 -0.9589360929112024 0.2836222306382172  
5.009999999999938 -0.9560519959025999 0.2931971710822862  
5.019999999999937 -0.9530722960844774 0.3027427925422216  
5.029999999999937 -0.9499972914193676 0.3122581404797408  
5.039999999999937 -0.9468272894000497 0.3217422633838379  
5.049999999999937 -0.9435626070188008 0.3311942128659322  
5.059999999999937 -0.9402035707356976 0.3406130437547047  
5.069999999999936 -0.936750516445971 0.349997814190613  
5.079999999999936 -0.9332037894464175 0.359347585720075  
5.089999999999936 -0.9295637444008705 0.3686614233893114  
5.099999999999936 -0.9258307453047347 0.3779383958378394  
5.109999999999935 -0.9220051654485876 0.3871775753916061  
5.119999999999935 -0.9180873873808508 0.3963780381557533  
5.129999999999935 -0.914077802869537 0.4055388641070052  
5.139999999999935 -0.9099768128630736 0.4146591371856683  
5.149999999999935 -0.9057848274502092 0.4237379453872347  
5.159999999999934 -0.9015022658190051 0.4327743808535808  
5.169999999999934 -0.8971295562149184 0.4417675399637504  
5.179999999999934 -0.8926671358979781 0.4507165234243149  
5.189999999999934 -0.88811545109906 0.4596204363593001  
5.199999999999934 -0.8834749569752651 0.4684783883996718  
5.209999999999933 -0.8787461175644049 0.4772894937723701  
5.219999999999933 -0.8739294057385987 0.4860528713888851  
5.229999999999933 -0.8690253031569874 0.4947676449333631  
5.239999999999933 -0.8640343002175694 0.5034329429502359  
5.249999999999932 -0.8589568960081614 0.5120478989313645  
5.259999999999932 -0.8537935982564911 0.5206116514026877  
5.269999999999932 -0.8485449232794259 0.5291233440103673  
5.279999999999932 -0.843211395931342 0.5375821256064212  
5.289999999999932 -0.8377935495516406 0.545987150333836  
5.299999999999931 -0.8322919259114158 0.5543375777111513  
5.309999999999931 -0.8267070751592774 0.5626325727165048  
5.319999999999931 -0.8210395557663392 0.5708713058711329  
5.329999999999931 -0.815289934470372 0.5790529533223164  
5.339999999999931 -0.8094587862191316 0.5871766969257639  
5.34999999999993 -0.8035466941128656 0.5952417243274239  
5.35999999999993 -0.7975542493460049 0.6032472290447183  
5.36999999999993 -0.7914820511480454 0.6111924105471885  
5.37999999999993 -0.7853307067236267 0.6190764743365469  
5.38999999999993 -0.7791008311918134 0.6268986320261241  
5.399999999999929 -0.7727930475245842 0.634658101419706  
5.409999999999929 -0.7664079864845369 0.6423541065897517  
5.419999999999929 -0.7599462865618132 0.6499858779549834  
5.429999999999929 -0.7534085939102515 0.6575526523573437  
5.439999999999928 -0.7467955622827732 0.6650536731383089  
5.449999999999928 -0.7401078529660089 0.6724881902145528  
5.459999999999928 -0.7333461347141713 0.6798554601529536  
5.469999999999928 -0.7265110836821819 0.6871547462449353  
5.479999999999928 -0.7196033833580565 0.6943853185801365  
5.489999999999927 -0.7126237244945588 0.7015464541193996  
5.499999999999927 -0.7055728050401264 0.708637436767073  
5.509999999999927 -0.698451330069078 0.7156575574426191  
5.519999999999927 -0.6912600117111073 0.72260611415152  
5.529999999999927 -0.6839995690800723 0.7294824120554759  
5.539999999999926 -0.6766707282020855 0.7362857635418867  
5.549999999999926 -0.669274221942913 0.7430154882926117  
5.559999999999926 -0.6618107899346899 0.7496709133519996  
5.569999999999926 -0.654281178501959 0.7562513731941829  
5.579999999999925 -0.64668614058704 0.7627562097896279  
5.589999999999925 -0.6390264356747372 0.7691847726709368  
5.599999999999925 -0.6313028297163931 0.7755364189978924  
5.609999999999925 -0.6235160950532949 0.7818105136217408  
5.619999999999925 -0.6156670103394426 0.7880064291487044  
5.629999999999924 -0.6077563604636855 0.7941235460027201  
5.639999999999924 -0.599784936471235 0.8001612524873947  
5.649999999999924 -0.5917535354845621 0.8061189448471736  
5.659999999999924 -0.5836629606236877 0.8119960273277148  
5.669999999999924 -0.5755140209258718 0.8177919122354627  
5.679999999999923 -0.5673075312647123 0.8235060199964156  
5.689999999999923 -0.5590443122686598 0.8291377792140825  
5.699999999999923 -0.5507251902389563 0.8346866267266205  
5.709999999999923 -0.5423509970670074 0.8401520076631503  
5.719999999999922 -0.5339225701511955 0.8455333754992413  
5.729999999999922 -0.5254407523131415 0.8508301921115631  
5.739999999999922 -0.5169063917134251 0.8560419278316959  
5.749999999999922 -0.5083203417667711 0.8611680614990969  
5.759999999999922 -0.4996834610567095 0.8662080805132143  
5.769999999999921 -0.4909966132497197 0.8711614808847464  
5.779999999999921 -0.4822606670088658 0.8760277672860394  
5.789999999999921 -0.4734764959069325 0.8808064531006183  
5.799999999999921 -0.4646449783390701 0.8854970604718484  
5.809999999999921 -0.4557669974349573 0.8900991203507186  
5.81999999999992 -0.44684344097049 0.8946121725427458  
5.82999999999992 -0.4378752012790063 0.8990357657539934  
5.83999999999992 -0.4288631751620554 0.9033694576361987  
5.84999999999992 -0.4198082637997193 0.9076128148310075  
5.859999999999919 -0.4107113726604977 0.9117654130133086  
5.869999999999919 -0.4015734114107629 0.915826836933665  
5.879999999999919 -0.3923952938237953 0.9197966804598378  
5.889999999999919 -0.3831779376884092 0.9236745466173988  
5.899999999999919 -0.373922264717175 0.9274600476294267  
5.909999999999918 -0.3646292004542515 0.9311528049552839  
5.919999999999918 -0.3552996741828328 0.9347524493284692  
5.929999999999918 -0.3459346188322227 0.9382586207935445  
5.939999999999918 -0.3365349708845443 0.9416709687421283  
5.949999999999918 -0.3271016702810939 0.9449891519479565  
5.959999999999917 -0.3176356603283491 0.9482128386010037  
5.969999999999917 -0.3081378876036407 0.9513417063406636  
5.979999999999917 -0.2986093018604974 0.9543754422879843  
5.989999999999917 -0.2890508559336727 0.9573137430769552  
5.999999999999917 -0.2794635056438637 0.9601563148848429  
6.009999999999916 -0.2698482097021316 0.9629028734615729  
6.019999999999916 -0.260205929614033 0.9655531441581537  
6.029999999999916 -0.2505376295834715 0.9681068619541413  
6.039999999999916 -0.2408442764162801 0.9705637714841401  
6.049999999999915 -0.2311268394235427 0.9729236270633392  
6.059999999999915 -0.2213862903246656 0.9751861927120803  
6.069999999999915 -0.211623603150208 0.9773512421794547  
6.079999999999915 -0.2018397541444811 0.9794185589659281  
6.089999999999915 -0.1920357216679265 0.9813879363449901  
6.099999999999914 -0.1822124860992824 0.9832591773838262  
6.109999999999914 -0.1723710297375482 0.9850320949630104  
6.119999999999914 -0.1625123367037571 0.9867065117952168  
6.129999999999914 -0.1526373928425662 0.9882822604429484  
6.139999999999914 -0.1427471856236751 0.9897591833352797  
6.149999999999913 -0.1328427040430807 0.9911371327836135  
6.159999999999913 -0.1229249385241803 0.9924159709964497  
6.169999999999913 -0.1129948808187323 0.9935955700931643  
6.179999999999913 -0.1030535239076825 0.9946758121167965  
6.189999999999912 -0.09310186190186927 0.9956565890458442  
6.199999999999912 -0.08314088994261472 0.9965378028050667  
6.209999999999912 -0.07317160410221293 0.9973193652752907  
6.219999999999912 -0.06319500128432537 0.9980011983022234  
6.229999999999912 -0.05321207912429292 0.9985832337042665  
6.239999999999911 -0.04322383588937491 0.9990654132793348  
6.249999999999911 -0.03323127037892485 0.9994476888106764  
6.259999999999911 -0.023235381824513 0.9997300220716936  
6.269999999999911 -0.0132371697900057 0.9999123848297662  
6.279999999999911 -0.003237634071611501 0.9999947588490743  
6.28999999999991 0.006762225402095979 0.9999771358924219  
6.29999999999991 0.01676140867016839 0.9998595177220606  
6.30999999999991 0.02675891583927626 0.9996419160995134  
6.31999999999991 0.03675374718369582 0.9993243527843985  
6.329999999999909 0.04674490324527908 0.9989068595322536  
6.339999999999909 0.05673138493339715 0.9983894780913601  
6.349999999999909 0.06671219362484679 0.9977722601985689  
6.359999999999909 0.07668633126371026 0.9970552675741261  
6.369999999999909 0.08665280046115839 0.9962385719155018  
6.379999999999908 0.096610604595187 0.9953222548902201  
6.389999999999908 0.1065587479102766 0.9943064081276928  
6.399999999999908 0.1164962356169653 0.9931911332100566  
6.409999999999908 0.1264220739913257 0.9919765416620151  
6.419999999999908 0.1363352704743342 0.9906627549396868  
6.429999999999907 0.1462348337711249 0.9892499044184595  
6.439999999999907 0.1561197739501164 0.9877381313798533  
6.449999999999907 0.1659891025420027 0.9861275869973928  
6.459999999999907 0.1758418326385971 0.9844184323214897  
6.469999999999906 0.1856769789915212 0.9826108382633392  
6.479999999999906 0.1954935581107271 0.9807049855778279  
6.489999999999906 0.2052905883628435 0.97870106484546  
6.499999999999906 0.2150670900693373 0.9765992764532991  
6.509999999999906 0.2248220856044784 0.9743998305749301  
6.519999999999905 0.2345545994931003 0.9721029471494422  
6.529999999999905 0.2442636585081447 0.969708855859436  
6.539999999999905 0.2539482917679822 0.9672177961080554  
6.549999999999905 0.2636075308334977 0.9646300169950479  
6.559999999999905 0.2732404098049322 0.9619457772918557  
6.569999999999904 0.2828459654184702 0.9591653454157387  
6.579999999999904 0.2924232371425635 0.9562889994029335  
6.589999999999904 0.3019712672739824 0.9533170268808508  
6.599999999999904 0.3114891010335832 0.950249725039313  
6.609999999999904 0.320975786661784 0.9470874006008362  
6.619999999999903 0.330430375513738 0.9438303697899586  
6.629999999999903 0.3398519221541959 0.940478958301619  
6.639999999999903 0.3492394844520469 0.9370335012685878  
6.649999999999903 0.3585921236745296 0.9334943432279549  
6.659999999999902 0.3679089045811028 0.9298618380866768  
6.669999999999902 0.3771888955169671 0.9261363490861865  
6.679999999999902 0.3864311685062284 0.9223182487660705  
6.689999999999902 0.3956347993446928 0.9184079189268158  
6.699999999999902 0.4047988676922851 0.914405750591631  
6.709999999999901 0.41392245716508 0.9103121439673442  
6.719999999999901 0.4230046554269386 0.9061275084043841  
6.729999999999901 0.4320445542807397 0.9018522623558457  
6.739999999999901 0.4410412497591972 0.8974868333356461  
6.749999999999901 0.4499938422152543 0.8930316578757738  
6.7599999999999 0.4589014364120463 0.8884871814826373  
6.7699999999999 0.4677631416124221 0.883853858592515  
6.7799999999999 0.4765780716680152 0.8791321525261128  
6.7899999999999 0.485345345107857 0.8743225354422334  
6.799999999999899 0.494064085226521 0.8694254882905614  
6.809999999999899 0.5027334201717916 0.8644415007635698  
6.819999999999899 0.5113524830318472 0.8593710712475516  
6.829999999999899 0.5199204119219489 0.8542147067727827  
6.839999999999899 0.5284363500706269 0.8489729229628198  
6.849999999999898 0.5368994459053558 0.8436462439829399  
6.859999999999898 0.545308853137709 0.8382352024877245  
6.869999999999898 0.5536637308479867 0.832740339567796  
6.879999999999898 0.5619632435693043 0.8271622046957096  
6.889999999999898 0.5702065613711379 0.8215013556710073  
6.899999999999897 0.5783928599423152 0.8157583585644401  
6.909999999999897 0.5865213206734442 0.8099337876613614  
6.919999999999897 0.5945911307387725 0.8040282254043003  
6.929999999999897 0.6026014831774675 0.7980422623347191  
6.939999999999896 0.6105515769743109 0.7919764970339602  
6.949999999999896 0.6184406171397977 0.7858315360633897  
6.959999999999896 0.6262678147896333 0.7796079939037426  
6.969999999999896 0.6340323872236204 0.7733064928936763  
6.979999999999896 0.6417335580039265 0.7669276631675386  
6.989999999999895 0.6493705570327259 0.7604721425923553  
6.999999999999895 0.6569426206292079 0.7539405767040456  
7.009999999999895 0.6644489916059425 0.7473336186428698  
7.019999999999895 0.6718889193445975 0.7406519290881172  
7.029999999999895 0.6792616598709983 0.7338961761920392  
7.039999999999894 0.6865664759295237 0.7270670355130365  
7.049999999999894 0.6938026370568294 0.7201651899481047  
7.059999999999894 0.7009694196548927 0.7131913296645461  
7.069999999999894 0.7080661070633701 0.7061461520309548  
7.079999999999893 0.7150919896312623 0.6990303615474815  
7.089999999999893 0.7220463647878766 0.6918446697753858  
7.099999999999893 0.728928537113083 0.684589795265881  
7.109999999999893 0.7357378184068538 0.6772664634882813  
7.119999999999893 0.7424735277580825 0.6698754067574567  
7.129999999999892 0.7491349916126728 0.6624173641606029  
7.139999999999892 0.7557215438408925 0.6548930814833351  
7.149999999999892 0.7622325258039847 0.6473033111351107  
7.159999999999892 0.7686672864200302 0.6396488120739907  
7.169999999999892 0.7750251822290539 0.6319303497307452  
7.179999999999891 0.7813055774573692 0.6241486959323131  
7.189999999999891 0.7875078440811538 0.6163046288246206  
7.199999999999891 0.7936313618892508 0.6083989327947685  
7.209999999999891 0.7996755185451876 0.6004323983925963  
7.219999999999891 0.8056397096484087 0.5924058222516283  
7.22999999999989 0.8115233387947139 0.5843200070094127  
7.23999999999989 0.8173258176358973 0.5761757612272597  
7.24999999999989 0.8230465659385805 0.5679738993093872  
7.25999999999989 0.8286850116422348 0.5597152414214832  
7.269999999999889 0.8342405909163857 0.5514006134086901  
7.279999999999889 0.8397127482169943 0.5430308467130232  
7.289999999999889 0.8451009363420106 0.5346067782902282  
7.299999999999889 0.8504046164860921 0.5261292505260876  
7.309999999999889 0.8556232582944835 0.5175991111521847  
7.319999999999888 0.8607563399160501 0.509017213161132  
7.329999999999888 0.8658033480554621 0.5003844147212745  
7.339999999999888 0.8707637780245229 0.4917015790908746  
7.349999999999888 0.8756371337926362 0.4829695745317888  
7.359999999999888 0.8804229280364083 0.4741892742226436  
7.369999999999887 0.8851206821883791 0.4653615561715196  
7.379999999999887 0.8897299264848775 0.4564873031281533  
7.389999999999887 0.8942502000129966 0.447567402495664  
7.399999999999887 0.898681050756684 0.4386027462418156  
7.409999999999886 0.9030220356419422 0.4295942308098224  
7.419999999999886 0.9072727205811348 0.420542757028707  
7.429999999999886 0.9114326805163945 0.4114492300232194  
7.439999999999886 0.9155014994621272 0.4023145591233268  
7.449999999999886 0.9194787705466103 0.3931396577732831  
7.459999999999885 0.9233640960526781 0.3839254434402866  
7.469999999999885 0.9271570874574933 0.3746728375227358  
7.479999999999885 0.9308573654713974 0.3653827652580913  
7.489999999999885 0.9344645600758397 0.3560561556303551  
7.499999999999885 0.9379783105603773 0.3466939412771741  
7.509999999999884 0.9413982655587461 0.3372970583965785  
7.519999999999884 0.9447240830839958 0.3278664466533648  
7.529999999999884 0.9479554305626883 0.3184030490851313  
7.539999999999884 0.9510919848681538 0.3089078120079771  
7.549999999999883 0.9541334323528031 0.2993816849218723  
7.559999999999883 0.957079468879491 0.2898256204157109  
7.569999999999883 0.9599297998519298 0.2802405740720538  
7.579999999999883 0.9626841402441479 0.2706275043715734  
7.589999999999883 0.9653422146289918 0.2609873725972077  
7.599999999999882 0.967903757205668 0.2513211427380344  
7.609999999999882 0.9703685118263226 0.2416297813928744  
7.619999999999882 0.972736232021655 0.2319142576736345  
7.629999999999882 0.9750066810255652 0.2221755431083985  
7.639999999999882 0.9771796317988286 0.2124146115442765  
7.649999999999881 0.9792548670518001 0.2026324390500233  
7.659999999999881 0.9812321792661424 0.1928300038184336  
7.669999999999881 0.9831113707155772 0.183008286068525  
7.679999999999881 0.9848922534856575 0.1731682679475189  
7.68999999999988 0.9865746494925582 0.1633109334326278  
7.69999999999988 0.9881583905008847 0.1534372682326606  
7.70999999999988 0.9896433181404953 0.1435482596894537  
7.71999999999988 0.9910292839223382 0.1336448966791395  
7.72999999999988 0.9923161492533003 0.1237281695132613  
7.739999999999879 0.9935037854500652 0.1137990698397445  
7.749999999999879 0.9945920737519827 0.1038585905437343  
7.759999999999879 0.9955809053329429 0.09390772564830963  
7.769999999999879 0.9964701813122598 0.08394747021508361  
7.779999999999879 0.9972598127645588 0.07397882024469953  
7.789999999999878 0.9979497207286684 0.06400277257723339  
7.799999999999878 0.9985398362155171 0.05402032479251246  
7.809999999999878 0.9990301002150315 0.04403247511035972  
7.819999999999878 0.9994204637020372 0.03404022229077437  
7.829999999999878 0.9997108876411613 0.02404456553405838  
7.839999999999877 0.9999013429907361 0.01404650438089889  
7.849999999999877 0.9999918107057026 0.004047038612416697  
7.859999999999877 0.9999822817395156 -0.005952831849809395  
7.869999999999877 0.999872757045048 -0.01595210704373221  
7.879999999999876 0.9996632475744952 -0.02594978706682993  
7.889999999999876 0.9993537742782805 -0.03594487217609381  
7.899999999999876 0.9989443681029601 -0.04593636288800001  
7.909999999999876 0.9984350699881278 -0.05592326007845545  
7.919999999999876 0.997825930862322 -0.0659045650827077  
7.929999999999875 0.9971170116379324 -0.07587927979520898  
7.939999999999875 0.9963083832051093 -0.08584640676942419  
7.949999999999875 0.9954001264246743 -0.09580494931757311  
7.959999999999875 0.994392332120035 -0.1057539116102967  
7.969999999999875 0.9932851010681023 -0.1156922987762373  
7.979999999999874 0.9920785439892135 -0.1256191170015239  
7.989999999999874 0.9907727815360601 -0.1355333736291503  
7.999999999999874 0.9893679442816231 -0.1454340772582387  
8.009999999999874 0.987864172706116 -0.1553202378431774  
8.019999999999873 0.986261617182937 -0.1651908667926227  
8.029999999999873 0.9845604379636321 -0.1750449770683555  
8.039999999999873 0.9827608051618705 -0.184881583283983  
8.049999999999873 0.9808628987364332 -0.1946997018034745  
8.059999999999873 0.9788669084732182 -0.2044983508395228  
8.069999999999872 0.976773033966262 -0.2142765505517202  
8.079999999999872 0.9745814845977807 -0.2240333231445404  
8.089999999999872 0.9722924795172324 -0.2337676929651155  
8.099999999999872 0.9699062476194028 -0.2434786866007987  
8.109999999999872 0.9674230275215163 -0.2531653329765032  
8.119999999999871 0.9648430675393748 -0.2628266634518077  
8.129999999999871 0.9621666256625266 -0.2724617119178172  
8.139999999999871 0.9593939695284687 -0.2820695148937721  
8.149999999999871 0.9565253763958829 -0.2916491116233939  
8.15999999999987 0.9535611331169112 -0.3011995441709579  
8.16999999999987 0.950501536108471 -0.3107198575170848  
8.17999999999987 0.9473468913226144 -0.3202090996542402  
8.18999999999987 0.9440975142159336 -0.3296663216819329  
8.19999999999987 0.9407537297180159 -0.3390905779016027  
8.209999999999869 0.9373158721989518 -0.3484809259111875  
8.219999999999869 0.9337842854358991 -0.3578364266993618  
8.229999999999869 0.9301593225787051 -0.3671561447394348  
8.239999999999869 0.9264413461145935 -0.3764391480829013  
8.249999999999869 0.9226307278319158 -0.3856845084526339  
8.259999999999868 0.9187278487829741 -0.3948913013357083  
8.269999999999868 0.9147330992459163 -0.4040586060758528  
8.279999999999868 0.9106468786857095 -0.4131855059655109  
8.289999999999868 0.9064695957141944 -0.4222710883375104  
8.299999999999867 0.9022016680492252 -0.4313144446563275  
8.309999999999867 0.8978435224728989 -0.4403146706089381  
8.319999999999867 0.893395594788878 -0.449270866195247  
8.329999999999867 0.8888583297788113 -0.4581821358180855  
8.339999999999867 0.8842321811578571 -0.4670475883727688  
8.349999999999866 0.8795176115293122 -0.4758663373362046  
8.359999999999866 0.8747150923383534 -0.484637500855543  
8.369999999999866 0.8698251038248939 -0.4933602018363592  
8.379999999999866 0.8648481349755602 -0.5020335680303615  
8.389999999999866 0.8597846834747953 -0.5106567321226132  
8.399999999999865 0.8546352556550909 -0.5192288318182626  
8.409999999999865 0.8494003664463557 -0.5277490099287698  
8.419999999999865 0.8440805393244237 -0.5362164144576237  
8.429999999999865 0.8386763062587079 -0.5446301986855393  
8.439999999999864 0.8331882076590046 -0.5529895212551279  
8.449999999999864 0.8276167923214538 -0.5612935462550301  
8.459999999999864 0.8219626173736612 -0.5695414433035058  
8.469999999999864 0.8162262482189863 -0.5777323876314689  
8.479999999999864 0.8104082584800041 -0.5858655601649639  
8.489999999999863 0.8045092299411439 -0.5939401476070697  
8.499999999999863 0.7985297524905124 -0.601955342519228  
8.509999999999863 0.7924704240609063 -0.6099103434019851  
8.519999999999863 0.7863318505700206 -0.6178043547751397  
8.529999999999863 0.7801146458598585 -0.6256365872572891  
8.539999999999862 0.7738194316353482 -0.6334062576447651  
8.549999999999862 0.7674468374021746 -0.6411125889899527  
8.559999999999862 0.7609975004038299 -0.6487548106789828  
8.569999999999862 0.754472065557891 -0.6563321585087913  
8.579999999999862 0.7478711853915294 -0.6638438747635385  
8.589999999999861 0.7411955199762599 -0.6712892082903774  
8.599999999999861 0.7344457368619352 -0.6786674145745684  
8.609999999999861 0.7276225110099926 -0.6859777558139279  
8.619999999999861 0.72072652472596 -0.6932195009926078  
8.62999999999986 0.713758467591226 -0.7003919259541936  
8.63999999999986 0.7067190363940844 -0.7074943134741202  
8.64999999999986 0.6996089350600568 -0.7145259533313909  
8.65999999999986 0.6924288745815019 -0.7214861423795987  
8.66999999999986 0.6851795729465178 -0.7283741846172388  
8.679999999999859 0.6778617550671451 -0.7351893912573071  
8.689999999999859 0.6704761527068777 -0.7419310807961772  
8.699999999999859 0.663023504407488 -0.748598579081749  
8.709999999999859 0.6555045554151749 -0.7551912193808623  
8.719999999999859 0.6479200576060408 -0.7617083424459684  
8.729999999999858 0.6402707694109057 -0.7681492965810531  
8.739999999999858 0.6325574557394664 -0.774513437706805  
8.749999999999858 0.6247808879038073 -0.7808001294250214  
8.759999999999858 0.6169418435412709 -0.7870087430822468  
8.769999999999857 0.6090411065366965 -0.7931386578326366  
8.779999999999857 0.6010794669440331 -0.7991892607000403  
8.789999999999857 0.5930577209073364 -0.8051599466392971  
8.799999999999857 0.5849766705811562 -0.8110501185967396  
8.809999999999857 0.5768371240503231 -0.8168591875698969  
8.819999999999856 0.5686398952491416 -0.8225865726663942  
8.829999999999856 0.5603858038799995 -0.8282317011620399  
8.839999999999856 0.5520756753313988 -0.8337940085580969  
8.849999999999856 0.5437103405954197 -0.839272938637731  
8.859999999999856 0.5352906361846229 -0.8446679435216312  
8.869999999999855 0.5268174040484008 -0.8499784837227964  
8.879999999999855 0.5182914914887844 -0.8552040282004824  
8.889999999999855 0.5097137510757155 -0.8603440544133049  
8.899999999999855 0.5010850405617915 -0.8653980483714924  
8.909999999999854 0.4924062227964926 -0.8703655046882838  
8.919999999999854 0.4836781656398988 -0.8752459266304657  
8.929999999999854 0.4749017418759063 -0.8800388261680447  
8.939999999999854 0.4660778291249508 -0.884743724023049  
8.949999999999854 0.4572073097562483 -0.889360149717455  
8.959999999999853 0.4482910707995598 -0.893887641620234  
8.969999999999853 0.4393300038564911 -0.8983257469935143  
8.979999999999853 0.4303250050113342 -0.9026740220378534  
8.989999999999853 0.4212769747414619 -0.9069320319366174  
8.999999999999853 0.4121868178272815 -0.9110993508994611  
9.009999999999852 0.4030554432617597 -0.9151755622049064  
9.019999999999852 0.3938837641595251 -0.9191602582420128  
9.029999999999852 0.3846726976655593 -0.9230530405511381  
9.039999999999852 0.3754231648634847 -0.9268535198637834  
9.049999999999851 0.3661360906834582 -0.9305613161415182  
9.059999999999851 0.3568124038096807 -0.9341760586139839  
9.069999999999851 0.347453036587531 -0.93769738581597  
9.079999999999851 0.3380589249303333 -0.9411249456235593  
9.089999999999851 0.3286310082257688 -0.9444583952893398  
9.09999999999985 0.3191702292419387 -0.9476974014766784  
9.10999999999985 0.3096775340330901 -0.9508416402930535  
9.11999999999985 0.3001538718450126 -0.953890797322444  
9.12999999999985 0.2906001950201165 -0.9568445676567696  
9.13999999999985 0.2810174589022008 -0.9597026559263812  
9.149999999999849 0.2714066217409208 -0.9624647763295968  
9.159999999999849 0.2617686445959664 -0.9651306526612813  
9.169999999999849 0.2521044912409577 -0.9677000183404659  
9.179999999999849 0.2424151280670703 -0.970172616437006  
9.189999999999849 0.2327015239863989 -0.9725481996972734  
9.199999999999848 0.2229646503350682 -0.9748265305688807  
9.209999999999848 0.2132054807761016 -0.9770073812244365  
9.219999999999848 0.2034249912020578 -0.9790905335843273  
9.229999999999848 0.1936241596374435 -0.9810757793385247  
9.239999999999847 0.1838039661409138 -0.9829629199674166  
9.249999999999847 0.1739653927072684 -0.9847517667616575  
9.259999999999847 0.1641094231692549 -0.9864421408410402  
9.269999999999847 0.1542370430991878 -0.9880338731723824  
9.279999999999847 0.1443492397103938 -0.9895268045864304  
9.289999999999846 0.1344470017584928 -0.9909207857937748  
9.299999999999846 0.124531319442525 -0.9922156773997799  
9.309999999999846 0.1146031843059335 -0.9934113499185222  
9.319999999999846 0.1046635891374122 -0.9945076837857389  
9.329999999999846 0.09471352787162955 -0.9955045693707841  
9.339999999999845 0.08475399548983767 -0.9964019069875915  
9.349999999999845 0.0747859879203765 -0.9971996069046425  
9.359999999999845 0.06481050193908358 -0.9978975893539398  
9.369999999999845 0.05482853506961897 -0.9984957845389834  
9.379999999999844 0.0448410854837153 -0.9989941326417501  
9.389999999999844 0.03484915190136317 -0.9993925838286755  
9.399999999999844 0.02485373349094161 -0.999691098255637  
9.409999999999844 0.01485582976930374 -0.9998896460719382  
9.419999999999844 0.004856440501827578 -0.9999882074232939  
9.429999999999843 -0.005143434397557968 -0.9999867724538152  
9.439999999999843 -0.01514279496636202 -0.9998853413069956  
9.449999999999843 -0.02514064129352548 -0.9996839241256962  
9.459999999999843 -0.03513597361940962 -0.9993825410511316  
9.469999999999843 -0.04512779243576956 -0.9989812222208556  
9.479999999999842 -0.05511509858570258 -0.9984800077657483  
9.489999999999842 -0.06509689336356132 -0.9978789478060019  
9.499999999999842 -0.07507217861482188 -0.99717810244611  
9.509999999999842 -0.08503995683589671 -0.9963775417688564  
9.519999999999841 -0.09499923127388253 -0.9954773458283075  
9.529999999999841 -0.1049490060262331 -0.9944776046418069  
9.539999999999841 -0.114888286140347 -0.9933784181809741  
9.549999999999841 -0.1248160777130604 -0.992179896361707  
9.559999999999841 -0.1347313879900349 -0.9908821590331915  
9.56999999999984 -0.1446332254650304 -0.9894853359659163  
9.57999999999984 -0.1545205999790535 -0.9879895668386959  
9.58999999999984 -0.1643925228193705 -0.9863950012247038  
9.59999999999984 -0.1742480068183766 -0.9847017985765151  
9.60999999999984 -0.18408606645231 -0.9829101282101617  
9.619999999999839 -0.1939057179398018 -0.9810201692882011  
9.629999999999839 -0.2037059793402518 -0.9790321108018009  
9.639999999999839 -0.21348587065202 -0.9769461515518395  
9.649999999999839 -0.2232444139104243 -0.9747625001290273  
9.659999999999838 -0.2329806332855347 -0.9724813748930475  
9.669999999999838 -0.2426935551797536 -0.9701030039507211  
9.679999999999838 -0.2523822083251732 -0.9676276251331964  
9.689999999999838 -0.2620456238807 -0.9650554859721671  
9.699999999999838 -0.2716828355289364 -0.9623868436751188  
9.709999999999837 -0.2812928795728101 -0.9596219650996101  
9.719999999999837 -0.2908747950319411 -0.9567611267265863  
9.729999999999837 -0.3004276237387377 -0.9538046146327329  
9.739999999999837 -0.3099504104342107 -0.9507527244618682  
9.749999999999837 -0.3194422028634969 -0.9476057613953797  
9.759999999999836 -0.3289020518710823 -0.9443640401217067  
9.769999999999836 -0.3383290114957153 -0.9410278848048728  
9.779999999999836 -0.347722139065 -0.9375976290520692  
9.789999999999836 -0.3570804952896618 -0.9340736158802959  
9.799999999999836 -0.3664031443574736 -0.9304561976820602  
9.809999999999835 -0.3756891540268346 -0.9267457361901387  
9.819999999999835 -0.3849375957199923 -0.9229426024414046  
9.829999999999835 -0.3941475446158979 -0.9190471767397251  
9.839999999999835 -0.4033180797426862 -0.9150598486179322  
9.849999999999834 -0.4124482840697702 -0.9109810167988699  
9.859999999999834 -0.4215372445995422 -0.9068110891555233  
9.869999999999834 -0.4305840524586709 -0.9025504826702323  
9.879999999999834 -0.4395878029889871 -0.898199623392994  
9.889999999999834 -0.4485475958379463 -0.8937589463988593  
9.899999999999833 -0.4574625350486628 -0.8892288957444263  
9.909999999999833 -0.4663317291495021 -0.8846099244234354  
9.919999999999833 -0.4751542912432267 -0.8799024943214718  
9.929999999999833 -0.4839293390956829 -0.8751070761697772  
9.939999999999833 -0.4926559952240227 -0.8702241494981787  
9.949999999999832 -0.5013333869844493 -0.8652542025871364  
9.959999999999832 -0.5099606466594796 -0.8601977324189167  
9.969999999999832 -0.5185369115447137 -0.8550552446278957  
9.979999999999832 -0.5270613240351032 -0.8498272534499967  
9.989999999999831 -0.5355330317107095 -0.8445142816712676  
9.999999999999831 -0.5439511874219439 -0.8391168605756044  
