0
0 0  
0.025
-0.0256309 0.0230889  
0.05
-0.052552 0.0422137  
0.075
-0.0808174 0.0571651  
0.1
-0.110496 0.0677373  
0.125
-0.141667 0.0737192  
0.15
-0.174424 0.0748947  
0.175
-0.208865 0.0710366  
0.2
-0.245096 0.0619019  
0.225
-0.283221 0.0472279  
0.25
-0.323342 0.0267269  
0.275
-0.365552 8.16811e-05  
0.3
-0.409924 -0.0330586  
0.325
-0.456506 -0.0730836  
0.35
-0.505311 -0.120426  
0.375
-0.556299 -0.175568  
0.4
-0.609363 -0.239041  
0.425
-0.664311 -0.311437  
0.45
-0.720838 -0.393409  
0.475
-0.778501 -0.485675  
0.5
-0.836679 -0.589026  
0.525
-0.89453 -0.704324  
0.55
-0.950942 -0.832513  
0.575
-1.00447 -0.974613  
0.6
-1.05325 -1.13173  
0.625
-1.09494 -1.30504  
0.65
-1.12656 -1.4958  
0.675
-1.14444 -1.70533  
0.7
-1.14402 -1.93501  
0.725
-1.11969 -2.18623  
0.75
-1.06464 -2.46038  
0.775
-0.970612 -2.75875  
0.8
-0.827719 -3.0825  
0.825
-0.624195 -3.43246  
0.85
-0.34622 -3.80899  
0.875
0.0222148 -4.21163  
0.9
0.4993 -4.63869  
0.925
1.10515 -5.08656  
0.95
1.86113 -5.54868  
0.975
2.78841 -6.01403  
1
3.90543 -6.46477  
1.025
5.22353 -6.87289  
1.05
6.74014 -7.19537  
1.075
8.42895 -7.36814  
1.1
10.2279 -7.30006  
1.125
12.0296 -6.87172  
1.15
13.6863 -5.95024  
1.175
15.0526 -4.43668  
1.2
16.0777 -2.34982  
1.225
16.9027 0.111087  
1.25
17.83 2.64068  
1.275
19.1545 5.00612  
1.3
21.0901 7.08909  
1.325
23.7923 8.86538  
1.35
27.3582 10.4038  
1.375
31.8829 11.7865  
1.4
37.4518 13.1337  
1.425
44.2414 14.4848  
1.45
52.3857 15.9828  
1.475
62.3007 17.4823  
1.5
73.9631 19.4502  
1.525
88.7328 20.7832  
1.55
104.485 24.6157  
1.575
129.942 21.5527  
1.6
139.891 41.6012  
1.625
236.222 -28.9394  
1.65
207.967 71.033  
1.675
511.035 -219.472  
1.7
3025.17 -2539.29  
1.725
369964 -368296  
1.75
7.77119e+09 -7.77102e+09  
1.775
3.45977e+18 -3.45977e+18  
1.8
6.85781e+35 -6.85781e+35  
1.825
2.6944e+70 -2.6944e+70  
1.85
4.15927e+139 -4.15927e+139  
1.875
9.91119e+277 -9.91119e+277  
1.9
inf -inf  
1.925
-nan(ind) -nan(ind)  
1.95
-nan(ind) -nan(ind)  
1.975
-nan(ind) -nan(ind)  
2
-nan(ind) -nan(ind)  
2.025
-nan(ind) -nan(ind)  
