0 0 0  
0.0125 -0.0126569 0.0120267  
0.025 -0.0256309 0.0230889  
0.0375 -0.0389271 0.03316  
0.05 -0.052552 0.0422137  
0.0625 -0.0665127 0.0502241  
0.075 -0.0808174 0.0571652  
0.0875 -0.095475 0.0630112  
0.1 -0.110495 0.0677361  
0.1125 -0.125889 0.0713135  
0.125 -0.141666 0.0737168  
0.1375 -0.15784 0.0749186  
0.15 -0.174422 0.074891  
0.1625 -0.191426 0.0736054  
0.175 -0.208863 0.0710318  
0.1875 -0.226747 0.0671394  
0.2 -0.245092 0.0618962  
0.2125 -0.26391 0.0552685  
0.225 -0.283215 0.0472214  
0.2375 -0.30302 0.037718  
0.25 -0.323335 0.0267198  
0.2625 -0.344172 0.0141862  
0.275 -0.365542 7.4481e-05  
0.2875 -0.387452 -0.0156603  
0.3 -0.40991 -0.0330656  
0.3125 -0.432922 -0.0521912  
0.325 -0.456489 -0.0730898  
0.3375 -0.480613 -0.095817  
0.35 -0.505289 -0.120431  
0.3625 -0.530512 -0.146994  
0.375 -0.55627 -0.17557  
0.3875 -0.582549 -0.206228  
0.4 -0.609327 -0.23904  
0.4125 -0.636577 -0.274082  
0.425 -0.664266 -0.311432  
0.4375 -0.692351 -0.351175  
0.45 -0.720783 -0.393398  
0.4625 -0.7495 -0.438193  
0.475 -0.778433 -0.485656  
0.4875 -0.807496 -0.535888  
0.5 -0.836594 -0.588995  
0.5125 -0.865614 -0.645088  
0.525 -0.894427 -0.70428  
0.5375 -0.922884 -0.766693  
0.55 -0.950817 -0.832451  
0.5625 -0.978034 -0.901684  
0.575 -1.00432 -0.974527  
0.5875 -1.02942 -1.05112  
0.6 -1.05307 -1.13161  
0.6125 -1.07495 -1.21615  
0.625 -1.09472 -1.30488  
0.6375 -1.11199 -1.39798  
0.65 -1.12631 -1.49559  
0.6625 -1.13722 -1.5979  
0.675 -1.14416 -1.70507  
0.6875 -1.14654 -1.81726  
0.7 -1.14369 -1.93467  
0.7125 -1.1349 -2.05745  
0.725 -1.11933 -2.18579  
0.7375 -1.09611 -2.31985  
0.75 -1.06426 -2.4598  
0.7625 -1.02269 -2.60581  
0.775 -0.970231 -2.75801  
0.7875 -0.905592 -2.91655  
0.8 -0.82737 -3.08155  
0.8125 -0.734037 -3.25309  
0.825 -0.623938 -3.43124  
0.8375 -0.495284 -3.61602  
0.85 -0.34615 -3.80741  
0.8625 -0.174473 -4.00532  
0.875 0.0219467 -4.20958  
0.8875 0.24544 -4.41995  
0.9 0.49846 -4.63603  
0.9125 0.783562 -4.85732  
0.925 1.10338 -5.08309  
0.9375 1.4606 -5.31243  
0.95 1.85788 -5.54413  
0.9625 2.29782 -5.77665  
0.975 2.78284 -6.00803  
0.9875 3.3151 -6.23578  
1 3.89631 -6.45681  
1.0125 4.52755 -6.66726  
1.025 5.20906 -6.86233  
1.0375 5.93996 -7.03615  
1.05 6.71791 -7.18153  
1.0625 7.53874 -7.2898  
1.075 8.39612 -7.35063  
1.0875 9.28118 -7.35192  
1.1 10.1823 -7.27983  
1.1125 11.085 -7.11901  
1.125 11.9723 -6.85323  
1.1375 12.8259 -6.46643  
1.15 13.627 -5.94436  
1.1625 14.3592 -5.27677  
1.175 15.0115 -4.45991  
1.1875 15.5805 -3.49901  
1.2 16.0742 -2.40974  
1.2125 16.5119 -1.21822  
1.225 16.9241 0.0411191  
1.2375 17.3488 1.32948  
1.25 17.8278 2.60857  
1.2625 18.4016 3.8453  
1.275 19.1062 5.01502  
1.2875 19.9708 6.10308  
1.3 21.0175 7.10445  
1.3125 22.2622 8.02221  
1.325 23.7165 8.86527  
1.3375 25.3892 9.64608  
1.35 27.2886 10.3787  
1.3625 29.4238 11.0771  
1.375 31.8056 11.7545  
1.3875 34.4478 12.4227  
1.4 37.3669 13.0918  
1.4125 40.5831 13.7704  
1.425 44.1201 14.4657  
1.4375 48.0053 15.1837  
1.45 52.27 15.9293  
1.4625 56.9497 16.7068  
1.475 62.0842 17.5198  
1.4875 67.7179 18.3717  
1.5 73.9002 19.2654  
1.5125 80.6857 20.2037  
1.525 88.1351 21.1894  
1.5375 96.3153 22.2251  
1.55 105.3 23.3137  
1.5625 115.172 24.4579  
1.575 126.02 25.6607  
1.5875 137.944 26.9251  
1.6 151.053 28.2543  
1.6125 165.47 29.6516  
1.625 181.328 31.1206  
1.6375 198.775 32.6649  
1.65 217.973 34.2883  
1.6625 239.103 35.995  
1.675 262.362 37.7892  
1.6875 287.972 39.6753  
1.7 316.173 41.6583  
1.7125 347.233 43.7426  
1.725 381.446 45.9345  
1.7375 419.141 48.2369  
1.75 460.672 50.6628  
1.7625 506.456 53.1958  
1.775 556.862 55.9165  
1.7875 612.618 58.5744  
1.8 673.384 62.1076  
1.8125 743.07 62.9945  
1.825 809.238 75.1357  
1.8375 928.156 39.8374  
1.85 884.286 186.777  
1.8625 1942.86 -800.43  
1.875 19313.2 -17830.1  
1.8875 9.10819e+06 -9.10266e+06  
1.9 2.37355e+12 -2.37355e+12  
1.9125 1.61383e+23 -1.61383e+23  
1.925 7.46062e+44 -7.46062e+44  
1.9375 1.59445e+88 -1.59445e+88  
1.95 7.28257e+174 -7.28257e+174  
1.9625 inf -inf  
1.975 -nan(ind) -nan(ind)  
1.9875 -nan(ind) -nan(ind)  
2 -nan(ind) -nan(ind)  
2.0125 -nan(ind) -nan(ind)  
