0 0 0  
0.05 -0.0525518 0.0422138  
0.1 -0.110495 0.0677362  
0.15 -0.174421 0.0748912  
0.2 -0.245115 0.0619456  
0.25 -0.323402 0.0268022  
0.3 -0.410047 -0.0329604  
0.35 -0.505534 -0.120329  
0.4 -0.609739 -0.238981  
0.45 -0.721447 -0.393444  
0.5 -0.837632 -0.589248  
0.55 -0.952388 -0.833073  
0.6 -1.05538 -1.13287  
0.65 -1.12958 -1.4979  
0.7 -1.14808 -1.93872  
0.75 -1.06968 -2.46673  
0.8 -0.833039 -3.09323  
0.85 -0.349534 -3.82705  
0.9 0.504005 -4.66927  
0.95 1.88844 -5.60125  
1 3.98935 -6.55727  
1.05 6.95655 -7.36131  
1.1 10.7259 -7.58773  
1.15 14.6304 -6.32394  
1.2 17.0958 -2.23381  
1.25 17.8376 3.87976  
1.3 22.6406 6.03022  
1.35 27.4322 12.8001  
1.4 45.5824 5.96831  
1.45 38.5196 39.126  
1.5 222.45 -140.797  
1.55 2352.9 -2081.22  
1.6 496836 -494610  
1.65 2.80316e+10 -2.80311e+10  
1.7 9.00333e+19 -9.00333e+19  
1.75 9.28812e+38 -9.28812e+38  
1.8 9.885e+76 -9.885e+76  
1.85 1.11963e+153 -1.11963e+153  
1.9 1.43639e+305 -1.43639e+305  
1.95 inf -inf  
2 -nan(ind) -nan(ind)  
