0 0 0  
0.00625 -0.00628915 0.00613224  
0.0125 -0.0126569 0.0120267  
0.01875 -0.019104 0.01768  
0.025 -0.0256309 0.0230888  
0.03125 -0.0322384 0.0282499  
0.0375 -0.0389271 0.0331599  
0.04375 -0.0456981 0.0378156  
0.05 -0.052552 0.0422136  
0.05625 -0.0594899 0.0463508  
0.0625 -0.0665127 0.0502239  
0.06875 -0.0736216 0.0538297  
0.075 -0.0808174 0.057165  
0.08125 -0.0881015 0.0602265  
0.0875 -0.095475 0.063011  
0.09375 -0.102939 0.0655152  
0.1 -0.110495 0.0677358  
0.10625 -0.118145 0.0696696  
0.1125 -0.125889 0.0713132  
0.11875 -0.133729 0.0726632  
0.125 -0.141666 0.0737164  
0.13125 -0.149703 0.0744692  
0.1375 -0.15784 0.0749182  
0.14375 -0.166079 0.0750598  
0.15 -0.174422 0.0748906  
0.15625 -0.18287 0.0744068  
0.1625 -0.191425 0.0736049  
0.16875 -0.200089 0.0724809  
0.175 -0.208863 0.0710312  
0.18125 -0.217748 0.0692519  
0.1875 -0.226747 0.0671389  
0.19375 -0.235861 0.0646882  
0.2 -0.245092 0.0618956  
0.20625 -0.254441 0.058757  
0.2125 -0.26391 0.0552679  
0.21875 -0.273501 0.051424  
0.225 -0.283215 0.0472208  
0.23125 -0.293054 0.0426535  
0.2375 -0.303019 0.0377174  
0.24375 -0.313112 0.0324076  
0.25 -0.323334 0.0267192  
0.25625 -0.333687 0.0206469  
0.2625 -0.344171 0.0141856  
0.26875 -0.354789 0.00732971  
0.275 -0.365541 7.38258e-05  
0.28125 -0.376428 -0.00758778  
0.2875 -0.387451 -0.015661  
0.29375 -0.398611 -0.0241517  
0.3 -0.409909 -0.0330662  
0.30625 -0.421346 -0.0424107  
0.3125 -0.432921 -0.0521918  
0.31875 -0.444635 -0.0624161  
0.325 -0.456488 -0.0730904  
0.33125 -0.46848 -0.0842218  
0.3375 -0.480611 -0.0958175  
0.34375 -0.49288 -0.107885  
0.35 -0.505287 -0.120432  
0.35625 -0.517831 -0.133465  
0.3625 -0.53051 -0.146994  
0.36875 -0.543323 -0.161027  
0.375 -0.556268 -0.17557  
0.38125 -0.569344 -0.190635  
0.3875 -0.582547 -0.206229  
0.39375 -0.595875 -0.222361  
0.4 -0.609325 -0.23904  
0.40625 -0.622892 -0.256277  
0.4125 -0.636575 -0.274082  
0.41875 -0.650366 -0.292463  
0.425 -0.664263 -0.311432  
0.43125 -0.678259 -0.330999  
0.4375 -0.692348 -0.351174  
0.44375 -0.706523 -0.37197  
0.45 -0.720779 -0.393397  
0.45625 -0.735106 -0.415467  
0.4625 -0.749496 -0.438191  
0.46875 -0.76394 -0.461583  
0.475 -0.778428 -0.485654  
0.48125 -0.792948 -0.510418  
0.4875 -0.807491 -0.535886  
0.49375 -0.822042 -0.562074  
0.5 -0.836588 -0.588993  
0.50625 -0.851115 -0.616659  
0.5125 -0.865607 -0.645085  
0.51875 -0.880048 -0.674286  
0.525 -0.894419 -0.704277  
0.53125 -0.908702 -0.735073  
0.5375 -0.922875 -0.766689  
0.54375 -0.936919 -0.799141  
0.55 -0.950808 -0.832446  
0.55625 -0.964518 -0.866619  
0.5625 -0.978024 -0.901678  
0.56875 -0.991296 -0.93764  
0.575 -1.00431 -0.974521  
0.58125 -1.01702 -1.01234  
0.5875 -1.02941 -1.05111  
0.59375 -1.04143 -1.09086  
0.6 -1.05306 -1.1316  
0.60625 -1.06424 -1.17335  
0.6125 -1.07494 -1.21614  
0.61875 -1.08511 -1.25997  
0.625 -1.09471 -1.30487  
0.63125 -1.10368 -1.35086  
0.6375 -1.11197 -1.39796  
0.64375 -1.11953 -1.4462  
0.65 -1.1263 -1.49558  
0.65625 -1.13221 -1.54613  
0.6625 -1.1372 -1.59788  
0.66875 -1.1412 -1.65085  
0.675 -1.14414 -1.70505  
0.68125 -1.14594 -1.7605  
0.6875 -1.14652 -1.81724  
0.69375 -1.14579 -1.87528  
0.7 -1.14367 -1.93464  
0.70625 -1.14006 -1.99535  
0.7125 -1.13487 -2.05742  
0.71875 -1.12799 -2.12088  
0.725 -1.11931 -2.18575  
0.73125 -1.10871 -2.25206  
0.7375 -1.09609 -2.31981  
0.74375 -1.0813 -2.38904  
0.75 -1.06423 -2.45976  
0.75625 -1.04473 -2.53199  
0.7625 -1.02266 -2.60576  
0.76875 -0.997874 -2.68107  
0.775 -0.970205 -2.75796  
0.78125 -0.939494 -2.83642  
0.7875 -0.905568 -2.91649  
0.79375 -0.868248 -2.99817  
0.8 -0.827348 -3.08148  
0.80625 -0.782672 -3.16642  
0.8125 -0.734018 -3.25301  
0.81875 -0.681175 -3.34125  
0.825 -0.623924 -3.43115  
0.83125 -0.562037 -3.5227  
0.8375 -0.495277 -3.61592  
0.84375 -0.4234 -3.71078  
0.85 -0.346152 -3.80729  
0.85625 -0.263272 -3.90543  
0.8625 -0.174487 -4.00518  
0.86875 -0.0795206 -4.10653  
0.875 0.0219164 -4.20943  
0.88125 0.130119 -4.31386  
0.8875 0.24539 -4.41978  
0.89375 0.368039 -4.52712  
0.9 0.498383 -4.63584  
0.90625 0.636745 -4.74586  
0.9125 0.783451 -4.85709  
0.91875 0.938835 -4.96946  
0.925 1.10323 -5.08284  
0.93125 1.27697 -5.19711  
0.9375 1.46039 -5.31214  
0.94375 1.65383 -5.42776  
0.95 1.8576 -5.5438  
0.95625 2.07204 -5.66004  
0.9625 2.29746 -5.77627  
0.96875 2.53415 -5.89221  
0.975 2.78238 -6.00758  
0.98125 3.04243 -6.12206  
0.9875 3.31451 -6.23527  
0.99375 3.59884 -6.34681  
1 3.89556 -6.45622  
1.00625 4.2048 -6.563  
1.0125 4.52661 -6.66658  
1.01875 4.861 -6.76633  
1.025 5.20789 -6.86156  
1.03125 5.56715 -6.95149  
1.0375 5.93852 -7.03527  
1.04375 6.32168 -7.11196  
1.05 6.71615 -7.18053  
1.05625 7.12137 -7.23986  
1.0625 7.53663 -7.2887  
1.06875 7.96105 -7.32571  
1.075 8.39362 -7.34945  
1.08125 8.83315 -7.35833  
1.0875 9.27828 -7.3507  
1.09375 9.72748 -7.32476  
1.1 10.179 -7.27864  
1.10625 10.631 -7.21039  
1.1125 11.0815 -7.11799  
1.11875 11.5281 -6.9994  
1.125 11.9688 -6.85258  
1.13125 12.401 -6.67554  
1.1375 12.8225 -6.4664  
1.14375 13.2309 -6.22345  
1.15 13.6242 -5.94523  
1.15625 14.0002 -5.63058  
1.1625 14.3574 -5.27877  
1.16875 14.6946 -4.88954  
1.175 15.0109 -4.46317  
1.18125 15.3063 -4.00059  
1.1875 15.5814 -3.50337  
1.19375 15.8373 -2.97376  
1.2 16.0761 -2.4147  
1.20625 16.3006 -1.82975  
1.2125 16.5143 -1.22301  
1.21875 16.7212 -0.599025  
1.225 16.926 0.0373499  
1.23125 17.1337 0.681124  
1.2375 17.3495 1.32732  
1.24375 17.5788 1.97115  
1.25 17.8269 2.60814  
1.25625 18.0988 3.2343  
1.2625 18.3992 3.84617  
1.26875 18.7326 4.44094  
1.275 19.1028 5.01646  
1.28125 19.5133 5.5712  
1.2875 19.967 6.1043  
1.29375 20.4665 6.61547  
1.3 21.0139 7.10493  
1.30625 21.6109 7.57335  
1.3125 22.259 8.02175  
1.31875 22.9595 8.45145  
1.325 23.7136 8.86397  
1.33125 24.5223 9.26097  
1.3375 25.3866 9.64421  
1.34375 26.3074 10.0155  
1.35 27.286 10.3765  
1.35625 28.3233 10.7291  
1.3625 29.4209 11.0749  
1.36875 30.58 11.4155  
1.375 31.8024 11.7525  
1.38125 33.0897 12.0872  
1.3875 34.444 12.4209  
1.39375 35.8676 12.7549  
1.4 37.3626 13.0902  
1.40625 38.9319 13.428  
1.4125 40.5783 13.769  
1.41875 42.3048 14.1143  
1.425 44.1147 14.4645  
1.43125 46.0116 14.8203  
1.4375 47.9993 15.1825  
1.44375 50.0819 15.5516  
1.45 52.2635 15.9282  
1.45625 54.5489 16.3127  
1.4625 56.9427 16.7057  
1.46875 59.4502 17.1075  
1.475 62.0767 17.5187  
1.48125 64.8278 17.9396  
1.4875 67.7098 18.3706  
1.49375 70.7287 18.812  
1.5 73.8914 19.2642  
1.50625 77.2048 19.7276  
1.5125 80.6762 20.2025  
1.51875 84.3135 20.6892  
1.525 88.1249 21.1881  
1.53125 92.1188 21.6995  
1.5375 96.3042 22.2237  
1.54375 100.691 22.7612  
1.55 105.288 23.3123  
1.55625 110.107 23.8772  
1.5625 115.159 24.4564  
1.56875 120.454 25.0503  
1.575 126.006 25.6591  
1.58125 131.826 26.2834  
1.5875 137.929 26.9235  
1.59375 144.327 27.5798  
1.6 151.037 28.2526  
1.60625 158.074 28.9426  
1.6125 165.453 29.6499  
1.61875 173.192 30.3752  
1.625 181.31 31.1188  
1.63125 189.824 31.8813  
1.6375 198.755 32.6631  
1.64375 208.123 33.4646  
1.65 217.951 34.2865  
1.65625 228.262 35.1291  
1.6625 239.079 35.9931  
1.66875 250.429 36.879  
1.675 262.337 37.7872  
1.68125 274.833 38.7185  
1.6875 287.945 39.6734  
1.69375 301.704 40.6524  
1.7 316.144 41.6562  
1.70625 331.297 42.6854  
1.7125 347.201 43.7407  
1.71875 363.893 44.8226  
1.725 381.413 45.932  
1.73125 399.802 47.0695  
1.7375 419.105 48.2357  
1.74375 439.367 49.4315  
1.75 460.636 50.6575  
1.75625 482.965 51.9146  
1.7625 506.405 53.2035  
1.76875 531.014 54.5251  
1.775 556.85 55.8801  
1.78125 583.976 57.2694  
1.7875 612.457 58.6938  
1.79375 642.36 60.1543  
1.8 673.759 61.6518  
1.80625 706.73 63.1873  
1.8125 741.35 64.7615  
1.81875 777.705 66.3757  
1.825 815.882 68.0306  
1.83125 855.973 69.7275  
1.8375 898.076 71.4674  
1.84375 942.292 73.2513  
1.85 988.729 75.0803  
1.85625 1037.5 76.9556  
1.8625 1088.72 78.8785  
1.86875 1142.52 80.8498  
1.875 1199.02 82.8718  
1.88125 1258.38 84.9428  
1.8875 1320.71 87.0723  
1.89375 1386.2 89.2386  
1.9 1454.95 91.5084  
1.90625 1527.3 93.6947  
1.9125 1602.9 96.3531  
1.91875 1683.53 97.8191  
1.925 1764.47 103.206  
1.93125 1861.43 96.4126  
1.9375 1925.37 128.593  
1.94375 2123.66 26.561  
1.95 1973.56 293.743  
1.95625 3355.77 -1009.85  
1.9625 16671.9 -14056.5  
1.96875 2.83223e+06 -2.828e+06  
1.975 1.14549e+11 -1.14548e+11  
1.98125 1.87936e+20 -1.87936e+20  
1.9875 5.05884e+38 -5.05884e+38  
1.99375 3.66551e+75 -3.66551e+75  
2 1.92442e+149 -1.92442e+149  
