0
0 0  
0.003125
-0.00313478 0.00309563  
0.00625
-0.00628915 0.00613224  
0.009375
-0.00946318 0.00910941  
0.0125
-0.0126569 0.0120267  
0.015625
-0.0158705 0.0148837  
0.01875
-0.019104 0.01768  
0.021875
-0.0223574 0.0204152  
0.025
-0.0256309 0.0230889  
0.028125
-0.0289245 0.0257006  
0.03125
-0.0322383 0.02825  
0.034375
-0.0355725 0.0307366  
0.0375
-0.0389271 0.03316  
0.040625
-0.0423022 0.0355198  
0.04375
-0.045698 0.0378156  
0.046875
-0.0491146 0.040047  
0.05
-0.052552 0.0422136  
0.053125
-0.0560104 0.0443151  
0.05625
-0.0594899 0.0463509  
0.059375
-0.0629906 0.0483206  
0.0625
-0.0665127 0.050224  
0.065625
-0.0700563 0.0520605  
0.06875
-0.0736215 0.0538298  
0.071875
-0.0772085 0.0555314  
0.075
-0.0808174 0.0571651  
0.078125
-0.0844483 0.0587302  
0.08125
-0.0881015 0.0602266  
0.084375
-0.091777 0.0616536  
0.0875
-0.095475 0.063011  
0.090625
-0.0991957 0.0642984  
0.09375
-0.102939 0.0655152  
0.096875
-0.106706 0.0666612  
0.1
-0.110495 0.0677358  
0.103125
-0.114308 0.0687388  
0.10625
-0.118145 0.0696696  
0.109375
-0.122005 0.0705279  
0.1125
-0.125889 0.0713132  
0.115625
-0.129797 0.0720251  
0.11875
-0.133729 0.0726633  
0.121875
-0.137685 0.0732272  
0.125
-0.141666 0.0737164  
0.128125
-0.145672 0.0741306  
0.13125
-0.149703 0.0744692  
0.134375
-0.153759 0.0747319  
0.1375
-0.15784 0.0749182  
0.140625
-0.161947 0.0750277  
0.14375
-0.166079 0.0750599  
0.146875
-0.170238 0.0750143  
0.15
-0.174422 0.0748906  
0.153125
-0.178633 0.0746883  
0.15625
-0.18287 0.0744069  
0.159375
-0.187134 0.0740459  
0.1625
-0.191425 0.0736049  
0.165625
-0.195743 0.0730834  
0.16875
-0.200089 0.072481  
0.171875
-0.204462 0.0717971  
0.175
-0.208862 0.0710313  
0.178125
-0.213291 0.0701831  
0.18125
-0.217748 0.0692519  
0.184375
-0.222233 0.0682374  
0.1875
-0.226747 0.0671389  
0.190625
-0.231289 0.065956  
0.19375
-0.235861 0.0646882  
0.196875
-0.240461 0.0633349  
0.2
-0.245092 0.0618957  
0.203125
-0.249751 0.0603699  
0.20625
-0.254441 0.058757  
0.209375
-0.25916 0.0570566  
0.2125
-0.26391 0.055268  
0.215625
-0.26869 0.0533907  
0.21875
-0.273501 0.0514241  
0.221875
-0.278342 0.0493677  
0.225
-0.283215 0.0472208  
0.228125
-0.288119 0.044983  
0.23125
-0.293054 0.0426536  
0.234375
-0.298021 0.0402319  
0.2375
-0.303019 0.0377175  
0.240625
-0.308049 0.0351096  
0.24375
-0.313112 0.0324077  
0.246875
-0.318207 0.0296111  
0.25
-0.323334 0.0267193  
0.253125
-0.328494 0.0237314  
0.25625
-0.333687 0.020647  
0.259375
-0.338913 0.0174653  
0.2625
-0.344171 0.0141856  
0.265625
-0.349463 0.0108074  
0.26875
-0.354789 0.00732979  
0.271875
-0.360148 0.00375221  
0.275
-0.365541 7.39114e-05  
0.278125
-0.370967 -0.00370581  
0.28125
-0.376428 -0.00758769  
0.284375
-0.381922 -0.0115725  
0.2875
-0.387451 -0.0156609  
0.290625
-0.393014 -0.0198537  
0.29375
-0.398611 -0.0241516  
0.296875
-0.404243 -0.0285555  
0.3
-0.409909 -0.0330661  
0.303125
-0.41561 -0.0376842  
0.30625
-0.421346 -0.0424106  
0.309375
-0.427116 -0.0472462  
0.3125
-0.432921 -0.0521917  
0.315625
-0.43876 -0.057248  
0.31875
-0.444635 -0.062416  
0.321875
-0.450544 -0.0676964  
0.325
-0.456488 -0.0730903  
0.328125
-0.462466 -0.0785984  
0.33125
-0.46848 -0.0842217  
0.334375
-0.474528 -0.089961  
0.3375
-0.480611 -0.0958174  
0.340625
-0.486728 -0.101792  
0.34375
-0.49288 -0.107885  
0.346875
-0.499067 -0.114098  
0.35
-0.505287 -0.120431  
0.353125
-0.511542 -0.126887  
0.35625
-0.517831 -0.133465  
0.359375
-0.524153 -0.140167  
0.3625
-0.53051 -0.146994  
0.365625
-0.5369 -0.153947  
0.36875
-0.543323 -0.161026  
0.371875
-0.549779 -0.168234  
0.375
-0.556268 -0.17557  
0.378125
-0.56279 -0.183037  
0.38125
-0.569344 -0.190635  
0.384375
-0.575929 -0.198365  
0.3875
-0.582547 -0.206228  
0.390625
-0.589195 -0.214226  
0.39375
-0.595875 -0.22236  
0.396875
-0.602584 -0.230631  
0.4
-0.609324 -0.23904  
0.403125
-0.616094 -0.247588  
0.40625
-0.622892 -0.256277  
0.409375
-0.629719 -0.265108  
0.4125
-0.636574 -0.274081  
0.415625
-0.643457 -0.283199  
0.41875
-0.650366 -0.292463  
0.421875
-0.657301 -0.301873  
0.425
-0.664262 -0.311431  
0.428125
-0.671248 -0.321139  
0.43125
-0.678258 -0.330998  
0.434375
-0.685292 -0.341009  
0.4375
-0.692347 -0.351174  
0.440625
-0.699425 -0.361494  
0.44375
-0.706523 -0.37197  
0.446875
-0.713641 -0.382603  
0.45
-0.720778 -0.393397  
0.453125
-0.727933 -0.40435  
0.45625
-0.735105 -0.415466  
0.459375
-0.742293 -0.426746  
0.4625
-0.749495 -0.438191  
0.465625
-0.756711 -0.449803  
0.46875
-0.763939 -0.461583  
0.471875
-0.771178 -0.473533  
0.475
-0.778427 -0.485654  
0.478125
-0.785684 -0.497948  
0.48125
-0.792948 -0.510417  
0.484375
-0.800217 -0.523063  
0.4875
-0.80749 -0.535886  
0.490625
-0.814766 -0.548889  
0.49375
-0.822041 -0.562073  
0.496875
-0.829316 -0.575441  
0.5
-0.836588 -0.588993  
0.503125
-0.843854 -0.602732  
0.50625
-0.851115 -0.616659  
0.509375
-0.858366 -0.630776  
0.5125
-0.865607 -0.645085  
0.515625
-0.872835 -0.659587  
0.51875
-0.880047 -0.674286  
0.521875
-0.887243 -0.689181  
0.525
-0.894418 -0.704276  
0.528125
-0.901572 -0.719573  
0.53125
-0.908701 -0.735072  
0.534375
-0.915803 -0.750777  
0.5375
-0.922875 -0.766688  
0.540625
-0.929914 -0.782809  
0.54375
-0.936918 -0.799141  
0.546875
-0.943883 -0.815686  
0.55
-0.950807 -0.832445  
0.553125
-0.957686 -0.849423  
0.55625
-0.964517 -0.866619  
0.559375
-0.971298 -0.884037  
0.5625
-0.978023 -0.901678  
0.565625
-0.98469 -0.919545  
0.56875
-0.991296 -0.937639  
0.571875
-0.997835 -0.955964  
0.575
-1.00431 -0.97452  
0.578125
-1.0107 -0.993311  
0.58125
-1.01702 -1.01234  
0.584375
-1.02326 -1.03161  
0.5875
-1.02941 -1.05111  
0.590625
-1.03547 -1.07086  
0.59375
-1.04143 -1.09086  
0.596875
-1.0473 -1.11111  
0.6
-1.05306 -1.1316  
0.603125
-1.05871 -1.15235  
0.60625
-1.06424 -1.17335  
0.609375
-1.06965 -1.19461  
0.6125
-1.07494 -1.21614  
0.615625
-1.08009 -1.23792  
0.61875
-1.08511 -1.25997  
0.621875
-1.08998 -1.28228  
0.625
-1.09471 -1.30487  
0.628125
-1.09927 -1.32773  
0.63125
-1.10368 -1.35086  
0.634375
-1.10791 -1.37427  
0.6375
-1.11197 -1.39796  
0.640625
-1.11585 -1.42194  
0.64375
-1.11953 -1.44619  
0.646875
-1.12302 -1.47074  
0.65
-1.1263 -1.49558  
0.653125
-1.12936 -1.52071  
0.65625
-1.13221 -1.54613  
0.659375
-1.13482 -1.57186  
0.6625
-1.1372 -1.59788  
0.665625
-1.13932 -1.62421  
0.66875
-1.1412 -1.65085  
0.671875
-1.1428 -1.67779  
0.675
-1.14414 -1.70505  
0.678125
-1.14518 -1.73262  
0.68125
-1.14593 -1.7605  
0.684375
-1.14638 -1.78871  
0.6875
-1.14651 -1.81724  
0.690625
-1.14632 -1.84609  
0.69375
-1.14579 -1.87528  
0.696875
-1.14491 -1.90479  
0.7
-1.14367 -1.93464  
0.703125
-1.14206 -1.96482  
0.70625
-1.14006 -1.99535  
0.709375
-1.13767 -2.02621  
0.7125
-1.13487 -2.05742  
0.715625
-1.13165 -2.08897  
0.71875
-1.12799 -2.12088  
0.721875
-1.12388 -2.15314  
0.725
-1.11931 -2.18575  
0.728125
-1.11426 -2.21872  
0.73125
-1.10871 -2.25205  
0.734375
-1.10266 -2.28575  
0.7375
-1.09609 -2.31981  
0.740625
-1.08897 -2.35424  
0.74375
-1.0813 -2.38904  
0.746875
-1.07306 -2.42421  
0.75
-1.06423 -2.45976  
0.753125
-1.05479 -2.49568  
0.75625
-1.04473 -2.53199  
0.759375
-1.03403 -2.56868  
0.7625
-1.02266 -2.60576  
0.765625
-1.01062 -2.64322  
0.76875
-0.997872 -2.68107  
0.771875
-0.984408 -2.71931  
0.775
-0.970204 -2.75795  
0.778125
-0.955239 -2.79699  
0.78125
-0.939493 -2.83642  
0.784375
-0.922942 -2.87625  
0.7875
-0.905567 -2.91649  
0.790625
-0.887343 -2.95712  
0.79375
-0.868247 -2.99817  
0.796875
-0.848256 -3.03961  
0.8
-0.827347 -3.08147  
0.803125
-0.805493 -3.12374  
0.80625
-0.782671 -3.16641  
0.809375
-0.758855 -3.2095  
0.8125
-0.734018 -3.253  
0.815625
-0.708133 -3.29691  
0.81875
-0.681175 -3.34124  
0.821875
-0.653114 -3.38598  
0.825
-0.623924 -3.43114  
0.828125
-0.593574 -3.47671  
0.83125
-0.562037 -3.52269  
0.834375
-0.529281 -3.56909  
0.8375
-0.495277 -3.61591  
0.840625
-0.459994 -3.66313  
0.84375
-0.423401 -3.71077  
0.846875
-0.385465 -3.75882  
0.85
-0.346153 -3.80728  
0.853125
-0.305434 -3.85615  
0.85625
-0.263273 -3.90542  
0.859375
-0.219637 -3.9551  
0.8625
-0.17449 -4.00517  
0.865625
-0.127797 -4.05565  
0.86875
-0.0795232 -4.10652  
0.871875
-0.029632 -4.15778  
0.875
0.0219132 -4.20942  
0.878125
0.0751496 -4.26145  
0.88125
0.130115 -4.31385  
0.884375
0.186847 -4.36663  
0.8875
0.245385 -4.41976  
0.890625
0.305767 -4.47326  
0.89375
0.368033 -4.52711  
0.896875
0.432223 -4.5813  
0.9
0.498376 -4.63582  
0.903125
0.566534 -4.69067  
0.90625
0.636737 -4.74584  
0.909375
0.709026 -4.80131  
0.9125
0.783442 -4.85708  
0.915625
0.860027 -4.91312  
0.91875
0.938824 -4.96944  
0.921875
1.01987 -5.02601  
0.925
1.10322 -5.08282  
0.928125
1.1889 -5.13985  
0.93125
1.27695 -5.19709  
0.934375
1.36743 -5.25452  
0.9375
1.46037 -5.31212  
0.940625
1.55582 -5.36987  
0.94375
1.65381 -5.42774  
0.946875
1.75438 -5.48572  
0.95
1.85758 -5.54377  
0.953125
1.96345 -5.60188  
0.95625
2.07202 -5.66002  
0.959375
2.18333 -5.71815  
0.9625
2.29743 -5.77624  
0.965625
2.41435 -5.83426  
0.96875
2.53411 -5.89218  
0.971875
2.65677 -5.94996  
0.975
2.78235 -6.00755  
0.978125
2.91088 -6.06492  
0.98125
3.04239 -6.12202  
0.984375
3.17691 -6.17881  
0.9875
3.31447 -6.23523  
0.990625
3.45509 -6.29124  
0.99375
3.59879 -6.34677  
0.996875
3.74559 -6.40177  
1
3.8955 -6.45618  
1.00313
4.04855 -6.50993  
1.00625
4.20473 -6.56296  
1.00938
4.36406 -6.61518  
1.0125
4.52654 -6.66653  
1.01563
4.69216 -6.71693  
1.01875
4.86092 -6.76628  
1.02188
5.03281 -6.81451  
1.025
5.20781 -6.8615  
1.02813
5.3859 -6.90718  
1.03125
5.56705 -6.95143  
1.03438
5.75124 -6.99414  
1.0375
5.93842 -7.03521  
1.04063
6.12854 -7.0745  
1.04375
6.32156 -7.1119  
1.04688
6.51741 -7.14727  
1.05
6.71603 -7.18047  
1.05313
6.91733 -7.21136  
1.05625
7.12124 -7.23979  
1.05938
7.32765 -7.2656  
1.0625
7.53648 -7.28863  
1.06563
7.7476 -7.3087  
1.06875
7.96089 -7.32564  
1.07188
8.17622 -7.33926  
1.075
8.39345 -7.34937  
1.07813
8.61242 -7.35577  
1.08125
8.83297 -7.35826  
1.08438
9.05492 -7.35661  
1.0875
9.27809 -7.35062  
1.09063
9.50227 -7.34006  
1.09375
9.72727 -7.32469  
1.09688
9.95286 -7.30427  
1.1
10.1788 -7.27858  
1.10313
10.4049 -7.24735  
1.10625
10.6308 -7.21033  
1.10938
10.8563 -7.16728  
1.1125
11.0812 -7.11795  
1.11563
11.3052 -7.06206  
1.11875
11.5279 -6.99937  
1.12188
11.7491 -6.92962  
1.125
11.9685 -6.85257  
1.12813
12.1859 -6.76796  
1.13125
12.4008 -6.67555  
1.13438
12.613 -6.57512  
1.1375
12.8223 -6.46644  
1.14063
13.0283 -6.34931  
1.14375
13.2308 -6.22352  
1.14688
13.4294 -6.08892  
1.15
13.624 -5.94534  
1.15313
13.8143 -5.79265  
1.15625
14.0001 -5.63073  
1.15938
14.1812 -5.45953  
1.1625
14.3574 -5.27897  
1.16563
14.5285 -5.08904  
1.16875
14.6946 -4.88977  
1.17188
14.8554 -4.68121  
1.175
15.0109 -4.46344  
1.17813
15.1613 -4.23661  
1.18125
15.3064 -4.00089  
1.18438
15.4464 -3.7565  
1.1875
15.5815 -3.50369  
1.19063
15.7118 -3.24277  
1.19375
15.8374 -2.97409  
1.19688
15.9589 -2.69804  
1.2
16.0763 -2.41503  
1.20313
16.1901 -2.12554  
1.20625
16.3008 -1.83006  
1.20938
16.4087 -1.52913  
1.2125
16.5145 -1.22329  
1.21563
16.6185 -0.913137  
1.21875
16.7213 -0.599265  
1.22188
16.8237 -0.282291  
1.225
16.9261 0.0371618  
1.22813
17.0292 0.358465  
1.23125
17.1337 0.680993  
1.23438
17.2403 1.00412  
1.2375
17.3495 1.32725  
1.24063
17.4621 1.64977  
1.24375
17.5788 1.97113  
1.24688
17.7001 2.29076  
1.25
17.8268 2.60816  
1.25313
17.9594 2.92284  
1.25625
18.0986 3.23435  
1.25938
18.245 3.54228  
1.2625
18.399 3.84625  
1.26563
18.5614 4.14593  
1.26875
18.7324 4.44103  
1.27188
18.9127 4.7313  
1.275
19.1026 5.01653  
1.27813
19.3026 5.29656  
1.28125
19.5131 5.57126  
1.28438
19.7344 5.84054  
1.2875
19.9668 6.10434  
1.29063
20.2107 6.36265  
1.29375
20.4663 6.61549  
1.29688
20.7339 6.86288  
1.3
21.0137 7.10492  
1.30313
21.3059 7.34169  
1.30625
21.6107 7.57331  
1.30938
21.9283 7.79992  
1.3125
22.2589 8.02168  
1.31563
22.6025 8.23877  
1.31875
22.9594 8.45136  
1.32188
23.3297 8.65965  
1.325
23.7135 8.86386  
1.32813
24.111 9.06418  
1.33125
24.5222 9.26085  
1.33438
24.9473 9.45407  
1.3375
25.3864 9.64408  
1.34063
25.8397 9.83109  
1.34375
26.3073 10.0153  
1.34688
26.7893 10.197  
1.35
27.2858 10.3764  
1.35313
27.7971 10.5536  
1.35625
28.3232 10.729  
1.35938
28.8644 10.9026  
1.3625
29.4208 11.0748  
1.36563
29.9925 11.2456  
1.36875
30.5799 11.4154  
1.37188
31.183 11.5843  
1.375
31.8022 11.7524  
1.37813
32.4376 11.9199  
1.38125
33.0895 12.0871  
1.38438
33.7582 12.254  
1.3875
34.4439 12.4208  
1.39063
35.1468 12.5877  
1.39375
35.8674 12.7548  
1.39688
36.6058 12.9222  
1.4
37.3624 13.0901  
1.40313
38.1376 13.2587  
1.40625
38.9317 13.4279  
1.40938
39.7451 13.598  
1.4125
40.5781 13.769  
1.41563
41.4311 13.941  
1.41875
42.3045 14.1142  
1.42188
43.1989 14.2886  
1.425
44.1145 14.4644  
1.42813
45.0518 14.6416  
1.43125
46.0114 14.8203  
1.43438
46.9936 15.0005  
1.4375
47.9991 15.1825  
1.44063
49.0282 15.3661  
1.44375
50.0816 15.5516  
1.44688
51.1597 15.7389  
1.45
52.2632 15.9281  
1.45313
53.3926 16.1194  
1.45625
54.5485 16.3127  
1.45938
55.7316 16.5081  
1.4625
56.9424 16.7056  
1.46563
58.1816 16.9054  
1.46875
59.4498 17.1075  
1.47188
60.7478 17.3119  
1.475
62.0763 17.5187  
1.47813
63.4359 17.7279  
1.48125
64.8275 17.9396  
1.48438
66.2517 18.1537  
1.4875
67.7094 18.3705  
1.49063
69.2013 18.5899  
1.49375
70.7283 18.8119  
1.49688
72.2913 19.0367  
1.5
73.891 19.2641  
1.50313
75.5284 19.4944  
1.50625
77.2043 19.7275  
1.50938
78.9198 19.9635  
1.5125
80.6758 20.2024  
1.51563
82.4732 20.4443  
1.51875
84.3131 20.6891  
1.52188
86.1965 20.937  
1.525
88.1244 21.188  
1.52813
90.098 21.4421  
1.53125
92.1183 21.6994  
1.53438
94.1865 21.9599  
1.5375
96.3037 22.2237  
1.54063
98.4712 22.4907  
1.54375
100.69 22.7612  
1.54688
102.962 23.035  
1.55
105.288 23.3122  
1.55313
107.669 23.5929  
1.55625
110.107 23.8771  
1.55938
112.603 24.1649  
1.5625
115.158 24.4563  
1.56563
117.775 24.7514  
1.56875
120.454 25.0502  
1.57188
123.196 25.3527  
1.575
126.005 25.6591  
1.57813
128.881 25.9693  
1.58125
131.825 26.2834  
1.58438
134.841 26.6014  
1.5875
137.928 26.9234  
1.59063
141.089 27.2495  
1.59375
144.327 27.5797  
1.59688
147.642 27.914  
1.6
151.037 28.2526  
1.60313
154.513 28.5954  
1.60625
158.073 28.9425  
1.60938
161.719 29.294  
1.6125
165.452 29.6499  
1.61563
169.276 30.0102  
1.61875
173.192 30.3751  
1.62188
177.202 30.7446  
1.625
181.309 31.1188  
1.62813
185.515 31.4976  
1.63125
189.823 31.8812  
1.63438
194.235 32.2697  
1.6375
198.754 32.663  
1.64063
203.382 33.0613  
1.64375
208.122 33.4646  
1.64688
212.978 33.8729  
1.65
217.95 34.2864  
1.65313
223.044 34.7051  
1.65625
228.261 35.129  
1.65938
233.605 35.5583  
1.6625
239.078 35.993  
1.66563
244.685 36.4332  
1.66875
250.428 36.8789  
1.67188
256.311 37.3302  
1.675
262.336 37.7872  
1.67813
268.509 38.2499  
1.68125
274.832 38.7184  
1.68438
281.309 39.1929  
1.6875
287.944 39.6733  
1.69063
294.74 40.1597  
1.69375
301.703 40.6523  
1.69688
308.836 41.1511  
1.7
316.142 41.6561  
1.70313
323.628 42.1675  
1.70625
331.296 42.6853  
1.70938
339.152 43.2096  
1.7125
347.2 43.7406  
1.71563
355.445 44.2782  
1.71875
363.892 44.8226  
1.72188
372.546 45.3738  
1.725
381.412 45.9319  
1.72813
390.495 46.4971  
1.73125
399.801 47.0694  
1.73438
409.335 47.6489  
1.7375
419.103 48.2356  
1.74063
429.111 48.8298  
1.74375
439.365 49.4314  
1.74688
449.871 50.0406  
1.75
460.635 50.6575  
1.75313
471.663 51.2821  
1.75625
482.963 51.9146  
1.75938
494.541 52.555  
1.7625
506.404 53.2035  
1.76563
518.558 53.8601  
1.76875
531.013 54.525  
1.77188
543.773 55.1983  
1.775
556.849 55.88  
1.77813
570.247 56.5703  
1.78125
583.975 57.2693  
1.78438
598.041 57.9771  
1.7875
612.455 58.6937  
1.79063
627.225 59.4194  
1.79375
642.359 60.1543  
1.79688
657.867 60.8983  
1.8
673.758 61.6518  
1.80313
690.042 62.4147  
1.80625
706.728 63.1872  
1.80938
723.827 63.9694  
1.8125
741.349 64.7614  
1.81563
759.304 65.5635  
1.81875
777.703 66.3756  
1.82188
796.558 67.1979  
1.825
815.88 68.0306  
1.82813
835.68 68.8737  
1.83125
855.971 69.7275  
1.83438
876.765 70.5919  
1.8375
898.074 71.4673  
1.84063
919.911 72.3537  
1.84375
942.29 73.2512  
1.84688
965.224 74.16  
1.85
988.727 75.0802  
1.85313
1012.81 76.012  
1.85625
1037.5 76.9556  
1.85938
1062.79 77.911  
1.8625
1088.72 78.8784  
1.86563
1115.29 79.858  
1.86875
1142.52 80.8499  
1.87188
1170.42 81.8543  
1.875
1199.02 82.8713  
1.87813
1228.33 83.9011  
1.88125
1258.37 84.9439  
1.88438
1289.16 85.9998  
1.8875
1320.71 87.069  
1.89063
1353.05 88.1516  
1.89375
1386.19 89.2478  
1.89688
1420.16 90.3578  
1.9
1454.97 91.4818  
1.90313
1490.65 92.6199  
1.90625
1527.22 93.7724  
1.90938
1564.7 94.9393  
1.9125
1603.12 96.1209  
1.91563
1642.49 97.3174  
1.91875
1682.84 98.5289  
1.92188
1724.2 99.7557  
1.925
1766.59 100.998  
1.92813
1810.04 102.256  
1.93125
1854.57 103.529  
1.93438
1900.22 104.819  
1.9375
1947 106.125  
1.94063
1994.95 107.447  
1.94375
2044.09 108.786  
1.94688
2094.47 110.142  
1.95
2146.1 111.515  
1.95313
2199.02 112.905  
1.95625
2253.26 114.312  
1.95938
2308.86 115.738  
1.9625
2365.85 117.181  
1.96563
2424.26 118.642  
1.96875
2484.13 120.122  
1.97188
2545.5 121.621  
1.975
2608.41 123.137  
1.97813
2672.88 124.675  
1.98125
2738.97 126.228  
1.98438
2806.71 127.808  
1.9875
2876.16 129.393  
1.99063
2947.31 131.03  
1.99375
3020.31 132.617  
1.99688
3094.99 134.379  
2
3171.87 135.821  
