0
0 0  
0.05
-0.05 0.05  
0.1
-0.104875 0.084875  
0.15
-0.165002 0.103052  
0.2
-0.230972 0.103021  
0.25
-0.303538 0.0831985  
0.3
-0.383546 0.041791  
0.35
-0.471813 -0.0233601  
0.4
-0.568967 -0.114931  
0.45
-0.675203 -0.236282  
0.5
-0.789932 -0.391634  
0.55
-0.911256 -0.586283  
0.6
-1.0352 -0.826846  
0.65
-1.15453 -1.12159  
0.7
-1.25709 -1.48085  
0.75
-1.32315 -1.91762  
0.8
-1.3216 -2.44843  
0.85
-1.20402 -3.09465  
0.9
-0.895584 -3.88469  
0.95
-0.2806 -4.85791  
1
0.821305 -6.07206  
1.05
2.69693 -7.61916  
1.1
5.8192 -9.66266  
1.15
11.0195 -12.5352  
1.2
19.928 -17.036  
1.25
36.3821 -25.5189  
1.3
72.5311 -47.1151  
1.35
190.726 -136.297  
1.4
1138.59 -1007.88  
1.45
52043 -51456.8  
1.5
1.32448e+08 -1.32426e+08  
1.55
8.76835e+14 -8.76835e+14  
1.6
3.8442e+28 -3.8442e+28  
1.65
7.38893e+55 -7.38893e+55  
1.7
2.72982e+110 -2.72982e+110  
1.75
3.72595e+219 -3.72595e+219  
1.8
inf -inf  
1.85
inf -nan(ind)  
1.9
-nan(ind) -nan(ind)  
1.95
-nan(ind) -nan(ind)  
