0
0 0  
0.0125
-0.0125 0.0125  
0.025
-0.0253105 0.0240605  
0.0375
-0.0384361 0.034655  
0.05
-0.051882 0.0442573  
0.0625
-0.0656545 0.0528417  
0.075
-0.079761 0.0603827  
0.0875
-0.0942094 0.066855  
0.1
-0.109009 0.0722335  
0.1125
-0.124169 0.0764926  
0.125
-0.1397 0.0796068  
0.1375
-0.155613 0.0815501  
0.15
-0.17192 0.0822959  
0.1625
-0.188634 0.0818173  
0.175
-0.205766 0.0800861  
0.1875
-0.22333 0.0770734  
0.2
-0.241339 0.0727494  
0.2125
-0.259806 0.0670829  
0.225
-0.278745 0.0600412  
0.2375
-0.298169 0.0515902  
0.25
-0.31809 0.0416943  
0.2625
-0.33852 0.0303159  
0.275
-0.359472 0.0174154  
0.2875
-0.380955 0.0029512  
0.3
-0.402978 -0.0131205  
0.3125
-0.425551 -0.030846  
0.325
-0.448678 -0.0502742  
0.3375
-0.472363 -0.0714566  
0.35
-0.496608 -0.0944477  
0.3625
-0.521412 -0.119305  
0.375
-0.546769 -0.146089  
0.3875
-0.572672 -0.174863  
0.4
-0.599106 -0.205696  
0.4125
-0.626055 -0.238658  
0.425
-0.653494 -0.273824  
0.4375
-0.681395 -0.311273  
0.45
-0.709718 -0.351089  
0.4625
-0.73842 -0.393358  
0.475
-0.767447 -0.438174  
0.4875
-0.796733 -0.485632  
0.5
-0.826203 -0.535835  
0.5125
-0.855769 -0.58889  
0.525
-0.885329 -0.644907  
0.5375
-0.914763 -0.704006  
0.55
-0.943937 -0.766308  
0.5625
-0.972695 -0.831944  
0.575
-1.00086 -0.901048  
0.5875
-1.02823 -0.973761  
0.6
-1.05459 -1.05023  
0.6125
-1.07966 -1.13061  
0.625
-1.10318 -1.21507  
0.6375
-1.1248 -1.30376  
0.65
-1.14417 -1.39687  
0.6625
-1.16089 -1.49457  
0.675
-1.17449 -1.59706  
0.6875
-1.18447 -1.70453  
0.7
-1.19026 -1.81718  
0.7125
-1.19124 -1.93523  
0.725
-1.18671 -2.05888  
0.7375
-1.17589 -2.18837  
0.75
-1.15793 -2.32393  
0.7625
-1.13187 -2.46578  
0.775
-1.09666 -2.61417  
0.7875
-1.05115 -2.76934  
0.8
-0.994067 -2.93155  
0.8125
-0.923994 -3.10103  
0.825
-0.839389 -3.27803  
0.8375
-0.738555 -3.4628  
0.85
-0.619631 -3.65558  
0.8625
-0.480581 -3.8566  
0.875
-0.319179 -4.06606  
0.8875
-0.132998 -4.28416  
0.9
0.0806018 -4.51106  
0.9125
0.324487 -4.74688  
0.925
0.60176 -4.99171  
0.9375
0.915768 -5.24554  
0.95
1.27011 -5.5083  
0.9625
1.66863 -5.77981  
0.975
2.11542 -6.05974  
0.9875
2.61481 -6.34759  
1
3.17133 -6.64263  
1.0125
3.78967 -6.94383  
1.025
4.47462 -7.24982  
1.0375
5.23099 -7.55872  
1.05
6.06344 -7.86807  
1.0625
6.97636 -8.17465  
1.075
7.97358 -8.47423  
1.0875
9.05807 -8.76137  
1.1
10.2315 -9.02903  
1.1125
11.4939 -9.26821  
1.125
12.8425 -9.46742  
1.1375
14.2714 -9.61213  
1.15
15.7706 -9.68419  
1.1625
17.3247 -9.66118  
1.175
18.912 -9.51606  
1.1875
20.5043 -9.2171  
1.2
22.0663 -8.72872  
1.2125
23.5579 -8.01363  
1.225
24.937 -7.03702  
1.2375
26.167 -5.77323  
1.25
27.2253 -4.21484  
1.2625
28.1155 -2.3825  
1.275
28.8768 -0.3323  
1.2875
29.5876 1.84458  
1.3
30.3573 4.03362  
1.3125
31.3071 6.11954  
1.325
32.5454 8.01197  
1.3375
34.1489 9.66298  
1.35
36.1573 11.0695  
1.3625
38.5804 12.2621  
1.375
41.4119 13.2887  
1.3875
44.6421 14.1997  
1.4
48.266 15.04  
1.4125
52.2877 15.8449  
1.425
56.7206 16.6407  
1.4375
61.5876 17.4459  
1.45
66.9192 18.2729  
1.4625
72.7535 19.1306  
1.475
79.1346 20.0249  
1.4875
86.1129 20.96  
1.5
93.7448 21.9395  
1.5125
102.093 22.9661  
1.525
111.225 24.0425  
1.5375
121.219 25.1714  
1.55
132.157 26.3553  
1.5625
144.131 27.5971  
1.575
157.242 28.8994  
1.5875
171.6 30.2653  
1.6
187.327 31.698  
1.6125
204.558 33.2005  
1.625
223.438 34.7764  
1.6375
244.128 36.4292  
1.65
266.808 38.1628  
1.6625
291.67 39.9809  
1.675
318.931 41.8878  
1.6875
348.824 43.8877  
1.7
381.608 45.9853  
1.7125
417.569 48.1853  
1.725
457.019 50.4927  
1.7375
500.301 52.9127  
1.75
547.793 55.4508  
1.7625
599.91 58.1128  
1.775
657.109 60.9048  
1.7875
719.892 63.833  
1.8
788.81 66.9042  
1.8125
864.469 70.1253  
1.825
947.538 73.5036  
1.8375
1038.75 77.0467  
1.85
1138.91 80.7629  
1.8625
1248.9 84.6604  
1.875
1369.7 88.7482  
1.8875
1502.39 93.0354  
1.9
1648.13 97.532  
1.9125
1808.22 102.248  
1.925
1984.1 107.194  
1.9375
2177.32 112.382  
1.95
2389.62 117.823  
1.9625
2622.87 123.529  
1.975
2879.17 129.514  
1.9875
3160.81 135.791  
2
3470.31 142.374  
