0
0 0  
0.0125
-0.0128188 0.0115369  
0.025
-0.0259618 0.0220837  
0.0375
-0.0394351 0.0316136  
0.05
-0.0532462 0.0401  
0.0625
-0.067403 0.0475166  
0.075
-0.0819147 0.0538367  
0.0875
-0.0967909 0.0590338  
0.1
-0.112042 0.0630809  
0.1125
-0.12768 0.0659506  
0.125
-0.143716 0.0676148  
0.1375
-0.160162 0.0680448  
0.15
-0.177031 0.067211  
0.1625
-0.194337 0.0650828  
0.175
-0.212091 0.0616285  
0.1875
-0.230309 0.0568149  
0.2
-0.249002 0.0506078  
0.2125
-0.268183 0.042971  
0.225
-0.287866 0.0338667  
0.2375
-0.30806 0.0232554  
0.25
-0.328778 0.0110955  
0.2625
-0.350029 -0.0026567  
0.275
-0.37182 -0.0180473  
0.2875
-0.394159 -0.0351246  
0.3
-0.417049 -0.0539396  
0.3125
-0.440491 -0.074546  
0.325
-0.464486 -0.097  
0.3375
-0.489028 -0.121361  
0.35
-0.514108 -0.147692  
0.3625
-0.539713 -0.176058  
0.375
-0.565825 -0.206528  
0.3875
-0.592421 -0.239175  
0.4
-0.619469 -0.274074  
0.4125
-0.646931 -0.311305  
0.425
-0.67476 -0.350951  
0.4375
-0.702901 -0.393101  
0.45
-0.731287 -0.437843  
0.4625
-0.759839 -0.485275  
0.475
-0.788466 -0.535494  
0.4875
-0.817062 -0.588605  
0.5
-0.845504 -0.644713  
0.5125
-0.873651 -0.703931  
0.525
-0.901343 -0.766373  
0.5375
-0.928397 -0.832159  
0.55
-0.954606 -0.901412  
0.5625
-0.979734 -0.974256  
0.575
-1.00352 -1.05082  
0.5875
-1.02566 -1.13124  
0.6
-1.04584 -1.21565  
0.6125
-1.06367 -1.30419  
0.625
-1.07874 -1.39699  
0.6375
-1.0906 -1.49419  
0.65
-1.09873 -1.59594  
0.6625
-1.10257 -1.70235  
0.675
-1.10149 -1.81358  
0.6875
-1.09481 -1.92974  
0.7
-1.08178 -2.05095  
0.7125
-1.06156 -2.17733  
0.725
-1.03325 -2.30896  
0.7375
-0.995861 -2.44594  
0.75
-0.948328 -2.5883  
0.7625
-0.889488 -2.73609  
0.775
-0.81809 -2.8893  
0.7875
-0.73279 -3.04788  
0.8
-0.632153 -3.21173  
0.8125
-0.514656 -3.38069  
0.825
-0.37869 -3.55453  
0.8375
-0.222573 -3.7329  
0.85
-0.0445599 -3.91537  
0.8625
0.157132 -4.10135  
0.875
0.3843 -4.29009  
0.8875
0.638719 -4.48064  
0.9
0.922093 -4.6718  
0.9125
1.23599 -4.8621  
0.925
1.58178 -5.04971  
0.9375
1.96052 -5.2324  
0.95
2.37285 -5.40744  
0.9625
2.81885 -5.57155  
0.975
3.29789 -5.72081  
0.9875
3.80846 -5.85053  
1
4.34797 -5.95525  
1.0125
4.91258 -6.0286  
1.025
5.49707 -6.06338  
1.0375
6.0947 -6.05154  
1.05
6.6973 -5.98441  
1.0625
7.2954 -5.85297  
1.075
7.87867 -5.64837  
1.0875
8.43655 -5.3626  
1.1
8.95919 -4.98933  
1.1125
9.43859 -4.52486  
1.125
9.86975 -3.96905  
1.1375
10.2518 -3.32593  
1.15
10.5888 -2.60404  
1.1625
10.8898 -1.81603  
1.175
11.1684 -0.977847  
1.1875
11.4421 -0.107332  
1.2
11.7304 0.777397  
1.2125
12.0537 1.6595  
1.225
12.4317 2.5247  
1.2375
12.8825 3.3621  
1.25
13.4224 4.16449  
1.2625
14.0651 4.92827  
1.275
14.8226 5.65301  
1.2875
15.7053 6.34084  
1.3
16.7227 6.99578  
1.3125
17.8837 7.62315  
1.325
19.1976 8.22901  
1.3375
20.6743 8.81973  
1.35
22.3248 9.40169  
1.3625
24.1616 9.98105  
1.375
26.1989 10.5636  
1.3875
28.4531 11.1547  
1.4
30.9427 11.7594  
1.4125
33.6889 12.3821  
1.425
36.7156 13.027  
1.4375
40.0497 13.6978  
1.45
43.7216 14.3981  
1.4625
47.7651 15.1311  
1.475
52.2181 15.8999  
1.4875
57.1229 16.7074  
1.5
62.5264 17.5565  
1.5125
68.481 18.45  
1.525
75.0447 19.3908  
1.5375
82.2819 20.3818  
1.55
90.2644 21.4258  
1.5625
99.0714 22.5259  
1.575
108.791 23.6853  
1.5875
119.521 24.9073  
1.6
131.37 26.1952  
1.6125
144.459 27.5527  
1.625
158.92 28.9836  
1.6375
174.902 30.4918  
1.65
192.569 32.0816  
1.6625
212.103 33.7574  
1.675
233.708 35.5237  
1.6875
257.607 37.3857  
1.7
284.049 39.3483  
1.7125
313.311 41.417  
1.725
345.701 43.5976  
1.7375
381.558 45.8962  
1.75
421.261 48.3191  
1.7625
465.23 50.873  
1.775
513.931 53.5651  
1.7875
567.882 56.4028  
1.8
627.656 59.394  
1.8125
693.893 62.5469  
1.825
767.299 65.8704  
1.8375
848.662 69.3737  
1.85
938.855 73.0665  
1.8625
1038.85 76.959  
1.875
1149.72 81.062  
1.8875
1272.66 85.387  
1.9
1409 89.9459  
1.9125
1560.21 94.7514  
1.925
1727.94 99.8169  
1.9375
1914 105.156  
1.95
2120.41 110.785  
1.9625
2349.42 116.717  
1.975
2603.52 122.971  
1.9875
2885.48 129.563  
2
3198.37 136.511  
