0
0 0  
0.025
-0.0263041 0.0210433  
0.05
-0.0539665 0.0379124  
0.075
-0.0830558 0.0503905  
0.1
-0.113654 0.0582576  
0.125
-0.145852 0.0612859  
0.15
-0.179752 0.0592353  
0.175
-0.215458 0.0518494  
0.2
-0.253074 0.0388506  
0.225
-0.292699 0.0199358  
0.25
-0.334419 -0.00522776  
0.275
-0.3783 -0.037007  
0.3
-0.424375 -0.0758069  
0.325
-0.472634 -0.122075  
0.35
-0.523008 -0.176303  
0.375
-0.575346 -0.239033  
0.4
-0.629401 -0.310859  
0.425
-0.68479 -0.392428  
0.45
-0.740972 -0.48444  
0.475
-0.797198 -0.587654  
0.5
-0.852471 -0.702875  
0.525
-0.905483 -0.83096  
0.55
-0.954552 -0.972801  
0.575
-0.997545 -1.12932  
0.6
-1.03179 -1.30143  
0.625
-1.05399 -1.49003  
0.65
-1.06008 -1.69595  
0.675
-1.0452 -1.91988  
0.7
-1.00348 -2.16229  
0.725
-0.928076 -2.42331  
0.75
-0.811032 -2.70256  
0.775
-0.643365 -2.9989  
0.8
-0.415206 -3.3101  
0.825
-0.11616 -3.63238  
0.85
0.264035 -3.95977  
0.875
0.734414 -4.28326  
0.9
1.30111 -4.58974  
0.925
1.96501 -4.86063  
0.95
2.71872 -5.0706  
0.975
3.54341 -5.18661  
1
4.40656 -5.16844  
1.025
5.26273 -4.97207  
1.05
6.05995 -4.55731  
1.075
6.75276 -3.89956  
1.1
7.31901 -3.00201  
1.125
7.77305 -1.90144  
1.15
8.16738 -0.662294  
1.175
8.5817 0.639729  
1.2
9.10577 1.93681  
1.225
9.82522 3.1824  
1.25
10.8152 4.35544  
1.275
12.1418 5.45719  
1.3
13.868 6.50464  
1.325
16.0612 7.52367  
1.35
18.8012 8.5439  
1.375
22.1873 9.59527  
1.4
26.3452 10.7064  
1.425
31.4346 11.904  
1.45
37.657 13.213  
1.475
45.2661 14.6571  
1.5
54.5794 16.2596  
1.525
65.9938 18.044  
1.55
80.0038 20.0348  
1.575
97.2256 22.2581  
1.6
118.427 24.7424  
1.625
144.562 27.5192  
1.65
176.823 30.6231  
1.675
216.691 34.0932  
1.7
266.015 37.9725  
1.725
327.097 42.3096  
1.75
402.81 47.1584  
1.775
496.737 52.5793  
1.8
613.345 58.6399  
1.825
758.211 65.4158  
1.85
938.295 72.9914  
1.875
1162.28 81.461  
1.9
1441.02 90.9303  
1.925
1788.04 101.517  
1.95
2220.25 113.354  
1.975
2758.77 126.587  
2
3429.97 141.382  
