0 0 0  
0.003125 -0.003125 0.003125  
0.00625 -0.0062695 0.00619138  
0.009375 -0.00943357 0.0091987  
0.0125 -0.0126173 0.0121466  
0.015625 -0.0158207 0.0150345  
0.01875 -0.0190438 0.0178622  
0.021875 -0.0222869 0.0206291  
0.025 -0.0255498 0.0233349  
0.028125 -0.0288328 0.0259791  
0.03125 -0.0321359 0.0285614  
0.034375 -0.0354592 0.0310813  
0.0375 -0.0388028 0.0335384  
0.040625 -0.0421668 0.0359324  
0.04375 -0.0455513 0.0382627  
0.046875 -0.0489564 0.040529  
0.05 -0.0523823 0.042731  
0.053125 -0.055829 0.0448681  
0.05625 -0.0592966 0.04694  
0.059375 -0.0627853 0.0489463  
0.0625 -0.0662952 0.0508866  
0.065625 -0.0698265 0.0527605  
0.06875 -0.0733792 0.0545675  
0.071875 -0.0769535 0.0563074  
0.075 -0.0805496 0.0579796  
0.078125 -0.0841675 0.0595838  
0.08125 -0.0878075 0.0611195  
0.084375 -0.0914696 0.0625865  
0.0875 -0.095154 0.0639842  
0.090625 -0.0988609 0.0653123  
0.09375 -0.10259 0.0665703  
0.096875 -0.106343 0.0677579  
0.1 -0.110118 0.0688746  
0.103125 -0.113917 0.06992  
0.10625 -0.117738 0.0708938  
0.109375 -0.121583 0.0717955  
0.1125 -0.125452 0.0726247  
0.115625 -0.129345 0.073381  
0.11875 -0.133261 0.074064  
0.121875 -0.137202 0.0746732  
0.125 -0.141167 0.0752082  
0.128125 -0.145157 0.0756687  
0.13125 -0.149171 0.0760541  
0.134375 -0.15321 0.0763641  
0.1375 -0.157275 0.0765981  
0.140625 -0.161364 0.0767559  
0.14375 -0.165479 0.0768369  
0.146875 -0.16962 0.0768407  
0.15 -0.173787 0.0767669  
0.153125 -0.17798 0.076615  
0.15625 -0.182199 0.0763845  
0.159375 -0.186444 0.076075  
0.1625 -0.190716 0.0756861  
0.165625 -0.195016 0.0752173  
0.16875 -0.199342 0.0746681  
0.171875 -0.203695 0.074038  
0.175 -0.208076 0.0733266  
0.178125 -0.212485 0.0725333  
0.18125 -0.216921 0.0716578  
0.184375 -0.221386 0.0706995  
0.1875 -0.225879 0.0696579  
0.190625 -0.230401 0.0685325  
0.19375 -0.234951 0.0673228  
0.196875 -0.23953 0.0660283  
0.2 -0.244139 0.0646485  
0.203125 -0.248777 0.0631828  
0.20625 -0.253444 0.0616308  
0.209375 -0.258141 0.0599918  
0.2125 -0.262868 0.0582654  
0.215625 -0.267626 0.0564511  
0.21875 -0.272413 0.0545481  
0.221875 -0.277232 0.0525561  
0.225 -0.282081 0.0504744  
0.228125 -0.286961 0.0483024  
0.23125 -0.291872 0.0460396  
0.234375 -0.296814 0.0436854  
0.2375 -0.301789 0.0412391  
0.240625 -0.306794 0.0387003  
0.24375 -0.311832 0.0360682  
0.246875 -0.316902 0.0333423  
0.25 -0.322004 0.0305219  
0.253125 -0.327139 0.0276064  
0.25625 -0.332306 0.0245952  
0.259375 -0.337506 0.0214875  
0.2625 -0.342739 0.0182828  
0.265625 -0.348005 0.0149804  
0.26875 -0.353305 0.0115796  
0.271875 -0.358637 0.00807977  
0.275 -0.364004 0.00448012  
0.278125 -0.369403 0.000779988  
0.28125 -0.374837 -0.00302133  
0.284375 -0.380305 -0.00692456  
0.2875 -0.385807 -0.0109304  
0.290625 -0.391343 -0.0150397  
0.29375 -0.396913 -0.0192531  
0.296875 -0.402517 -0.0235713  
0.3 -0.408156 -0.0279953  
0.303125 -0.41383 -0.0325256  
0.30625 -0.419538 -0.0371633  
0.309375 -0.425281 -0.0419089  
0.3125 -0.431058 -0.0467634  
0.315625 -0.436871 -0.0517276  
0.31875 -0.442718 -0.0568023  
0.321875 -0.4486 -0.0619883  
0.325 -0.454516 -0.0672866  
0.328125 -0.460468 -0.0726979  
0.33125 -0.466454 -0.0782232  
0.334375 -0.472476 -0.0838633  
0.3375 -0.478532 -0.0896192  
0.340625 -0.484622 -0.0954918  
0.34375 -0.490748 -0.101482  
0.346875 -0.496908 -0.107591  
0.35 -0.503102 -0.113819  
0.353125 -0.509331 -0.120167  
0.35625 -0.515594 -0.126638  
0.359375 -0.521892 -0.13323  
0.3625 -0.528223 -0.139946  
0.365625 -0.534588 -0.146786  
0.36875 -0.540987 -0.153752  
0.371875 -0.547419 -0.160845  
0.375 -0.553885 -0.168065  
0.378125 -0.560383 -0.175413  
0.38125 -0.566915 -0.182892  
0.384375 -0.573478 -0.190501  
0.3875 -0.580074 -0.198242  
0.390625 -0.586702 -0.206116  
0.39375 -0.593361 -0.214124  
0.396875 -0.600051 -0.222268  
0.4 -0.606772 -0.230549  
0.403125 -0.613523 -0.238967  
0.40625 -0.620304 -0.247524  
0.409375 -0.627115 -0.256221  
0.4125 -0.633954 -0.265059  
0.415625 -0.640822 -0.274041  
0.41875 -0.647717 -0.283166  
0.421875 -0.65464 -0.292436  
0.425 -0.661589 -0.301853  
0.428125 -0.668564 -0.311417  
0.43125 -0.675565 -0.321131  
0.434375 -0.68259 -0.330995  
0.4375 -0.689639 -0.341011  
0.440625 -0.69671 -0.35118  
0.44375 -0.703804 -0.361504  
0.446875 -0.71092 -0.371983  
0.45 -0.718056 -0.382621  
0.453125 -0.725211 -0.393417  
0.45625 -0.732385 -0.404373  
0.459375 -0.739576 -0.415491  
0.4625 -0.746784 -0.426773  
0.465625 -0.754007 -0.438219  
0.46875 -0.761245 -0.449832  
0.471875 -0.768495 -0.461613  
0.475 -0.775757 -0.473563  
0.478125 -0.78303 -0.485684  
0.48125 -0.790312 -0.497978  
0.484375 -0.797601 -0.510446  
0.4875 -0.804897 -0.523091  
0.490625 -0.812198 -0.535912  
0.49375 -0.819501 -0.548914  
0.496875 -0.826807 -0.562096  
0.5 -0.834112 -0.575461  
0.503125 -0.841415 -0.58901  
0.50625 -0.848715 -0.602746  
0.509375 -0.856009 -0.61667  
0.5125 -0.863296 -0.630783  
0.515625 -0.870573 -0.645089  
0.51875 -0.877839 -0.659587  
0.521875 -0.885091 -0.674281  
0.525 -0.892327 -0.689173  
0.528125 -0.899544 -0.704263  
0.53125 -0.906742 -0.719554  
0.534375 -0.913916 -0.735049  
0.5375 -0.921064 -0.750748  
0.540625 -0.928185 -0.766654  
0.54375 -0.935274 -0.78277  
0.546875 -0.94233 -0.799096  
0.55 -0.949349 -0.815635  
0.553125 -0.956328 -0.832389  
0.55625 -0.963265 -0.84936  
0.559375 -0.970156 -0.866551  
0.5625 -0.976998 -0.883963  
0.565625 -0.983787 -0.901599  
0.56875 -0.990521 -0.91946  
0.571875 -0.997195 -0.937549  
0.575 -1.00381 -0.955868  
0.578125 -1.01035 -0.97442  
0.58125 -1.01682 -0.993206  
0.584375 -1.02322 -1.01223  
0.5875 -1.02954 -1.03149  
0.590625 -1.03577 -1.051  
0.59375 -1.04192 -1.07074  
0.596875 -1.04797 -1.09074  
0.6 -1.05393 -1.11098  
0.603125 -1.05978 -1.13147  
0.60625 -1.06553 -1.15222  
0.609375 -1.07117 -1.17322  
0.6125 -1.07669 -1.19448  
0.615625 -1.08208 -1.216  
0.61875 -1.08735 -1.23779  
0.621875 -1.09248 -1.25984  
0.625 -1.09748 -1.28216  
0.628125 -1.10232 -1.30475  
0.63125 -1.10702 -1.32761  
0.634375 -1.11155 -1.35075  
0.6375 -1.11592 -1.37417  
0.640625 -1.12012 -1.39787  
0.64375 -1.12414 -1.42185  
0.646875 -1.12797 -1.44612  
0.65 -1.13161 -1.47068  
0.653125 -1.13505 -1.49553  
0.65625 -1.13828 -1.52068  
0.659375 -1.1413 -1.54613  
0.6625 -1.14408 -1.57187  
0.665625 -1.14664 -1.59792  
0.66875 -1.14895 -1.62427  
0.671875 -1.15101 -1.65093  
0.675 -1.15281 -1.67791  
0.678125 -1.15434 -1.7052  
0.68125 -1.1556 -1.7328  
0.684375 -1.15656 -1.76073  
0.6875 -1.15723 -1.78898  
0.690625 -1.15758 -1.81755  
0.69375 -1.15762 -1.84645  
0.696875 -1.15733 -1.87569  
0.7 -1.15669 -1.90526  
0.703125 -1.1557 -1.93516  
0.70625 -1.15435 -1.96541  
0.709375 -1.15261 -1.996  
0.7125 -1.15049 -2.02694  
0.715625 -1.14797 -2.05822  
0.71875 -1.14503 -2.08986  
0.721875 -1.14166 -2.12185  
0.725 -1.13785 -2.15421  
0.728125 -1.13359 -2.18692  
0.73125 -1.12885 -2.21999  
0.734375 -1.12363 -2.25343  
0.7375 -1.11791 -2.28725  
0.740625 -1.11168 -2.32143  
0.74375 -1.10491 -2.35599  
0.746875 -1.09759 -2.39093  
0.75 -1.08971 -2.42625  
0.753125 -1.08125 -2.46195  
0.75625 -1.07219 -2.49804  
0.759375 -1.06252 -2.53452  
0.7625 -1.05221 -2.57139  
0.765625 -1.04125 -2.60866  
0.76875 -1.02962 -2.64632  
0.771875 -1.01729 -2.68439  
0.775 -1.00426 -2.72285  
0.778125 -0.99049 -2.76173  
0.78125 -0.975971 -2.80101  
0.784375 -0.960678 -2.8407  
0.7875 -0.94459 -2.88081  
0.790625 -0.927684 -2.92133  
0.79375 -0.909938 -2.96227  
0.796875 -0.891328 -3.00362  
0.8 -0.871831 -3.0454  
0.803125 -0.851422 -3.08761  
0.80625 -0.830077 -3.13024  
0.809375 -0.80777 -3.1733  
0.8125 -0.784475 -3.21679  
0.815625 -0.760167 -3.26071  
0.81875 -0.734817 -3.30506  
0.821875 -0.708399 -3.34985  
0.825 -0.680884 -3.39507  
0.828125 -0.652244 -3.44074  
0.83125 -0.62245 -3.48684  
0.834375 -0.591471 -3.53338  
0.8375 -0.559278 -3.58036  
0.840625 -0.52584 -3.62778  
0.84375 -0.491124 -3.67564  
0.846875 -0.455098 -3.72394  
0.85 -0.417731 -3.77269  
0.853125 -0.378988 -3.82187  
0.85625 -0.338836 -3.8715  
0.859375 -0.29724 -3.92157  
0.8625 -0.254164 -3.97207  
0.865625 -0.209573 -4.02302  
0.86875 -0.163431 -4.0744  
0.871875 -0.1157 -4.12622  
0.875 -0.0663428 -4.17847  
0.878125 -0.0153212 -4.23115  
0.88125 0.0374036 -4.28426  
0.884375 0.0918713 -4.33779  
0.8875 0.148122 -4.39174  
0.890625 0.206196 -4.44611  
0.89375 0.266134 -4.5009  
0.896875 0.327979 -4.55609  
0.9 0.391772 -4.61168  
0.903125 0.457557 -4.66767  
0.90625 0.525377 -4.72405  
0.909375 0.595275 -4.78082  
0.9125 0.667296 -4.83796  
0.915625 0.741485 -4.89546  
0.91875 0.817886 -4.95333  
0.921875 0.896546 -5.01154  
0.925 0.977511 -5.07009  
0.928125 1.06083 -5.12897  
0.93125 1.14654 -5.18816  
0.934375 1.23469 -5.24765  
0.9375 1.32534 -5.30743  
0.940625 1.41853 -5.36748  
0.94375 1.5143 -5.42779  
0.946875 1.61271 -5.48834  
0.95 1.71379 -5.54911  
0.953125 1.8176 -5.61008  
0.95625 1.92419 -5.67122  
0.959375 2.0336 -5.73253  
0.9625 2.14588 -5.79397  
0.965625 2.26107 -5.85551  
0.96875 2.37923 -5.91714  
0.971875 2.50039 -5.97882  
0.975 2.6246 -6.04052  
0.978125 2.7519 -6.10221  
0.98125 2.88234 -6.16385  
0.984375 3.01596 -6.22541  
0.9875 3.15279 -6.28685  
0.990625 3.29289 -6.34812  
0.99375 3.43628 -6.40919  
0.996875 3.583 -6.47  
1 3.73308 -6.53051  
1.00313 3.88656 -6.59066  
1.00625 4.04347 -6.65041  
1.00938 4.20382 -6.70968  
1.0125 4.36766 -6.76842  
1.01563 4.53499 -6.82656  
1.01875 4.70584 -6.88404  
1.02188 4.88022 -6.94077  
1.025 5.05815 -6.99668  
1.02813 5.23961 -7.0517  
1.03125 5.42463 -7.10573  
1.03438 5.6132 -7.15868  
1.0375 5.8053 -7.21045  
1.04063 6.00093 -7.26094  
1.04375 6.20006 -7.31006  
1.04688 6.40268 -7.35767  
1.05 6.60874 -7.40367  
1.05313 6.81822 -7.44792  
1.05625 7.03105 -7.49031  
1.05938 7.2472 -7.53068  
1.0625 7.46659 -7.56889  
1.06563 7.68916 -7.60479  
1.06875 7.91482 -7.63822  
1.07188 8.14348 -7.66901  
1.075 8.37505 -7.69699  
1.07813 8.6094 -7.72197  
1.08125 8.84643 -7.74376  
1.08438 9.08598 -7.76216  
1.0875 9.32793 -7.77695  
1.09063 9.57211 -7.78793  
1.09375 9.81835 -7.79487  
1.09688 10.0665 -7.79752  
1.1 10.3163 -7.79566  
1.10313 10.5675 -7.78902  
1.10625 10.82 -7.77734  
1.10938 11.0736 -7.76036  
1.1125 11.3278 -7.7378  
1.11563 11.5826 -7.70939  
1.11875 11.8376 -7.67482  
1.12188 12.0925 -7.63381  
1.125 12.3471 -7.58606  
1.12813 12.601 -7.53127  
1.13125 12.8539 -7.46912  
1.13438 13.1054 -7.39933  
1.1375 13.3553 -7.32157  
1.14063 13.6032 -7.23555  
1.14375 13.8487 -7.14097  
1.14688 14.0914 -7.03753  
1.15 14.3312 -6.92497  
1.15313 14.5675 -6.80299  
1.15625 14.8 -6.67135  
1.15938 15.0285 -6.52981  
1.1625 15.2525 -6.37815  
1.16563 15.4719 -6.21617  
1.16875 15.6862 -6.0437  
1.17188 15.8952 -5.8606  
1.175 16.0988 -5.66677  
1.17813 16.2966 -5.46215  
1.18125 16.4886 -5.24669  
1.18438 16.6746 -5.02043  
1.1875 16.8544 -4.78342  
1.19063 17.0281 -4.53578  
1.19375 17.1957 -4.27767  
1.19688 17.3573 -4.00931  
1.2 17.5128 -3.73097  
1.20313 17.6627 -3.44298  
1.20625 17.807 -3.14572  
1.20938 17.9461 -2.83964  
1.2125 18.0803 -2.52522  
1.21563 18.2101 -2.20302  
1.21875 18.336 -1.87362  
1.22188 18.4584 -1.53767  
1.225 18.578 -1.19584  
1.22813 18.6955 -0.848843  
1.23125 18.8115 -0.497429  
1.23438 18.9267 -0.142362  
1.2375 19.0419 0.215576  
1.24063 19.158 0.575591  
1.24375 19.2756 0.936893  
1.24688 19.3957 1.29869  
1.25 19.5191 1.66022  
1.25313 19.6465 2.02071  
1.25625 19.779 2.37945  
1.25938 19.9172 2.73574  
1.2625 20.0619 3.08892  
1.26563 20.214 3.43839  
1.26875 20.3741 3.78358  
1.27188 20.5431 4.12398  
1.275 20.7215 4.45914  
1.27813 20.91 4.78866  
1.28125 21.1093 5.11219  
1.28438 21.3197 5.42944  
1.2875 21.542 5.74019  
1.29063 21.7765 6.04426  
1.29375 22.0236 6.34153  
1.29688 22.2838 6.63192  
1.3 22.5574 6.91542  
1.30313 22.8447 7.19205  
1.30625 23.146 7.46187  
1.30938 23.4615 7.72499  
1.3125 23.7915 7.98153  
1.31563 24.1362 8.23167  
1.31875 24.4956 8.4756  
1.32188 24.8701 8.71353  
1.325 25.2597 8.9457  
1.32813 25.6645 9.17236  
1.33125 26.0847 9.39379  
1.33438 26.5204 9.61024  
1.3375 26.9716 9.82201  
1.34063 27.4385 10.0294  
1.34375 27.9212 10.2326  
1.34688 28.4198 10.4321  
1.35 28.9344 10.628  
1.35313 29.4651 10.8206  
1.35625 30.012 11.0103  
1.35938 30.5753 11.1974  
1.3625 31.1551 11.382  
1.36563 31.7516 11.5644  
1.36875 32.3648 11.7449  
1.37188 32.995 11.9238  
1.375 33.6424 12.1013  
1.37813 34.3072 12.2776  
1.38125 34.9896 12.4529  
1.38438 35.6897 12.6275  
1.3875 36.408 12.8015  
1.39063 37.1445 12.9752  
1.39375 37.8996 13.1486  
1.39688 38.6737 13.3221  
1.4 39.4669 13.4957  
1.40313 40.2796 13.6697  
1.40625 41.1121 13.8441  
1.40938 41.9649 14.0192  
1.4125 42.8382 14.195  
1.41563 43.7325 14.3716  
1.41875 44.6482 14.5493  
1.42188 45.5856 14.7281  
1.425 46.5453 14.908  
1.42813 47.5276 15.0894  
1.43125 48.533 15.2721  
1.43438 49.5621 15.4564  
1.4375 50.6153 15.6422  
1.44063 51.6931 15.8298  
1.44375 52.7962 16.0191  
1.44688 53.9249 16.2102  
1.45 55.08 16.4033  
1.45313 56.2619 16.5983  
1.45625 57.4714 16.7954  
1.45938 58.709 16.9946  
1.4625 59.9753 17.196  
1.46563 61.2711 17.3996  
1.46875 62.597 17.6054  
1.47188 63.9537 17.8137  
1.475 65.342 18.0243  
1.47813 66.7624 18.2373  
1.48125 68.216 18.4529  
1.48438 69.7033 18.671  
1.4875 71.2252 18.8916  
1.49063 72.7825 19.1149  
1.49375 74.3761 19.3409  
1.49688 76.0068 19.5696  
1.5 77.6755 19.8011  
1.50313 79.3831 20.0354  
1.50625 81.1305 20.2725  
1.50938 82.9188 20.5125  
1.5125 84.7488 20.7555  
1.51563 86.6216 21.0014  
1.51875 88.5381 21.2504  
1.52188 90.4996 21.5024  
1.525 92.5069 21.7576  
1.52813 94.5613 22.0158  
1.53125 96.6639 22.2773  
1.53438 98.8158 22.542  
1.5375 101.018 22.81  
1.54063 103.272 23.0813  
1.54375 105.58 23.3559  
1.54688 107.941 23.634  
1.55 110.358 23.9155  
1.55313 112.832 24.2005  
1.55625 115.364 24.489  
1.55938 117.956 24.7811  
1.5625 120.609 25.0768  
1.56563 123.325 25.3762  
1.56875 126.105 25.6794  
1.57188 128.951 25.9862  
1.575 131.864 26.2969  
1.57813 134.846 26.6115  
1.58125 137.899 26.9299  
1.58438 141.024 27.2523  
1.5875 144.223 27.5788  
1.59063 147.498 27.9092  
1.59375 150.851 28.2438  
1.59688 154.284 28.5825  
1.6 157.798 28.9255  
1.60313 161.395 29.2727  
1.60625 165.079 29.6242  
1.60938 168.85 29.9801  
1.6125 172.711 30.3404  
1.61563 176.664 30.7051  
1.61875 180.711 31.0744  
1.62188 184.855 31.4483  
1.625 189.098 31.8269  
1.62813 193.442 32.2101  
1.63125 197.89 32.5981  
1.63438 202.445 32.9909  
1.6375 207.108 33.3886  
1.64063 211.883 33.7913  
1.64375 216.772 34.1989  
1.64688 221.779 34.6116  
1.65 226.906 35.0295  
1.65313 232.155 35.4525  
1.65625 237.531 35.8808  
1.65938 243.036 36.3144  
1.6625 248.672 36.7534  
1.66563 254.445 37.1978  
1.66875 260.356 37.6478  
1.67188 266.409 38.1034  
1.675 272.608 38.5646  
1.67813 278.957 39.0315  
1.68125 285.458 39.5043  
1.68438 292.116 39.9829  
1.6875 298.934 40.4675  
1.69063 305.917 40.9581  
1.69375 313.068 41.4547  
1.69688 320.392 41.9576  
1.7 327.892 42.4667  
1.70313 335.574 42.9821  
1.70625 343.442 43.5039  
1.70938 351.5 44.0322  
1.7125 359.752 44.5671  
1.71563 368.205 45.1086  
1.71875 376.861 45.6569  
1.72188 385.728 46.2119  
1.725 394.809 46.7739  
1.72813 404.11 47.3428  
1.73125 413.637 47.9188  
1.73438 423.395 48.502  
1.7375 433.389 49.0924  
1.74063 443.626 49.6901  
1.74375 454.112 50.2953  
1.74688 464.852 50.908  
1.75 475.853 51.5282  
1.75313 487.121 52.1562  
1.75625 498.664 52.792  
1.75938 510.487 53.4357  
1.7625 522.597 54.0874  
1.76563 535.002 54.7472  
1.76875 547.709 55.4152  
1.77188 560.726 56.0915  
1.775 574.059 56.7762  
1.77813 587.717 57.4694  
1.78125 601.709 58.1712  
1.78438 616.041 58.8817  
1.7875 630.722 59.601  
1.79063 645.762 60.3293  
1.79375 661.169 61.0667  
1.79688 676.952 61.8131  
1.8 693.12 62.5689  
1.80313 709.682 63.3341  
1.80625 726.65 64.1087  
1.80938 744.032 64.893  
1.8125 761.839 65.687  
1.81563 780.081 66.4909  
1.81875 798.769 67.3048  
1.82188 817.914 68.1288  
1.825 837.528 68.963  
1.82813 857.621 69.8076  
1.83125 878.207 70.6627  
1.83438 899.296 71.5284  
1.8375 920.902 72.4048  
1.84063 943.037 73.2922  
1.84375 965.715 74.1906  
1.84688 988.948 75.1001  
1.85 1012.75 76.0209  
1.85313 1037.14 76.9532  
1.85625 1062.12 77.897  
1.85938 1087.72 78.8526  
1.8625 1113.95 79.8201  
1.86563 1140.81 80.7995  
1.86875 1168.34 81.7912  
1.87188 1196.55 82.7951  
1.875 1225.45 83.8115  
1.87813 1255.05 84.8406  
1.88125 1285.39 85.8824  
1.88438 1316.47 86.9372  
1.8875 1348.31 88.0051  
1.89063 1380.94 89.0862  
1.89375 1414.37 90.1808  
1.89688 1448.62 91.289  
1.9 1483.71 92.4109  
1.90313 1519.67 93.5468  
1.90625 1556.51 94.6968  
1.90938 1594.26 95.8611  
1.9125 1632.93 97.0398  
1.91563 1672.56 98.2332  
1.91875 1713.17 99.4414  
1.92188 1754.78 100.665  
1.925 1797.41 101.903  
1.92813 1841.09 103.157  
1.93125 1885.85 104.426  
1.93438 1931.71 105.711  
1.9375 1978.7 107.012  
1.94063 2026.85 108.33  
1.94375 2076.19 109.663  
1.94688 2126.74 111.014  
1.95 2178.54 112.381  
1.95313 2231.62 113.765  
1.95625 2286.01 115.166  
1.95938 2341.74 116.584  
1.9625 2398.85 118.02  
1.96563 2457.37 119.474  
1.96875 2517.33 120.947  
1.97188 2578.77 122.437  
1.975 2641.73 123.946  
1.97813 2706.25 125.473  
1.98125 2772.36 127.02  
1.98438 2840.1 128.586  
1.9875 2909.52 130.171  
1.99063 2980.65 131.776  
1.99375 3053.54 133.401  
1.99688 3128.24 135.046  
