0
0 0  
0.00625
-0.00625 0.00625  
0.0125
-0.0125779 0.0122654  
0.01875
-0.0189842 0.0180428  
0.025
-0.0254694 0.0235788  
0.03125
-0.0320343 0.0288703  
0.0375
-0.0386795 0.0339138  
0.04375
-0.0454059 0.0387061  
0.05
-0.0522141 0.043244  
0.05625
-0.059105 0.0475243  
0.0625
-0.0660797 0.0515437  
0.06875
-0.0731391 0.0552991  
0.075
-0.0802843 0.0587873  
0.08125
-0.0875162 0.062005  
0.0875
-0.0948361 0.0649492  
0.09375
-0.102245 0.0676164  
0.1
-0.109745 0.0700037  
0.10625
-0.117336 0.0721076  
0.1125
-0.12502 0.073925  
0.11875
-0.132799 0.0754526  
0.125
-0.140673 0.0766871  
0.13125
-0.148645 0.0776251  
0.1375
-0.156715 0.0782632  
0.14375
-0.164886 0.0785981  
0.15
-0.173158 0.0786263  
0.15625
-0.181534 0.0783442  
0.1625
-0.190015 0.0777483  
0.16875
-0.198602 0.076835  
0.175
-0.207298 0.0756005  
0.18125
-0.216103 0.0740411  
0.1875
-0.225021 0.072153  
0.19375
-0.234051 0.0699322  
0.2
-0.243196 0.0673747  
0.20625
-0.252457 0.0644765  
0.2125
-0.261837 0.0612334  
0.21875
-0.271337 0.057641  
0.225
-0.280958 0.0536951  
0.23125
-0.290702 0.0493912  
0.2375
-0.30057 0.0447247  
0.24375
-0.310565 0.0396908  
0.25
-0.320687 0.0342848  
0.25625
-0.330938 0.0285017  
0.2625
-0.34132 0.0223364  
0.26875
-0.351833 0.0157838  
0.275
-0.36248 0.00883849  
0.28125
-0.37326 0.00149502  
0.2875
-0.384176 -0.00625224  
0.29375
-0.395228 -0.0144091  
0.3
-0.406417 -0.0229814  
0.30625
-0.417744 -0.0319753  
0.3125
-0.429209 -0.0413971  
0.31875
-0.440813 -0.0512532  
0.325
-0.452557 -0.0615501  
0.33125
-0.464441 -0.0722947  
0.3375
-0.476463 -0.0834938  
0.34375
-0.488626 -0.0951548  
0.35
-0.500927 -0.107285  
0.35625
-0.513366 -0.119892  
0.3625
-0.525944 -0.132983  
0.36875
-0.538657 -0.146566  
0.375
-0.551506 -0.16065  
0.38125
-0.564489 -0.175243  
0.3875
-0.577603 -0.190353  
0.39375
-0.590847 -0.20599  
0.4
-0.604217 -0.222162  
0.40625
-0.617711 -0.238878  
0.4125
-0.631326 -0.256149  
0.41875
-0.645058 -0.273984  
0.425
-0.658902 -0.292393  
0.43125
-0.672854 -0.311386  
0.4375
-0.686908 -0.330974  
0.44375
-0.70106 -0.351167  
0.45
-0.715302 -0.371978  
0.45625
-0.729629 -0.393417  
0.4625
-0.744032 -0.415495  
0.46875
-0.758503 -0.438225  
0.475
-0.773034 -0.461619  
0.48125
-0.787615 -0.48569  
0.4875
-0.802236 -0.51045  
0.49375
-0.816886 -0.535912  
0.5
-0.831552 -0.56209  
0.50625
-0.846222 -0.588998  
0.5125
-0.860881 -0.61665  
0.51875
-0.875516 -0.64506  
0.525
-0.890109 -0.674242  
0.53125
-0.904644 -0.704212  
0.5375
-0.919102 -0.734986  
0.54375
-0.933465 -0.766579  
0.55
-0.947711 -0.799006  
0.55625
-0.961817 -0.832285  
0.5625
-0.97576 -0.866433  
0.56875
-0.989515 -0.901466  
0.575
-1.00306 -0.937402  
0.58125
-1.01635 -0.974258  
0.5875
-1.02937 -1.01205  
0.59375
-1.04209 -1.05081  
0.6
-1.05446 -1.09054  
0.60625
-1.06646 -1.13126  
0.6125
-1.07804 -1.173  
0.61875
-1.08917 -1.21578  
0.625
-1.0998 -1.25961  
0.63125
-1.10988 -1.30452  
0.6375
-1.11936 -1.35053  
0.64375
-1.12821 -1.39765  
0.65
-1.13635 -1.44592  
0.65625
-1.14374 -1.49535  
0.6625
-1.15031 -1.54596  
0.66875
-1.156 -1.59779  
0.675
-1.16075 -1.65084  
0.68125
-1.16447 -1.70516  
0.6875
-1.16711 -1.76075  
0.69375
-1.16857 -1.81764  
0.7
-1.16878 -1.87586  
0.70625
-1.16764 -1.93543  
0.7125
-1.16508 -1.99638  
0.71875
-1.16098 -2.05873  
0.725
-1.15525 -2.1225  
0.73125
-1.14779 -2.18773  
0.7375
-1.13847 -2.25444  
0.74375
-1.12719 -2.32265  
0.75
-1.11381 -2.39238  
0.75625
-1.09821 -2.46367  
0.7625
-1.08025 -2.53654  
0.76875
-1.05979 -2.61101  
0.775
-1.03668 -2.68711  
0.78125
-1.01076 -2.76487  
0.7875
-0.981868 -2.8443  
0.79375
-0.949828 -2.92543  
0.8
-0.914463 -3.00829  
0.80625
-0.875582 -3.09289  
0.8125
-0.83299 -3.17927  
0.81875
-0.786479 -3.26743  
0.825
-0.735834 -3.35739  
0.83125
-0.680831 -3.44919  
0.8375
-0.621236 -3.54283  
0.84375
-0.556804 -3.63832  
0.85
-0.48728 -3.73568  
0.85625
-0.412401 -3.83493  
0.8625
-0.331889 -3.93606  
0.86875
-0.245459 -4.03908  
0.875
-0.152813 -4.144  
0.88125
-0.0536439 -4.25081  
0.8875
0.0523693 -4.35951  
0.89375
0.165557 -4.47008  
0.9
0.286262 -4.5825  
0.90625
0.414836 -4.69676  
0.9125
0.551644 -4.81283  
0.91875
0.69706 -4.93067  
0.925
0.85147 -5.05022  
0.93125
1.01527 -5.17145  
0.9375
1.18886 -5.29427  
0.94375
1.37265 -5.41862  
0.95
1.56707 -5.54441  
0.95625
1.77254 -5.67152  
0.9625
1.98948 -5.79984  
0.96875
2.21834 -5.92922  
0.975
2.45954 -6.05951  
0.98125
2.71352 -6.19051  
0.9875
2.9807 -6.32202  
0.99375
3.26151 -6.45379  
1
3.55635 -6.58556  
1.00625
3.86562 -6.717  
1.0125
4.18968 -6.84778  
1.01875
4.52887 -6.9775  
1.025
4.88352 -7.1057  
1.03125
5.25388 -7.23188  
1.0375
5.64018 -7.35549  
1.04375
6.04258 -7.47588  
1.05
6.46116 -7.59233  
1.05625
6.89595 -7.70406  
1.0625
7.34685 -7.81017  
1.06875
7.81368 -7.90965  
1.075
8.29612 -8.00141  
1.08125
8.79371 -8.08419  
1.0875
9.30584 -8.15664  
1.09375
9.83174 -8.21724  
1.1
10.3704 -8.26432  
1.10625
10.9206 -8.29605  
1.1125
11.4811 -8.31043  
1.11875
12.05 -8.30528  
1.125
12.6255 -8.27827  
1.13125
13.2053 -8.22688  
1.1375
13.7872 -8.14843  
1.14375
14.3682 -8.04015  
1.15
14.9456 -7.89911  
1.15625
15.5162 -7.72238  
1.1625
16.0766 -7.50699  
1.16875
16.6235 -7.25009  
1.175
17.1536 -6.94898  
1.18125
17.6635 -6.60127  
1.1875
18.1504 -6.205  
1.19375
18.6117 -5.75874  
1.2
19.0454 -5.26182  
1.20625
19.4502 -4.71441  
1.2125
19.826 -4.11769  
1.21875
20.1736 -3.47394  
1.225
20.4949 -2.7866  
1.23125
20.7934 -2.06033  
1.2375
21.0736 -1.30086  
1.24375
21.3413 -0.514924  
1.25
21.6035 0.289969  
1.25625
21.8678 1.10582  
1.2625
22.1426 1.92447  
1.26875
22.4362 2.73792  
1.275
22.7573 3.53868  
1.28125
23.1138 4.32007  
1.2875
23.5131 5.07644  
1.29375
23.9618 5.80336  
1.3
24.4656 6.49769  
1.30625
25.029 7.15752  
1.3125
25.6558 7.78217  
1.31875
26.3488 8.372  
1.325
27.11 8.92827  
1.33125
27.9408 9.45293  
1.3375
28.8423 9.94847  
1.34375
29.8152 10.4177  
1.35
30.8599 10.8637  
1.35625
31.977 11.2896  
1.3625
33.1671 11.6984  
1.36875
34.4308 12.0931  
1.375
35.7689 12.4765  
1.38125
37.1827 12.8512  
1.3875
38.6734 13.2196  
1.39375
40.2428 13.5838  
1.4
41.8928 13.9459  
1.40625
43.6258 14.3076  
1.4125
45.4443 14.6704  
1.41875
47.3512 15.0357  
1.425
49.3498 15.4047  
1.43125
51.4436 15.7784  
1.4375
53.6364 16.1578  
1.44375
55.9323 16.5437  
1.45
58.3358 16.9368  
1.45625
60.8516 17.3378  
1.4625
63.4847 17.7472  
1.46875
66.2405 18.1656  
1.475
69.1247 18.5935  
1.48125
72.1433 19.0312  
1.4875
75.3025 19.4791  
1.49375
78.609 19.9377  
1.5
82.0698 20.4074  
1.50625
85.6923 20.8884  
1.5125
89.4842 21.381  
1.51875
93.4537 21.8858  
1.525
97.6093 22.4029  
1.53125
101.96 22.9327  
1.5375
106.515 23.4755  
1.54375
111.285 24.0317  
1.55
116.279 24.6016  
1.55625
121.509 25.1856  
1.5625
126.986 25.784  
1.56875
132.722 26.3971  
1.575
138.73 27.0254  
1.58125
145.023 27.6692  
1.5875
151.614 28.3289  
1.59375
158.519 29.0049  
1.6
165.752 29.6976  
1.60625
173.33 30.4074  
1.6125
181.269 31.1347  
1.61875
189.587 31.88  
1.625
198.303 32.6437  
1.63125
207.436 33.4262  
1.6375
217.006 34.2281  
1.64375
227.034 35.0498  
1.65
237.544 35.8918  
1.65625
248.558 36.7545  
1.6625
260.102 37.6386  
1.66875
272.201 38.5445  
1.675
284.883 39.4728  
1.68125
298.176 40.424  
1.6875
312.11 41.3987  
1.69375
326.717 42.3975  
1.7
342.029 43.421  
1.70625
358.082 44.4697  
1.7125
374.911 45.5443  
1.71875
392.556 46.6455  
1.725
411.055 47.7738  
1.73125
430.452 48.93  
1.7375
450.79 50.1148  
1.74375
472.115 51.3288  
1.75
494.477 52.5728  
1.75625
517.926 53.8476  
1.7625
542.516 55.1538  
1.76875
568.303 56.4923  
1.775
595.347 57.8638  
1.78125
623.709 59.2692  
1.7875
653.454 60.7093  
1.79375
684.651 62.185  
1.8
717.372 63.6971  
1.80625
751.691 65.2465  
1.8125
787.688 66.8343  
1.81875
825.445 68.4612  
1.825
865.05 70.1283  
1.83125
906.595 71.8366  
1.8375
950.174 73.587  
1.84375
995.889 75.3807  
1.85
1043.85 77.2187  
1.85625
1094.15 79.1021  
1.8625
1146.93 81.032  
1.86875
1202.3 83.0095  
1.875
1260.39 85.0359  
1.88125
1321.33 87.1124  
1.8875
1385.27 89.2401  
1.89375
1452.36 91.4203  
1.9
1522.74 93.6544  
1.90625
1596.59 95.9437  
1.9125
1674.07 98.2895  
1.91875
1755.37 100.693  
1.925
1840.68 103.156  
1.93125
1930.19 105.68  
1.9375
2024.11 108.266  
1.94375
2122.66 110.917  
1.95
2226.08 113.632  
1.95625
2334.6 116.415  
1.9625
2448.48 119.266  
1.96875
2567.98 122.188  
1.975
2693.39 125.182  
1.98125
2824.99 128.25  
1.9875
2963.1 131.393  
1.99375
3108.03 134.614  
