0 0 0  
0.05 -0.055494 0.0332964  
0.1 -0.117087 0.0480547  
0.15 -0.185553 0.0422994  
0.2 -0.261715 0.0137754  
0.25 -0.34626 -0.0401835  
0.3 -0.439452 -0.122773  
0.35 -0.540694 -0.237808  
0.4 -0.647886 -0.38977  
0.45 -0.756497 -0.583758  
0.5 -0.858269 -0.825294  
0.55 -0.939517 -1.11985  
0.6 -0.979101 -1.47191  
0.65 -0.946431 -1.88315  
0.7 -0.800533 -2.34926  
0.75 -0.492407 -2.85435  
0.8 0.0252344 -3.3619  
0.85 0.775546 -3.80199  
0.9 1.72167 -4.05945  
0.95 2.73758 -3.98032  
1 3.63814 -3.42563  
1.05 4.29787 -2.36622  
1.1 4.76781 -0.92903  
1.15 5.26757 0.678239  
1.2 6.08921 2.29228  
1.25 7.53755 3.85896  
1.3 9.954 5.42411  
1.35 13.8024 7.09668  
1.4 19.7997 9.01925  
1.45 29.1069 11.3548  
1.5 43.625 14.2867  
1.55 66.4727 18.028  
1.6 102.775 22.8361  
1.65 160.964 29.0321  
1.7 254.952 37.025  
1.75 407.728 47.34  
1.8 657.358 60.6537  
1.85 1066.95 77.8396  
1.9 1741.28 100.025  
1.95 2854.4 128.665  
