0
0 0  
0.025
-0.025 0.025  
0.05
-0.0512344 0.0462344  
0.075
-0.0787427 0.0634958  
0.1
-0.107579 0.0765836  
0.125
-0.137811 0.0853001  
0.15
-0.16952 0.0894465  
0.175
-0.202796 0.0888185  
0.2
-0.237739 0.0832019  
0.225
-0.274452 0.072368  
0.25
-0.313044 0.0560693  
0.275
-0.353618 0.034034  
0.3
-0.39627 0.00596243  
0.325
-0.441082 -0.0284789  
0.35
-0.488116 -0.0696615  
0.375
-0.537401 -0.118  
0.4
-0.588922 -0.173958  
0.425
-0.642612 -0.238053  
0.45
-0.698326 -0.310862  
0.475
-0.755826 -0.393027  
0.5
-0.814756 -0.485262  
0.525
-0.874607 -0.588363  
0.55
-0.934683 -0.703208  
0.575
-0.994054 -0.830773  
0.6
-1.0515 -0.972136  
0.625
-1.10545 -1.12849  
0.65
-1.15389 -1.30114  
0.675
-1.19426 -1.49155  
0.7
-1.22335 -1.70131  
0.725
-1.23716 -1.93217  
0.75
-1.23068 -2.18608  
0.775
-1.19775 -2.46515  
0.8
-1.13071 -2.77174  
0.825
-1.02018 -3.10841  
0.85
-0.854635 -3.47799  
0.875
-0.619956 -3.88359  
0.9
-0.298897 -4.32865  
0.925
0.129588 -4.81691  
0.95
0.691132 -5.35254  
0.975
1.41693 -5.94011  
1
2.3449 -6.58469  
1.025
3.5211 -7.29191  
1.05
5.00145 -8.06804  
1.075
6.85385 -8.92016  
1.1
9.16078 -9.85631  
1.125
12.0225 -10.8859  
1.15
15.5612 -12.02  
1.175
19.9263 -13.2729  
1.2
25.3018 -14.6632  
1.225
31.9171 -16.2182  
1.25
40.0637 -17.9813  
1.275
50.1251 -20.03  
1.3
62.6364 -22.5162  
1.325
78.4177 -25.7703  
1.35
98.9163 -30.5853  
1.375
127.224 -39.1094  
1.4
171.799 -58.2395  
1.425
265.159 -117.241  
1.45
622.028 -421.077  
1.475
5085.75 -4760.39  
1.5
571873 -570531  
1.525
8.13824e+09 -8.13812e+09  
1.55
1.65573e+18 -1.65573e+18  
1.575
6.85358e+34 -6.85358e+34  
1.6
1.17429e+68 -1.17429e+68  
1.625
3.44738e+134 -3.44738e+134  
1.65
2.9711e+267 -2.9711e+267  
1.675
inf -inf  
1.7
inf -nan(ind)  
1.725
-nan(ind) -nan(ind)  
1.75
-nan(ind) -nan(ind)  
1.775
-nan(ind) -nan(ind)  
1.8
-nan(ind) -nan(ind)  
1.825
-nan(ind) -nan(ind)  
1.85
-nan(ind) -nan(ind)  
1.875
-nan(ind) -nan(ind)  
1.9
-nan(ind) -nan(ind)  
1.925
-nan(ind) -nan(ind)  
1.95
-nan(ind) -nan(ind)  
1.975
-nan(ind) -nan(ind)  
2
-nan(ind) -nan(ind)  
