0
0 0  
0.003125
-0.00314462 0.00306601  
0.00625
-0.00630894 0.0060726  
0.009375
-0.00949302 0.00901935  
0.0125
-0.0126969 0.0119058  
0.015625
-0.0159208 0.0147316  
0.01875
-0.0191646 0.0174964  
0.021875
-0.0224285 0.0201995  
0.025
-0.0257126 0.0228408  
0.028125
-0.0290169 0.0254197  
0.03125
-0.0323416 0.0279359  
0.034375
-0.0356867 0.0303889  
0.0375
-0.0390525 0.0327783  
0.040625
-0.0424389 0.0351037  
0.04375
-0.045846 0.0373647  
0.046875
-0.0492741 0.0395609  
0.05
-0.0527232 0.0416919  
0.053125
-0.0561934 0.0437573  
0.05625
-0.0596849 0.0457567  
0.059375
-0.0631978 0.0476896  
0.0625
-0.0667322 0.0495557  
0.065625
-0.0702882 0.0513546  
0.06875
-0.0738661 0.0530858  
0.071875
-0.0774659 0.0547489  
0.075
-0.0810878 0.0563436  
0.078125
-0.0847319 0.0578694  
0.08125
-0.0883984 0.059326  
0.084375
-0.0920874 0.0607128  
0.0875
-0.0957991 0.0620296  
0.090625
-0.0995337 0.0632758  
0.09375
-0.103291 0.0644511  
0.096875
-0.107072 0.0655551  
0.1
-0.110876 0.0665873  
0.103125
-0.114704 0.0675473  
0.10625
-0.118555 0.0684348  
0.109375
-0.12243 0.0692492  
0.1125
-0.12633 0.0699902  
0.115625
-0.130253 0.0706574  
0.11875
-0.134201 0.0712503  
0.121875
-0.138173 0.0717684  
0.125
-0.142171 0.0722114  
0.128125
-0.146193 0.0725788  
0.13125
-0.15024 0.0728702  
0.134375
-0.154313 0.0730852  
0.1375
-0.158411 0.0732232  
0.140625
-0.162536 0.0732839  
0.14375
-0.166686 0.0732667  
0.146875
-0.170862 0.0731714  
0.15
-0.175064 0.0729972  
0.153125
-0.179293 0.072744  
0.15625
-0.183549 0.072411  
0.159375
-0.187832 0.071998  
0.1625
-0.192142 0.0715044  
0.165625
-0.196479 0.0709296  
0.16875
-0.200844 0.0702734  
0.171875
-0.205236 0.0695351  
0.175
-0.209657 0.0687143  
0.178125
-0.214106 0.0678104  
0.18125
-0.218583 0.066823  
0.184375
-0.223089 0.0657516  
0.1875
-0.227623 0.0645956  
0.190625
-0.232187 0.0633546  
0.19375
-0.23678 0.0620279  
0.196875
-0.241402 0.0606152  
0.2
-0.246054 0.0591157  
0.203125
-0.250736 0.0575291  
0.20625
-0.255448 0.0558547  
0.209375
-0.26019 0.054092  
0.2125
-0.264962 0.0522404  
0.215625
-0.269765 0.0502994  
0.21875
-0.274599 0.0482684  
0.221875
-0.279464 0.0461468  
0.225
-0.28436 0.043934  
0.228125
-0.289288 0.0416294  
0.23125
-0.294247 0.0392325  
0.234375
-0.299238 0.0367425  
0.2375
-0.304261 0.034159  
0.240625
-0.309316 0.0314812  
0.24375
-0.314404 0.0287086  
0.246875
-0.319524 0.0258404  
0.25
-0.324676 0.0228761  
0.253125
-0.329862 0.019815  
0.25625
-0.33508 0.0166563  
0.259375
-0.340332 0.0133996  
0.2625
-0.345617 0.0100439  
0.265625
-0.350935 0.00658876  
0.26875
-0.356287 0.00303336  
0.271875
-0.361672 -0.000622989  
0.275
-0.367091 -0.00438101  
0.278125
-0.372544 -0.00824143  
0.28125
-0.378032 -0.012205  
0.284375
-0.383553 -0.0162724  
0.2875
-0.389109 -0.0204445  
0.290625
-0.394699 -0.024722  
0.29375
-0.400323 -0.0291057  
0.296875
-0.405982 -0.0335964  
0.3
-0.411675 -0.0381949  
0.303125
-0.417403 -0.042902  
0.30625
-0.423166 -0.0477184  
0.309375
-0.428963 -0.0526452  
0.3125
-0.434795 -0.057683  
0.315625
-0.440662 -0.0628327  
0.31875
-0.446564 -0.0680953  
0.321875
-0.4525 -0.0734715  
0.325
-0.458471 -0.0789623  
0.328125
-0.464477 -0.0845686  
0.33125
-0.470517 -0.0902913  
0.334375
-0.476592 -0.0961313  
0.3375
-0.482701 -0.102089  
0.340625
-0.488845 -0.108167  
0.34375
-0.495023 -0.114364  
0.346875
-0.501235 -0.120683  
0.35
-0.507481 -0.127124  
0.353125
-0.513761 -0.133688  
0.35625
-0.520075 -0.140376  
0.359375
-0.526423 -0.147189  
0.3625
-0.532803 -0.154128  
0.365625
-0.539217 -0.161195  
0.36875
-0.545664 -0.16839  
0.371875
-0.552144 -0.175714  
0.375
-0.558655 -0.183168  
0.378125
-0.565199 -0.190755  
0.38125
-0.571775 -0.198473  
0.384375
-0.578381 -0.206326  
0.3875
-0.585019 -0.214314  
0.390625
-0.591688 -0.222437  
0.39375
-0.598386 -0.230699  
0.396875
-0.605115 -0.239098  
0.4
-0.611872 -0.247637  
0.403125
-0.618658 -0.256317  
0.40625
-0.625473 -0.26514  
0.409375
-0.632315 -0.274105  
0.4125
-0.639184 -0.283216  
0.415625
-0.64608 -0.292472  
0.41875
-0.653002 -0.301876  
0.421875
-0.659948 -0.311428  
0.425
-0.666919 -0.32113  
0.428125
-0.673914 -0.330983  
0.43125
-0.680931 -0.340989  
0.434375
-0.687971 -0.351149  
0.4375
-0.695031 -0.361464  
0.440625
-0.702112 -0.371936  
0.44375
-0.709212 -0.382566  
0.446875
-0.716331 -0.393356  
0.45
-0.723467 -0.404306  
0.453125
-0.730619 -0.41542  
0.45625
-0.737786 -0.426697  
0.459375
-0.744967 -0.43814  
0.4625
-0.752161 -0.44975  
0.465625
-0.759367 -0.461529  
0.46875
-0.766582 -0.473478  
0.471875
-0.773807 -0.485599  
0.475
-0.781038 -0.497893  
0.478125
-0.788276 -0.510362  
0.48125
-0.795518 -0.523008  
0.484375
-0.802763 -0.535832  
0.4875
-0.81001 -0.548836  
0.490625
-0.817255 -0.562022  
0.49375
-0.824499 -0.575391  
0.496875
-0.831738 -0.588945  
0.5
-0.838972 -0.602685  
0.503125
-0.846197 -0.616615  
0.50625
-0.853413 -0.630734  
0.509375
-0.860617 -0.645046  
0.5125
-0.867806 -0.659552  
0.515625
-0.874979 -0.674254  
0.51875
-0.882133 -0.689153  
0.521875
-0.889266 -0.704251  
0.525
-0.896375 -0.719551  
0.528125
-0.903459 -0.735055  
0.53125
-0.910513 -0.750763  
0.534375
-0.917536 -0.766679  
0.5375
-0.924524 -0.782804  
0.540625
-0.931475 -0.79914  
0.54375
-0.938386 -0.815688  
0.546875
-0.945253 -0.832453  
0.55
-0.952074 -0.849434  
0.553125
-0.958844 -0.866634  
0.55625
-0.965562 -0.884056  
0.559375
-0.972222 -0.901701  
0.5625
-0.978822 -0.919571  
0.565625
-0.985358 -0.937669  
0.56875
-0.991826 -0.955997  
0.571875
-0.998222 -0.974557  
0.575
-1.00454 -0.99335  
0.578125
-1.01078 -1.01238  
0.58125
-1.01694 -1.03165  
0.584375
-1.023 -1.05116  
0.5875
-1.02897 -1.07091  
0.590625
-1.03485 -1.09091  
0.59375
-1.04062 -1.11115  
0.596875
-1.04628 -1.13165  
0.6
-1.05183 -1.15239  
0.603125
-1.05726 -1.1734  
0.60625
-1.06257 -1.19465  
0.609375
-1.06774 -1.21617  
0.6125
-1.07278 -1.23795  
0.615625
-1.07768 -1.25999  
0.61875
-1.08243 -1.2823  
0.621875
-1.08703 -1.30488  
0.625
-1.09147 -1.32773  
0.628125
-1.09574 -1.35085  
0.63125
-1.09984 -1.37425  
0.634375
-1.10375 -1.39793  
0.6375
-1.10748 -1.42189  
0.640625
-1.11102 -1.44613  
0.64375
-1.11435 -1.47065  
0.646875
-1.11747 -1.49547  
0.65
-1.12037 -1.52058  
0.653125
-1.12305 -1.54598  
0.65625
-1.12549 -1.57168  
0.659375
-1.12768 -1.59767  
0.6625
-1.12963 -1.62397  
0.665625
-1.13131 -1.65057  
0.66875
-1.13272 -1.67748  
0.671875
-1.13385 -1.70469  
0.675
-1.13469 -1.73222  
0.678125
-1.13523 -1.76006  
0.68125
-1.13546 -1.78822  
0.684375
-1.13536 -1.8167  
0.6875
-1.13494 -1.84549  
0.690625
-1.13417 -1.87462  
0.69375
-1.13305 -1.90407  
0.696875
-1.13156 -1.93384  
0.7
-1.12969 -1.96395  
0.703125
-1.12743 -1.9944  
0.70625
-1.12477 -2.02518  
0.709375
-1.12169 -2.0563  
0.7125
-1.11818 -2.08776  
0.715625
-1.11423 -2.11957  
0.71875
-1.10983 -2.15172  
0.721875
-1.10495 -2.18422  
0.725
-1.09959 -2.21708  
0.728125
-1.09372 -2.25028  
0.73125
-1.08734 -2.28385  
0.734375
-1.08043 -2.31777  
0.7375
-1.07298 -2.35205  
0.740625
-1.06496 -2.38669  
0.74375
-1.05636 -2.4217  
0.746875
-1.04716 -2.45708  
0.75
-1.03735 -2.49282  
0.753125
-1.02691 -2.52894  
0.75625
-1.01581 -2.56542  
0.759375
-1.00405 -2.60229  
0.7625
-0.991602 -2.63953  
0.765625
-0.978445 -2.67714  
0.76875
-0.964561 -2.71514  
0.771875
-0.94993 -2.75352  
0.775
-0.93453 -2.79229  
0.778125
-0.918342 -2.83143  
0.78125
-0.901343 -2.87096  
0.784375
-0.883511 -2.91088  
0.7875
-0.864823 -2.95119  
0.790625
-0.845258 -2.99189  
0.79375
-0.824791 -3.03298  
0.796875
-0.803399 -3.07445  
0.8
-0.781058 -3.11632  
0.803125
-0.757742 -3.15858  
0.80625
-0.733426 -3.20123  
0.809375
-0.708085 -3.24428  
0.8125
-0.681692 -3.28771  
0.815625
-0.654221 -3.33154  
0.81875
-0.625645 -3.37575  
0.821875
-0.595936 -3.42036  
0.825
-0.565065 -3.46536  
0.828125
-0.533005 -3.51074  
0.83125
-0.499725 -3.55652  
0.834375
-0.465198 -3.60267  
0.8375
-0.429391 -3.64922  
0.840625
-0.392276 -3.69614  
0.84375
-0.353821 -3.74344  
0.846875
-0.313994 -3.79112  
0.85
-0.272764 -3.83916  
0.853125
-0.230098 -3.88758  
0.85625
-0.185963 -3.93637  
0.859375
-0.140327 -3.98551  
0.8625
-0.0931551 -4.03501  
0.865625
-0.0444136 -4.08486  
0.86875
0.00593197 -4.13506  
0.871875
0.0579165 -4.1856  
0.875
0.111575 -4.23647  
0.878125
0.166944 -4.28766  
0.88125
0.224058 -4.33917  
0.884375
0.282954 -4.391  
0.8875
0.343669 -4.44312  
0.890625
0.406238 -4.49553  
0.89375
0.4707 -4.54823  
0.896875
0.537091 -4.60119  
0.9
0.605449 -4.65441  
0.903125
0.675811 -4.70788  
0.90625
0.748214 -4.76158  
0.909375
0.822696 -4.81549  
0.9125
0.899295 -4.86961  
0.915625
0.978048 -4.92391  
0.91875
1.05899 -4.97838  
0.921875
1.14217 -5.033  
0.925
1.2276 -5.08775  
0.928125
1.31535 -5.14261  
0.93125
1.40543 -5.19755  
0.934375
1.49788 -5.25256  
0.9375
1.59274 -5.3076  
0.940625
1.69005 -5.36266  
0.94375
1.78983 -5.41769  
0.946875
1.89213 -5.47269  
0.95
1.99697 -5.5276  
0.953125
2.10438 -5.5824  
0.95625
2.2144 -5.63706  
0.959375
2.32704 -5.69153  
0.9625
2.44235 -5.74578  
0.965625
2.56035 -5.79977  
0.96875
2.68105 -5.85344  
0.971875
2.80448 -5.90677  
0.975
2.93067 -5.95968  
0.978125
3.05962 -6.01215  
0.98125
3.19136 -6.0641  
0.984375
3.32589 -6.11549  
0.9875
3.46323 -6.16625  
0.990625
3.60339 -6.21632  
0.99375
3.74636 -6.26563  
0.996875
3.89215 -6.31411  
1
4.04075 -6.3617  
1.00313
4.19216 -6.4083  
1.00625
4.34636 -6.45385  
1.00938
4.50334 -6.49824  
1.0125
4.66308 -6.5414  
1.01563
4.82555 -6.58323  
1.01875
4.99072 -6.62364  
1.02188
5.15855 -6.6625  
1.025
5.329 -6.69973  
1.02813
5.50202 -6.7352  
1.03125
5.67756 -6.7688  
1.03438
5.85555 -6.8004  
1.0375
6.03592 -6.82987  
1.04063
6.2186 -6.85708  
1.04375
6.4035 -6.8819  
1.04688
6.59052 -6.90416  
1.05
6.77958 -6.92372  
1.05313
6.97055 -6.94043  
1.05625
7.16332 -6.95412  
1.05938
7.35776 -6.96462  
1.0625
7.55374 -6.97175  
1.06563
7.7511 -6.97534  
1.06875
7.94971 -6.9752  
1.07188
8.14938 -6.97114  
1.075
8.34995 -6.96296  
1.07813
8.55124 -6.95046  
1.08125
8.75305 -6.93345  
1.08438
8.95518 -6.9117  
1.0875
9.15742 -6.88501  
1.09063
9.35956 -6.85316  
1.09375
9.56137 -6.81594  
1.09688
9.76262 -6.77312  
1.1
9.96308 -6.7245  
1.10313
10.1625 -6.66985  
1.10625
10.3606 -6.60896  
1.10938
10.5572 -6.54161  
1.1125
10.752 -6.46761  
1.11563
10.9447 -6.38674  
1.11875
11.1352 -6.29881  
1.12188
11.3231 -6.20364  
1.125
11.5082 -6.10106  
1.12813
11.6903 -5.9909  
1.13125
11.8692 -5.87302  
1.13438
12.0445 -5.74728  
1.1375
12.2163 -5.61358  
1.14063
12.3841 -5.47181  
1.14375
12.5479 -5.32193  
1.14688
12.7075 -5.16386  
1.15
12.8628 -4.99761  
1.15313
13.0138 -4.82318  
1.15625
13.1602 -4.64059  
1.15938
13.3021 -4.44994  
1.1625
13.4394 -4.2513  
1.16563
13.5723 -4.04482  
1.16875
13.7006 -3.83067  
1.17188
13.8246 -3.60904  
1.175
13.9443 -3.38016  
1.17813
14.06 -3.14431  
1.18125
14.1717 -2.90178  
1.18438
14.2798 -2.6529  
1.1875
14.3846 -2.39803  
1.19063
14.4863 -2.13757  
1.19375
14.5853 -1.87192  
1.19688
14.6819 -1.60152  
1.2
14.7767 -1.32684  
1.20313
14.8699 -1.04833  
1.20625
14.9621 -0.766506  
1.20938
15.0538 -0.481847  
1.2125
15.1455 -0.194863  
1.21563
15.2376 0.093939  
1.21875
15.3308 0.384055  
1.22188
15.4255 0.674984  
1.225
15.5223 0.966234  
1.22813
15.6217 1.25733  
1.23125
15.7244 1.5478  
1.23438
15.8307 1.8372  
1.2375
15.9413 2.12511  
1.24063
16.0567 2.41113  
1.24375
16.1774 2.69489  
1.24688
16.3039 2.97604  
1.25
16.4366 3.25425  
1.25313
16.576 3.52925  
1.25625
16.7225 3.80078  
1.25938
16.8766 4.06861  
1.2625
17.0386 4.33255  
1.26563
17.209 4.59244  
1.26875
17.388 4.84813  
1.27188
17.5759 5.09954  
1.275
17.7732 5.34658  
1.27813
17.9801 5.58921  
1.28125
18.1968 5.82741  
1.28438
18.4237 6.06117  
1.2875
18.6608 6.29053  
1.29063
18.9085 6.51553  
1.29375
19.167 6.73623  
1.29688
19.4364 6.95272  
1.3
19.717 7.16511  
1.30313
20.0088 7.3735  
1.30625
20.3121 7.57802  
1.30938
20.627 7.7788  
1.3125
20.9536 7.97601  
1.31563
21.2921 8.16978  
1.31875
21.6427 8.36029  
1.32188
22.0054 8.54769  
1.325
22.3805 8.73217  
1.32813
22.7679 8.91389  
1.33125
23.168 9.09303  
1.33438
23.5808 9.26977  
1.3375
24.0064 9.44428  
1.34063
24.4451 9.61674  
1.34375
24.8969 9.78734  
1.34688
25.3621 9.95623  
1.35
25.8407 10.1236  
1.35313
26.3331 10.2896  
1.35625
26.8392 10.4544  
1.35938
27.3594 10.6182  
1.3625
27.8939 10.7811  
1.36563
28.4427 10.9433  
1.36875
29.0063 11.1049  
1.37188
29.5847 11.2661  
1.375
30.1782 11.427  
1.37813
30.7872 11.5878  
1.38125
31.4117 11.7486  
1.38438
32.0521 11.9094  
1.3875
32.7087 12.0705  
1.39063
33.3818 12.232  
1.39375
34.0717 12.3939  
1.39688
34.7786 12.5565  
1.4
35.503 12.7197  
1.40313
36.2451 12.8837  
1.40625
37.0053 13.0486  
1.40938
37.7841 13.2145  
1.4125
38.5816 13.3814  
1.41563
39.3985 13.5495  
1.41875
40.235 13.7189  
1.42188
41.0915 13.8896  
1.425
41.9686 14.0618  
1.42813
42.8667 14.2354  
1.43125
43.7862 14.4105  
1.43438
44.7276 14.5873  
1.4375
45.6914 14.7658  
1.44063
46.6781 14.9461  
1.44375
47.6882 15.1282  
1.44688
48.7223 15.3121  
1.45
49.7809 15.4981  
1.45313
50.8645 15.686  
1.45625
51.9739 15.876  
1.45938
53.1095 16.0681  
1.4625
54.2721 16.2624  
1.46563
55.4621 16.4589  
1.46875
56.6804 16.6576  
1.47188
57.9275 16.8587  
1.475
59.2041 17.0622  
1.47813
60.511 17.268  
1.48125
61.8489 17.4764  
1.48438
63.2185 17.6872  
1.4875
64.6206 17.9006  
1.49063
66.056 18.1167  
1.49375
67.5255 18.3353  
1.49688
69.0299 18.5567  
1.5
70.57 18.7807  
1.50313
72.1469 19.0076  
1.50625
73.7612 19.2373  
1.50938
75.414 19.4698  
1.5125
77.1063 19.7052  
1.51563
78.8388 19.9436  
1.51875
80.6128 20.185  
1.52188
82.4291 20.4294  
1.525
84.2888 20.6769  
1.52813
86.193 20.9275  
1.53125
88.1428 21.1813  
1.53438
90.1393 21.4383  
1.5375
92.1837 21.6985  
1.54063
94.2771 21.9621  
1.54375
96.4207 22.2289  
1.54688
98.6158 22.4992  
1.55
100.864 22.7729  
1.55313
103.166 23.05  
1.55625
105.523 23.3307  
1.55938
107.937 23.615  
1.5625
110.41 23.9028  
1.56563
112.942 24.1943  
1.56875
115.535 24.4895  
1.57188
118.191 24.7885  
1.575
120.911 25.0913  
1.57813
123.696 25.3979  
1.58125
126.55 25.7085  
1.58438
129.472 26.023  
1.5875
132.465 26.3415  
1.59063
135.531 26.664  
1.59375
138.671 26.9907  
1.59688
141.887 27.3215  
1.6
145.182 27.6565  
1.60313
148.556 27.9958  
1.60625
152.013 28.3394  
1.60938
155.554 28.6874  
1.6125
159.181 29.0398  
1.61563
162.897 29.3967  
1.61875
166.703 29.7582  
1.62188
170.602 30.1243  
1.625
174.596 30.495  
1.62813
178.688 30.8704  
1.63125
182.879 31.2507  
1.63438
187.174 31.6357  
1.6375
191.573 32.0257  
1.64063
196.08 32.4206  
1.64375
200.698 32.8206  
1.64688
205.428 33.2257  
1.65
210.275 33.6359  
1.65313
215.24 34.0514  
1.65625
220.328 34.4721  
1.65938
225.54 34.8982  
1.6625
230.881 35.3298  
1.66563
236.352 35.7668  
1.66875
241.959 36.2094  
1.67188
247.703 36.6576  
1.675
253.589 37.1116  
1.67813
259.62 37.5713  
1.68125
265.799 38.0369  
1.68438
272.131 38.5084  
1.6875
278.619 38.986  
1.69063
285.267 39.4696  
1.69375
292.079 39.9593  
1.69688
299.06 40.4553  
1.7
306.213 40.9577  
1.70313
313.542 41.4664  
1.70625
321.054 41.9816  
1.70938
328.75 42.5034  
1.7125
336.638 43.0318  
1.71563
344.721 43.5669  
1.71875
353.004 44.1089  
1.72188
361.492 44.6578  
1.725
370.191 45.2136  
1.72813
379.106 45.7766  
1.73125
388.242 46.3467  
1.73438
397.605 46.9241  
1.7375
407.2 47.5088  
1.74063
417.034 48.101  
1.74375
427.112 48.7007  
1.74688
437.44 49.3081  
1.75
448.026 49.9232  
1.75313
458.875 50.5461  
1.75625
469.994 51.177  
1.75938
481.39 51.8159  
1.7625
493.069 52.4629  
1.76563
505.04 53.1182  
1.76875
517.309 53.7819  
1.77188
529.884 54.454  
1.775
542.773 55.1346  
1.77813
555.983 55.824  
1.78125
569.523 56.5221  
1.78438
583.401 57.2291  
1.7875
597.626 57.9451  
1.79063
612.206 58.6702  
1.79375
627.15 59.4046  
1.79688
642.468 60.1483  
1.8
658.169 60.9015  
1.80313
674.263 61.6643  
1.80625
690.759 62.4368  
1.80938
707.669 63.2191  
1.8125
725.002 64.0115  
1.81563
742.768 64.8139  
1.81875
760.98 65.6265  
1.82188
779.648 66.4495  
1.825
798.785 67.283  
1.82813
818.401 68.1271  
1.83125
838.508 68.9819  
1.83438
859.121 69.8476  
1.8375
880.25 70.7244  
1.84063
901.91 71.6123  
1.84375
924.114 72.5115  
1.84688
946.875 73.4222  
1.85
970.208 74.3445  
1.85313
994.127 75.2786  
1.85625
1018.65 76.2245  
1.85938
1043.78 77.1825  
1.8625
1069.55 78.1527  
1.86563
1095.97 79.1353  
1.86875
1123.05 80.1304  
1.87188
1150.81 81.1381  
1.875
1179.27 82.1587  
1.87813
1208.45 83.1923  
1.88125
1238.36 84.2391  
1.88438
1269.03 85.2992  
1.8875
1300.47 86.3728  
1.89063
1332.7 87.46  
1.89375
1365.74 88.5612  
1.89688
1399.62 89.6763  
1.9
1434.34 90.8057  
1.90313
1469.95 91.9494  
1.90625
1506.45 93.1078  
1.90938
1543.88 94.2808  
1.9125
1582.24 95.4688  
1.91563
1621.58 96.672  
1.91875
1661.91 97.8905  
1.92188
1703.26 99.1245  
1.925
1745.65 100.374  
1.92813
1789.11 101.64  
1.93125
1833.67 102.922  
1.93438
1879.36 104.22  
1.9375
1926.2 105.534  
1.94063
1974.22 106.866  
1.94375
2023.46 108.214  
1.94688
2073.94 109.58  
1.95
2125.7 110.963  
1.95313
2178.77 112.363  
1.95625
2233.18 113.781  
1.95938
2288.97 115.218  
1.9625
2346.17 116.673  
1.96563
2404.82 118.146  
1.96875
2464.95 119.638  
1.97188
2526.6 121.149  
1.975
2589.82 122.679  
1.97813
2654.63 124.229  
1.98125
2721.09 125.799  
1.98438
2789.23 127.388  
1.9875
2859.1 128.998  
1.99063
2930.74 130.628  
1.99375
3004.19 132.279  
1.99688
3079.51 133.951  
