0 0 0  
0.00625 -0.00632889 0.00601244  
0.0125 -0.0127372 0.0117839  
0.01875 -0.0192257 0.0173111  
0.025 -0.0257949 0.0225906  
0.03125 -0.0324457 0.0276191  
0.0375 -0.0391789 0.0323933  
0.04375 -0.0459953 0.03691  
0.05 -0.0528959 0.0411658  
0.05625 -0.0598817 0.0451575  
0.0625 -0.0669537 0.0488818  
0.06875 -0.074113 0.0523354  
0.075 -0.0813607 0.0555152  
0.08125 -0.0886981 0.0584176  
0.0875 -0.0961264 0.0610396  
0.09375 -0.103647 0.0633778  
0.1 -0.111261 0.0654287  
0.10625 -0.11897 0.0671891  
0.1125 -0.126775 0.0686556  
0.11875 -0.134678 0.0698247  
0.125 -0.14268 0.070693  
0.13125 -0.150783 0.0712568  
0.1375 -0.158989 0.0715128  
0.14375 -0.167298 0.0714572  
0.15 -0.175713 0.0710864  
0.15625 -0.184235 0.0703966  
0.1625 -0.192866 0.0693841  
0.16875 -0.201607 0.0680449  
0.175 -0.21046 0.0663751  
0.18125 -0.219427 0.0643707  
0.1875 -0.228509 0.0620275  
0.19375 -0.237709 0.0593415  
0.2 -0.247027 0.0563081  
0.20625 -0.256465 0.0529232  
0.2125 -0.266025 0.0491821  
0.21875 -0.275709 0.0450804  
0.225 -0.285517 0.0406131  
0.23125 -0.295453 0.0357757  
0.2375 -0.305516 0.030563  
0.24375 -0.315708 0.02497  
0.25 -0.326031 0.0189916  
0.25625 -0.336486 0.0126224  
0.2625 -0.347075 0.00585687  
0.26875 -0.357797 -0.00131053  
0.275 -0.368655 -0.00888558  
0.28125 -0.379649 -0.0168742  
0.2875 -0.390779 -0.0252824  
0.29375 -0.402048 -0.0341165  
0.3 -0.413454 -0.0433827  
0.30625 -0.424999 -0.0530878  
0.3125 -0.436682 -0.0632384  
0.31875 -0.448505 -0.0738414  
0.325 -0.460465 -0.0849039  
0.33125 -0.472564 -0.0964332  
0.3375 -0.484801 -0.108437  
0.34375 -0.497174 -0.120922  
0.35 -0.509683 -0.133897  
0.35625 -0.522327 -0.14737  
0.3625 -0.535103 -0.161349  
0.36875 -0.548009 -0.175843  
0.375 -0.561045 -0.19086  
0.38125 -0.574206 -0.206409  
0.3875 -0.58749 -0.222499  
0.39375 -0.600894 -0.23914  
0.4 -0.614414 -0.256341  
0.40625 -0.628045 -0.274113  
0.4125 -0.641782 -0.292464  
0.41875 -0.655621 -0.311406  
0.425 -0.669556 -0.330949  
0.43125 -0.683581 -0.351104  
0.4375 -0.697687 -0.371881  
0.44375 -0.711869 -0.393293  
0.45 -0.726117 -0.415351  
0.45625 -0.740423 -0.438066  
0.4625 -0.754777 -0.461451  
0.46875 -0.769168 -0.485518  
0.475 -0.783586 -0.51028  
0.48125 -0.798017 -0.535749  
0.4875 -0.812449 -0.56194  
0.49375 -0.826868 -0.588865  
0.5 -0.841258 -0.616538  
0.50625 -0.855603 -0.644973  
0.5125 -0.869885 -0.674184  
0.51875 -0.884087 -0.704187  
0.525 -0.898188 -0.734995  
0.53125 -0.912167 -0.766624  
0.5375 -0.926001 -0.79909  
0.54375 -0.939666 -0.832409  
0.55 -0.953137 -0.866595  
0.55625 -0.966386 -0.901666  
0.5625 -0.979383 -0.937637  
0.56875 -0.992099 -0.974527  
0.575 -1.0045 -1.01235  
0.58125 -1.01655 -1.05113  
0.5875 -1.02822 -1.09087  
0.59375 -1.03946 -1.13161  
0.6 -1.05023 -1.17334  
0.60625 -1.06049 -1.21611  
0.6125 -1.0702 -1.25991  
0.61875 -1.0793 -1.30477  
0.625 -1.08774 -1.35072  
0.63125 -1.09548 -1.39776  
0.6375 -1.10244 -1.44592  
0.64375 -1.10857 -1.49521  
0.65 -1.11382 -1.54566  
0.65625 -1.1181 -1.59728  
0.6625 -1.12135 -1.6501  
0.66875 -1.12349 -1.70413  
0.675 -1.12445 -1.7594  
0.68125 -1.12414 -1.81591  
0.6875 -1.12248 -1.8737  
0.69375 -1.11937 -1.93277  
0.7 -1.11473 -1.99315  
0.70625 -1.10844 -2.05486  
0.7125 -1.10041 -2.11791  
0.71875 -1.09053 -2.18232  
0.725 -1.07868 -2.24811  
0.73125 -1.06473 -2.31529  
0.7375 -1.04857 -2.38388  
0.74375 -1.03006 -2.45389  
0.75 -1.00907 -2.52534  
0.75625 -0.985442 -2.59823  
0.7625 -0.959038 -2.67259  
0.76875 -0.929698 -2.74842  
0.775 -0.89726 -2.82572  
0.78125 -0.861553 -2.9045  
0.7875 -0.822403 -2.98477  
0.79375 -0.779626 -3.06653  
0.8 -0.733032 -3.14978  
0.80625 -0.682424 -3.2345  
0.8125 -0.6276 -3.32071  
0.81875 -0.568348 -3.40838  
0.825 -0.504451 -3.4975  
0.83125 -0.435683 -3.58805  
0.8375 -0.361816 -3.68001  
0.84375 -0.28261 -3.77334  
0.85 -0.197823 -3.86802  
0.85625 -0.107205 -3.964  
0.8625 -0.0105014 -4.06123  
0.86875 0.0925473 -4.15965  
0.875 0.202205 -4.2592  
0.88125 0.318738 -4.35979  
0.8875 0.442416 -4.46135  
0.89375 0.573509 -4.56377  
0.9 0.71229 -4.66693  
0.90625 0.859026 -4.77072  
0.9125 1.01398 -4.87498  
0.91875 1.17743 -4.97955  
0.925 1.34961 -5.08425  
0.93125 1.53077 -5.18887  
0.9375 1.72115 -5.29319  
0.94375 1.92095 -5.39695  
0.95 2.13038 -5.49986  
0.95625 2.34962 -5.60162  
0.9625 2.5788 -5.70186  
0.96875 2.81804 -5.8002  
0.975 3.06741 -5.8962  
0.98125 3.32695 -5.98939  
0.9875 3.59665 -6.07925  
0.99375 3.87641 -6.1652  
1 4.16611 -6.24659  
1.00625 4.46554 -6.32274  
1.0125 4.7744 -6.39288  
1.01875 5.09232 -6.45619  
1.025 5.41882 -6.51175  
1.03125 5.75333 -6.55859  
1.0375 6.09516 -6.59567  
1.04375 6.44351 -6.62184  
1.05 6.79745 -6.63591  
1.05625 7.15593 -6.63658  
1.0625 7.51776 -6.62253  
1.06875 7.88165 -6.59234  
1.075 8.24617 -6.54455  
1.08125 8.6098 -6.47769  
1.0875 8.9709 -6.39025  
1.09375 9.3278 -6.28075  
1.1 9.67875 -6.14777  
1.10625 10.022 -5.98994  
1.1125 10.3559 -5.80603  
1.11875 10.6788 -5.59497  
1.125 10.9892 -5.35591  
1.13125 11.2858 -5.08826  
1.1375 11.5677 -4.79173  
1.14375 11.834 -4.46638  
1.15 12.0846 -4.11267  
1.15625 12.3193 -3.73147  
1.1625 12.5389 -3.32407  
1.16875 12.7442 -2.89219  
1.175 12.9368 -2.43796  
1.18125 13.1186 -1.96387  
1.1875 13.2921 -1.47272  
1.19375 13.46 -0.967573  
1.2 13.6253 -0.451649  
1.20625 13.7915 0.0717491  
1.2125 13.962 0.599329  
1.21875 14.1404 1.12789  
1.225 14.3304 1.65443  
1.23125 14.5355 2.17616  
1.2375 14.759 2.69063  
1.24375 15.0041 3.1957  
1.25 15.2738 3.68964  
1.25625 15.571 4.17106  
1.2625 15.8979 4.63898  
1.26875 16.257 5.09277  
1.275 16.6502 5.53212  
1.28125 17.0792 5.95705  
1.2875 17.5457 6.36783  
1.29375 18.0511 6.76497  
1.3 18.5968 7.14916  
1.30625 19.1839 7.52125  
1.3125 19.8136 7.8822  
1.31875 20.4871 8.23307  
1.325 21.2055 8.57496  
1.33125 21.9699 8.90902  
1.3375 22.7816 9.23638  
1.34375 23.6419 9.55821  
1.35 24.5521 9.87561  
1.35625 25.5137 10.1897  
1.3625 26.5283 10.5015  
1.36875 27.5977 10.812  
1.375 28.7236 11.1223  
1.38125 29.9082 11.4331  
1.3875 31.1536 11.7454  
1.39375 32.4621 12.06  
1.4 33.8363 12.3775  
1.40625 35.2789 12.6989  
1.4125 36.7929 13.0246  
1.41875 38.3812 13.3554  
1.425 40.0471 13.6917  
1.43125 41.7943 14.0343  
1.4375 43.6264 14.3835  
1.44375 45.5474 14.7399  
1.45 47.5615 15.1039  
1.45625 49.6731 15.476  
1.4625 51.8868 15.8565  
1.46875 54.2078 16.246  
1.475 56.6411 16.6447  
1.48125 59.1923 17.0531  
1.4875 61.8672 17.4716  
1.49375 64.672 17.9004  
1.5 67.6131 18.3399  
1.50625 70.6974 18.7905  
1.5125 73.9319 19.2526  
1.51875 77.3243 19.7264  
1.525 80.8824 20.2124  
1.53125 84.6147 20.7108  
1.5375 88.53 21.2221  
1.54375 92.6374 21.7465  
1.55 96.9467 22.2845  
1.55625 101.468 22.8365  
1.5625 106.213 23.4027  
1.56875 111.191 23.9835  
1.575 116.416 24.5794  
1.58125 121.9 25.1908  
1.5875 127.655 25.8181  
1.59375 133.697 26.4616  
1.6 140.038 27.1218  
1.60625 146.696 27.7992  
1.6125 153.685 28.4942  
1.61875 161.023 29.2072  
1.625 168.728 29.9387  
1.63125 176.819 30.6892  
1.6375 185.314 31.4592  
1.64375 194.236 32.2492  
1.65 203.606 33.0598  
1.65625 213.447 33.8914  
1.6625 223.782 34.7446  
1.66875 234.639 35.6199  
1.675 246.043 36.518  
1.68125 258.023 37.4394  
1.6875 270.608 38.3848  
1.69375 283.829 39.3547  
1.7 297.72 40.3498  
1.70625 312.315 41.3707  
1.7125 327.65 42.4182  
1.71875 343.764 43.4929  
1.725 360.696 44.5955  
1.73125 378.489 45.7267  
1.7375 397.188 46.8874  
1.74375 416.839 48.0782  
1.75 437.492 49.2999  
1.75625 459.198 50.5533  
1.7625 482.013 51.8393  
1.76875 505.993 53.1587  
1.775 531.2 54.5124  
1.78125 557.695 55.9013  
1.7875 585.548 57.3262  
1.79375 614.827 58.7882  
1.8 645.608 60.2881  
1.80625 677.967 61.827  
1.8125 711.988 63.4059  
1.81875 747.756 65.0258  
1.825 785.362 66.6877  
1.83125 824.902 68.3929  
1.8375 866.476 70.1423  
1.84375 910.191 71.9372  
1.85 956.157 73.7787  
1.85625 1004.49 75.6681  
1.8625 1055.32 77.6065  
1.86875 1108.77 79.5953  
1.875 1164.98 81.6357  
1.88125 1224.09 83.7292  
1.8875 1286.25 85.8771  
1.89375 1351.63 88.0807  
1.9 1420.39 90.3416  
1.90625 1492.71 92.6612  
1.9125 1568.76 95.0411  
1.91875 1648.76 97.4828  
1.925 1732.9 99.9879  
1.93125 1821.4 102.558  
1.9375 1914.49 105.195  
1.94375 2012.4 107.901  
1.95 2115.4 110.676  
1.95625 2223.74 113.524  
1.9625 2337.7 116.446  
1.96875 2457.58 119.444  
1.975 2583.69 122.52  
1.98125 2716.35 125.675  
1.9875 2855.91 128.913  
1.99375 3002.72 132.234  
