0 0 0  
0.025 -0.0256309 0.0230889  
0.05 -0.052552 0.0422137  
0.075 -0.0808174 0.0571651  
0.1 -0.110495 0.0677357  
0.125 -0.141666 0.0737162  
0.15 -0.174422 0.0748902  
0.175 -0.208862 0.0710308  
0.2 -0.245091 0.061895  
0.225 -0.283214 0.04722  
0.25 -0.323334 0.0267182  
0.275 -0.36554 7.27482e-05  
0.3 -0.409908 -0.0330674  
0.325 -0.456486 -0.0730918  
0.35 -0.505286 -0.120433  
0.375 -0.556266 -0.175572  
0.4 -0.609322 -0.239042  
0.425 -0.664259 -0.311434  
0.45 -0.720774 -0.393399  
0.475 -0.778422 -0.485656  
0.5 -0.836581 -0.588995  
0.525 -0.894411 -0.704279  
0.55 -0.950797 -0.832448  
0.575 -1.00429 -0.974523  
0.6 -1.05304 -1.1316  
0.625 -1.09469 -1.30487  
0.65 -1.12627 -1.49558  
0.675 -1.14411 -1.70504  
0.7 -1.14364 -1.93464  
0.725 -1.11927 -2.18575  
0.75 -1.06419 -2.45975  
0.775 -0.970156 -2.75794  
0.8 -0.827292 -3.08145  
0.825 -0.623864 -3.43111  
0.85 -0.34609 -3.80724  
0.875 0.0219766 -4.20935  
0.9 0.498433 -4.63572  
0.925 1.10325 -5.08267  
0.95 1.85758 -5.54356  
0.975 2.78228 -6.00724  
1 3.89533 -6.45573  
1.025 5.20747 -6.86086  
1.05 6.71543 -7.17956  
1.075 8.39248 -7.34814  
1.1 10.1773 -7.27703  
1.125 11.9665 -6.8509  
1.15 13.6214 -5.94416  
1.175 15.0082 -4.46391  
1.2 16.074 -2.41798  
1.225 16.923 0.0340128  
1.25 17.8187 2.61108  
1.275 19.0873 5.02831  
1.3 20.9965 7.11756  
1.325 23.7024 8.86667  
1.35 27.2815 10.3685  
1.375 31.7988 11.7411  
1.4 37.3549 13.0814  
1.425 44.1017 14.4589  
1.45 52.2458 15.9243  
1.475 62.0544 17.5156  
1.5 73.8643 19.2612  
1.525 88.0926 21.1847  
1.55 105.25 23.308  
1.575 125.96 25.6539  
1.6 150.983 28.2467  
1.625 181.244 31.1122  
1.65 217.872 34.2787  
1.675 262.242 37.7779  
1.7 316.03 41.6448  
1.725 381.277 45.9179  
1.75 460.474 50.6381  
1.775 556.666 55.8452  
1.8 673.591 61.5536  
1.825 815.988 67.5858  
1.85 991.186 72.1044  
1.875 1226.95 53.3805  
1.9 2040.23 -504.115  
1.925 2.00964e+06 -2.00657e+06  
1.95 4.98855e+20 -4.98855e+20  
1.975 1.90568e+78 -1.90568e+78  
2 inf -inf  
2.025 -nan(ind) -nan(ind)  
