0 0 0  
0.05 -0.0525518 0.0422138  
0.1 -0.110495 0.0677362  
0.15 -0.174421 0.0748912  
0.2 -0.245088 0.06189  
0.25 -0.323328 0.0267063  
0.3 -0.409899 -0.0330875  
0.35 -0.50527 -0.120463  
0.4 -0.609296 -0.239085  
0.45 -0.720733 -0.393459  
0.5 -0.836517 -0.589079  
0.55 -0.950697 -0.832563  
0.6 -1.05289 -1.13176  
0.65 -1.12603 -1.4958  
0.7 -1.14326 -1.93494  
0.75 -1.0636 -2.46015  
0.8 -0.826383 -3.08197  
0.85 -0.344677 -3.80787  
0.9 0.500631 -4.63639  
0.95 1.86103 -5.54399  
1 3.90083 -6.45521  
1.05 6.72448 -7.17646  
1.1 10.1921 -7.26815  
1.15 13.641 -5.92775  
1.2 16.108 -2.43881  
1.25 17.8971 2.4836  
1.3 20.8177 7.32593  
1.35 26.8354 10.9227  
1.4 37.346 13.085  
1.45 53.1774 14.8062  
1.5 75.3159 17.6054  
1.55 106.171 22.3511  
1.6 149.951 29.5374  
1.65 209.94 43.3589  
1.7 314.277 51.1105  
1.75 474.761 47.1369  
1.8 1073.46 -334.653  
1.85 2.9595e+06 -2.95636e+06  
1.9 1.88051e+22 -1.88051e+22  
1.95 3.07856e+85 -3.07856e+85  
2 inf -inf  
