0
0 0  
0.0125
-0.0126569 0.0120267  
0.025
-0.0256309 0.0230889  
0.0375
-0.0389271 0.03316  
0.05
-0.052552 0.0422137  
0.0625
-0.0665127 0.050224  
0.075
-0.0808174 0.0571651  
0.0875
-0.095475 0.0630111  
0.1
-0.110495 0.0677359  
0.1125
-0.125889 0.0713132  
0.125
-0.141666 0.0737164  
0.1375
-0.15784 0.0749182  
0.15
-0.174422 0.0748906  
0.1625
-0.191425 0.0736049  
0.175
-0.208862 0.0710313  
0.1875
-0.226747 0.0671389  
0.2
-0.245091 0.0618957  
0.2125
-0.26391 0.055268  
0.225
-0.283215 0.0472208  
0.2375
-0.303019 0.0377175  
0.25
-0.323334 0.0267192  
0.2625
-0.344171 0.0141856  
0.275
-0.365541 7.38963e-05  
0.2875
-0.387451 -0.0156609  
0.3
-0.409909 -0.0330661  
0.3125
-0.43292 -0.0521917  
0.325
-0.456488 -0.0730903  
0.3375
-0.480611 -0.0958174  
0.35
-0.505287 -0.120431  
0.3625
-0.53051 -0.146994  
0.375
-0.556268 -0.17557  
0.3875
-0.582546 -0.206228  
0.4
-0.609324 -0.23904  
0.4125
-0.636574 -0.274081  
0.425
-0.664262 -0.311431  
0.4375
-0.692347 -0.351174  
0.45
-0.720778 -0.393397  
0.4625
-0.749495 -0.438191  
0.475
-0.778427 -0.485654  
0.4875
-0.80749 -0.535886  
0.5
-0.836587 -0.588993  
0.5125
-0.865606 -0.645084  
0.525
-0.894418 -0.704276  
0.5375
-0.922874 -0.766688  
0.55
-0.950806 -0.832445  
0.5625
-0.978022 -0.901677  
0.575
-1.0043 -0.97452  
0.5875
-1.02941 -1.05111  
0.6
-1.05306 -1.1316  
0.6125
-1.07494 -1.21614  
0.625
-1.09471 -1.30487  
0.6375
-1.11197 -1.39796  
0.65
-1.12629 -1.49558  
0.6625
-1.13719 -1.59788  
0.675
-1.14413 -1.70504  
0.6875
-1.14651 -1.81724  
0.7
-1.14367 -1.93464  
0.7125
-1.13487 -2.05742  
0.725
-1.1193 -2.18575  
0.7375
-1.09608 -2.31981  
0.75
-1.06423 -2.45975  
0.7625
-1.02266 -2.60575  
0.775
-0.970201 -2.75795  
0.7875
-0.905564 -2.91648  
0.8
-0.827344 -3.08147  
0.8125
-0.734015 -3.253  
0.825
-0.623921 -3.43113  
0.8375
-0.495275 -3.6159  
0.85
-0.346152 -3.80727  
0.8625
-0.174488 -4.00517  
0.875
0.0219135 -4.20941  
0.8875
0.245384 -4.41975  
0.9
0.498374 -4.63581  
0.9125
0.783438 -4.85706  
0.925
1.10321 -5.0828  
0.9375
1.46036 -5.3121  
0.95
1.85757 -5.54375  
0.9625
2.29741 -5.77621  
0.975
2.78232 -6.00752  
0.9875
3.31444 -6.23519  
1
3.89546 -6.45614  
1.0125
4.52648 -6.66648  
1.025
5.20774 -6.86144  
1.0375
5.93833 -7.03514  
1.05
6.71592 -7.18039  
1.0625
7.53635 -7.28854  
1.075
8.39329 -7.34927  
1.0875
9.2779 -7.35051  
1.1
10.1786 -7.27847  
1.1125
11.081 -7.11784  
1.125
11.9683 -6.85249  
1.1375
12.8221 -6.4664  
1.15
13.6238 -5.94536  
1.1625
14.3572 -5.27906  
1.175
15.0108 -4.46363  
1.1875
15.5814 -3.50394  
1.2
16.0762 -2.41532  
1.2125
16.5143 -1.22354  
1.225
16.9259 0.037042  
1.2375
17.3492 1.32732  
1.25
17.8263 2.60843  
1.2625
18.3984 3.84664  
1.275
19.1019 5.01694  
1.2875
19.9662 6.10465  
1.3
21.0131 7.10505  
1.3125
22.2584 8.02161  
1.325
23.7131 8.86362  
1.3375
25.3861 9.64372  
1.35
27.2855 10.376  
1.3625
29.4204 11.0744  
1.375
31.8018 11.752  
1.3875
34.4433 12.4205  
1.4
37.3618 13.0899  
1.4125
40.5773 13.7687  
1.425
44.1136 14.4642  
1.4375
47.9981 15.1823  
1.45
52.2621 15.9279  
1.4625
56.9412 16.7055  
1.475
62.075 17.5185  
1.4875
67.708 18.3703  
1.5
73.8894 19.2639  
1.5125
80.6741 20.2022  
1.525
88.1226 21.1878  
1.5375
96.3017 22.2234  
1.55
105.286 23.3119  
1.5625
115.156 24.4561  
1.575
126.002 25.6588  
1.5875
137.925 26.9231  
1.6
151.034 28.2523  
1.6125
165.449 29.6495  
1.625
181.305 31.1184  
1.6375
198.75 32.6626  
1.65
217.946 34.286  
1.6625
239.073 35.9926  
1.675
262.331 37.7867  
1.6875
287.938 39.6728  
1.7
316.136 41.6556  
1.7125
347.193 43.7401  
1.725
381.404 45.9314  
1.7375
419.095 48.2351  
1.75
460.626 50.6569  
1.7625
506.394 53.2029  
1.775
556.838 55.8794  
1.7875
612.443 58.6931  
1.8
673.745 61.6511  
1.8125
741.334 64.7607  
1.825
815.864 68.0298  
1.8375
898.057 71.4665  
1.85
988.708 75.0793  
1.8625
1088.7 78.8775  
1.875
1199 82.8703  
1.8875
1320.69 87.0678  
1.9
1454.95 91.4805  
1.9125
1603.09 96.1194  
1.925
1766.56 100.996  
1.9375
1946.96 106.122  
1.95
2146.06 111.509  
1.9625
2365.82 117.168  
1.975
2608.4 123.093  
1.9875
2876.28 129.211  
2
3172.59 135.022  
2.0125
3503.67 137.031  
