0
0 0  
0.00625
-0.00628915 0.00613224  
0.0125
-0.0126569 0.0120267  
0.01875
-0.019104 0.01768  
0.025
-0.0256309 0.0230889  
0.03125
-0.0322384 0.0282499  
0.0375
-0.0389271 0.0331599  
0.04375
-0.0456981 0.0378156  
0.05
-0.052552 0.0422136  
0.05625
-0.0594899 0.0463508  
0.0625
-0.0665127 0.0502239  
0.06875
-0.0736216 0.0538297  
0.075
-0.0808174 0.057165  
0.08125
-0.0881015 0.0602265  
0.0875
-0.095475 0.063011  
0.09375
-0.102939 0.0655151  
0.1
-0.110495 0.0677358  
0.10625
-0.118145 0.0696695  
0.1125
-0.125889 0.0713131  
0.11875
-0.133729 0.0726632  
0.125
-0.141666 0.0737163  
0.13125
-0.149703 0.0744691  
0.1375
-0.15784 0.0749181  
0.14375
-0.166079 0.0750598  
0.15
-0.174422 0.0748906  
0.15625
-0.18287 0.0744068  
0.1625
-0.191425 0.0736048  
0.16875
-0.200089 0.0724809  
0.175
-0.208862 0.0710312  
0.18125
-0.217748 0.0692518  
0.1875
-0.226747 0.0671388  
0.19375
-0.235861 0.0646881  
0.2
-0.245092 0.0618956  
0.20625
-0.254441 0.0587569  
0.2125
-0.26391 0.0552679  
0.21875
-0.273501 0.051424  
0.225
-0.283215 0.0472207  
0.23125
-0.293054 0.0426535  
0.2375
-0.303019 0.0377174  
0.24375
-0.313112 0.0324076  
0.25
-0.323334 0.0267191  
0.25625
-0.333687 0.0206469  
0.2625
-0.344171 0.0141855  
0.26875
-0.354789 0.00732967  
0.275
-0.365541 7.37942e-05  
0.28125
-0.376428 -0.00758781  
0.2875
-0.387451 -0.015661  
0.29375
-0.398611 -0.0241517  
0.3
-0.409909 -0.0330662  
0.30625
-0.421346 -0.0424107  
0.3125
-0.432921 -0.0521918  
0.31875
-0.444635 -0.0624161  
0.325
-0.456488 -0.0730904  
0.33125
-0.46848 -0.0842218  
0.3375
-0.480611 -0.0958175  
0.34375
-0.49288 -0.107885  
0.35
-0.505287 -0.120432  
0.35625
-0.517831 -0.133465  
0.3625
-0.53051 -0.146994  
0.36875
-0.543323 -0.161027  
0.375
-0.556268 -0.17557  
0.38125
-0.569344 -0.190635  
0.3875
-0.582547 -0.206229  
0.39375
-0.595875 -0.222361  
0.4
-0.609324 -0.23904  
0.40625
-0.622892 -0.256277  
0.4125
-0.636574 -0.274082  
0.41875
-0.650366 -0.292463  
0.425
-0.664263 -0.311432  
0.43125
-0.678258 -0.330998  
0.4375
-0.692347 -0.351174  
0.44375
-0.706523 -0.37197  
0.45
-0.720778 -0.393397  
0.45625
-0.735105 -0.415467  
0.4625
-0.749495 -0.438191  
0.46875
-0.763939 -0.461583  
0.475
-0.778427 -0.485654  
0.48125
-0.792948 -0.510418  
0.4875
-0.80749 -0.535886  
0.49375
-0.822041 -0.562074  
0.5
-0.836588 -0.588993  
0.50625
-0.851115 -0.616659  
0.5125
-0.865607 -0.645085  
0.51875
-0.880047 -0.674286  
0.525
-0.894418 -0.704277  
0.53125
-0.908701 -0.735072  
0.5375
-0.922875 -0.766689  
0.54375
-0.936918 -0.799141  
0.55
-0.950807 -0.832446  
0.55625
-0.964517 -0.866619  
0.5625
-0.978023 -0.901678  
0.56875
-0.991296 -0.937639  
0.575
-1.00431 -0.974521  
0.58125
-1.01702 -1.01234  
0.5875
-1.02941 -1.05111  
0.59375
-1.04143 -1.09086  
0.6
-1.05306 -1.1316  
0.60625
-1.06424 -1.17335  
0.6125
-1.07494 -1.21614  
0.61875
-1.08511 -1.25997  
0.625
-1.09471 -1.30487  
0.63125
-1.10368 -1.35086  
0.6375
-1.11197 -1.39796  
0.64375
-1.11953 -1.44619  
0.65
-1.12629 -1.49558  
0.65625
-1.13221 -1.54613  
0.6625
-1.1372 -1.59788  
0.66875
-1.1412 -1.65085  
0.675
-1.14413 -1.70505  
0.68125
-1.14593 -1.7605  
0.6875
-1.14651 -1.81724  
0.69375
-1.14579 -1.87528  
0.7
-1.14367 -1.93464  
0.70625
-1.14006 -1.99535  
0.7125
-1.13487 -2.05742  
0.71875
-1.12799 -2.12088  
0.725
-1.11931 -2.18575  
0.73125
-1.10871 -2.25205  
0.7375
-1.09609 -2.31981  
0.74375
-1.0813 -2.38904  
0.75
-1.06423 -2.45976  
0.75625
-1.04473 -2.53199  
0.7625
-1.02266 -2.60576  
0.76875
-0.997872 -2.68107  
0.775
-0.970203 -2.75795  
0.78125
-0.939492 -2.83642  
0.7875
-0.905566 -2.91649  
0.79375
-0.868246 -2.99817  
0.8
-0.827346 -3.08147  
0.80625
-0.782671 -3.16641  
0.8125
-0.734017 -3.253  
0.81875
-0.681174 -3.34124  
0.825
-0.623923 -3.43114  
0.83125
-0.562036 -3.52269  
0.8375
-0.495277 -3.61591  
0.84375
-0.4234 -3.71077  
0.85
-0.346153 -3.80728  
0.85625
-0.263273 -3.90542  
0.8625
-0.174489 -4.00517  
0.86875
-0.0795227 -4.10652  
0.875
0.0219136 -4.20942  
0.88125
0.130115 -4.31385  
0.8875
0.245385 -4.41976  
0.89375
0.368033 -4.52711  
0.9
0.498376 -4.63582  
0.90625
0.636737 -4.74584  
0.9125
0.783442 -4.85708  
0.91875
0.938823 -4.96944  
0.925
1.10322 -5.08282  
0.93125
1.27695 -5.19709  
0.9375
1.46037 -5.31212  
0.94375
1.65381 -5.42774  
0.95
1.85758 -5.54377  
0.95625
2.07202 -5.66001  
0.9625
2.29743 -5.77624  
0.96875
2.53411 -5.89218  
0.975
2.78234 -6.00755  
0.98125
3.04238 -6.12202  
0.9875
3.31446 -6.23523  
0.99375
3.59878 -6.34677  
1
3.8955 -6.45618  
1.00625
4.20473 -6.56295  
1.0125
4.52653 -6.66653  
1.01875
4.86091 -6.76628  
1.025
5.2078 -6.8615  
1.03125
5.56704 -6.95142  
1.0375
5.93841 -7.0352  
1.04375
6.32155 -7.11189  
1.05
6.71601 -7.18046  
1.05625
7.12122 -7.23978  
1.0625
7.53646 -7.28862  
1.06875
7.96087 -7.32563  
1.075
8.39342 -7.34936  
1.08125
8.83294 -7.35825  
1.0875
9.27806 -7.35061  
1.09375
9.72724 -7.32468  
1.1
10.1788 -7.27856  
1.10625
10.6308 -7.21032  
1.1125
11.0812 -7.11794  
1.11875
11.5279 -6.99936  
1.125
11.9685 -6.85256  
1.13125
12.4008 -6.67555  
1.1375
12.8223 -6.46644  
1.14375
13.2308 -6.22353  
1.15
13.624 -5.94535  
1.15625
14.0001 -5.63075  
1.1625
14.3574 -5.27899  
1.16875
14.6946 -4.8898  
1.175
15.011 -4.46348  
1.18125
15.3064 -4.00093  
1.1875
15.5815 -3.50373  
1.19375
15.8375 -2.97413  
1.2
16.0763 -2.41507  
1.20625
16.3008 -1.8301  
1.2125
16.5145 -1.22332  
1.21875
16.7213 -0.599287  
1.225
16.9261 0.0371489  
1.23125
17.1337 0.680989  
1.2375
17.3495 1.32725  
1.24375
17.5788 1.97114  
1.25
17.8268 2.60818  
1.25625
18.0986 3.23437  
1.2625
18.399 3.84627  
1.26875
18.7324 4.44105  
1.275
19.1026 5.01655  
1.28125
19.5131 5.57128  
1.2875
19.9668 6.10435  
1.29375
20.4663 6.61549  
1.3
21.0137 7.10492  
1.30625
21.6107 7.5733  
1.3125
22.2588 8.02167  
1.31875
22.9594 8.45134  
1.325
23.7135 8.86384  
1.33125
24.5222 9.26083  
1.3375
25.3864 9.64405  
1.34375
26.3073 10.0153  
1.35
27.2858 10.3764  
1.35625
28.3232 10.7289  
1.3625
29.4207 11.0748  
1.36875
30.5799 11.4154  
1.375
31.8022 11.7523  
1.38125
33.0895 12.087  
1.3875
34.4438 12.4208  
1.39375
35.8673 12.7548  
1.4
37.3624 13.0901  
1.40625
38.9317 13.4279  
1.4125
40.578 13.769  
1.41875
42.3045 14.1142  
1.425
44.1144 14.4644  
1.43125
46.0113 14.8203  
1.4375
47.999 15.1825  
1.44375
50.0815 15.5516  
1.45
52.2632 15.9281  
1.45625
54.5485 16.3126  
1.4625
56.9423 16.7056  
1.46875
59.4498 17.1075  
1.475
62.0762 17.5187  
1.48125
64.8274 17.9395  
1.4875
67.7093 18.3705  
1.49375
70.7282 18.8119  
1.5
73.8909 19.2641  
1.50625
77.2043 19.7275  
1.5125
80.6757 20.2024  
1.51875
84.313 20.6891  
1.525
88.1243 21.188  
1.53125
92.1182 21.6994  
1.5375
96.3036 22.2237  
1.54375
100.69 22.7611  
1.55
105.288 23.3122  
1.55625
110.107 23.8771  
1.5625
115.158 24.4563  
1.56875
120.453 25.0502  
1.575
126.005 25.6591  
1.58125
131.825 26.2833  
1.5875
137.928 26.9234  
1.59375
144.327 27.5797  
1.6
151.036 28.2526  
1.60625
158.073 28.9425  
1.6125
165.452 29.6498  
1.61875
173.192 30.3751  
1.625
181.309 31.1188  
1.63125
189.823 31.8812  
1.6375
198.754 32.663  
1.64375
208.122 33.4645  
1.65
217.95 34.2864  
1.65625
228.261 35.129  
1.6625
239.078 35.993  
1.66875
250.428 36.8789  
1.675
262.336 37.7871  
1.68125
274.832 38.7184  
1.6875
287.943 39.6733  
1.69375
301.703 40.6523  
1.7
316.142 41.6561  
1.70625
331.296 42.6853  
1.7125
347.2 43.7406  
1.71875
363.892 44.8225  
1.725
381.411 45.9319  
1.73125
399.801 47.0694  
1.7375
419.103 48.2356  
1.74375
439.365 49.4314  
1.75
460.634 50.6574  
1.75625
482.963 51.9145  
1.7625
506.403 53.2034  
1.76875
531.012 54.525  
1.775
556.848 55.88  
1.78125
583.974 57.2693  
1.7875
612.455 58.6937  
1.79375
642.358 60.1542  
1.8
673.757 61.6517  
1.80625
706.727 63.1872  
1.8125
741.348 64.7614  
1.81875
777.703 66.3756  
1.825
815.88 68.0305  
1.83125
855.971 69.7274  
1.8375
898.073 71.4673  
1.84375
942.29 73.2512  
1.85
988.727 75.0802  
1.85625
1037.5 76.9556  
1.8625
1088.72 78.8784  
1.86875
1142.52 80.8499  
1.875
1199.02 82.8713  
1.88125
1258.37 84.9439  
1.8875
1320.71 87.0689  
1.89375
1386.19 89.2478  
1.9
1454.97 91.4818  
1.90625
1527.22 93.7723  
1.9125
1603.12 96.1209  
1.91875
1682.84 98.5289  
1.925
1766.59 100.998  
1.93125
1854.57 103.529  
1.9375
1947 106.125  
1.94375
2044.09 108.786  
1.95
2146.1 111.515  
1.95625
2253.26 114.312  
1.9625
2365.85 117.181  
1.96875
2484.13 120.122  
1.975
2608.4 123.138  
1.98125
2738.97 126.23  
1.9875
2876.15 129.4  
1.99375
3020.28 132.65  
2
3171.72 135.983  
