0
0 0  
0.025
-0.0256309 0.0230889  
0.05
-0.052552 0.0422137  
0.075
-0.0808174 0.0571651  
0.1
-0.110495 0.0677359  
0.125
-0.141666 0.0737164  
0.15
-0.174422 0.0748907  
0.175
-0.208862 0.0710313  
0.2
-0.245091 0.0618957  
0.225
-0.283215 0.0472209  
0.25
-0.323334 0.0267193  
0.275
-0.365541 7.39836e-05  
0.3
-0.409909 -0.033066  
0.325
-0.456488 -0.0730902  
0.35
-0.505287 -0.120431  
0.375
-0.556268 -0.17557  
0.4
-0.609324 -0.23904  
0.425
-0.664262 -0.311431  
0.45
-0.720778 -0.393396  
0.475
-0.778427 -0.485654  
0.5
-0.836587 -0.588993  
0.525
-0.894418 -0.704276  
0.55
-0.950806 -0.832445  
0.575
-1.0043 -0.97452  
0.6
-1.05306 -1.1316  
0.625
-1.09471 -1.30487  
0.65
-1.12629 -1.49558  
0.675
-1.14413 -1.70505  
0.7
-1.14367 -1.93464  
0.725
-1.1193 -2.18575  
0.75
-1.06423 -2.45976  
0.775
-0.970199 -2.75795  
0.8
-0.827341 -3.08147  
0.825
-0.623915 -3.43114  
0.85
-0.346141 -3.80728  
0.875
0.021931 -4.20942  
0.9
0.498402 -4.63583  
0.925
1.10325 -5.08282  
0.95
1.85763 -5.54378  
0.975
2.78242 -6.00755  
1
3.89561 -6.45618  
1.025
5.20796 -6.8615  
1.05
6.71624 -7.18045  
1.075
8.39375 -7.34935  
1.1
10.1792 -7.27854  
1.125
11.9691 -6.85251  
1.15
13.6248 -5.94528  
1.175
15.0119 -4.46338  
1.2
16.0774 -2.41493  
1.225
16.9274 0.0373434  
1.25
17.8283 2.60841  
1.275
19.1045 5.01665  
1.3
21.0163 7.10467  
1.325
23.7169 8.86317  
1.35
27.2899 10.3754  
1.375
31.807 11.7513  
1.4
37.3679 13.0892  
1.425
44.1206 14.4636  
1.45
52.2703 15.9274  
1.475
62.0847 17.5178  
1.5
73.901 19.263  
1.525
88.1367 21.1862  
1.55
105.303 23.3093  
1.575
126.024 25.6546  
1.6
151.061 28.2456  
1.625
181.34 31.1081  
1.65
217.991 34.2699  
1.675
262.39 37.7616  
1.7
316.215 41.6157  
1.725
381.516 45.8657  
1.75
460.793 50.542  
1.775
557.118 55.658  
1.8
674.301 61.153  
1.825
817.324 66.6028  
1.85
994.466 69.2046  
1.875
1240.37 40.5669  
1.9
1670.79 -122.734  
1.925
71187.9 -69113.9  
1.95
1.03597e+49 -1.03597e+49  
1.975
inf -nan(ind)  
2
-nan(ind) -nan(ind)  
