0 0 0  
0.05 -0.0525518 0.0422138  
0.1 -0.110495 0.0677362  
0.15 -0.174421 0.0748912  
0.2 -0.24509 0.0618964  
0.25 -0.323332 0.0267202  
0.3 -0.409907 -0.033065  
0.35 -0.505284 -0.12043  
0.4 -0.60932 -0.239039  
0.45 -0.720773 -0.393396  
0.5 -0.83658 -0.588993  
0.55 -0.950798 -0.832447  
0.6 -1.05305 -1.13161  
0.65 -1.12628 -1.49559  
0.7 -1.14364 -1.93466  
0.75 -1.06418 -2.45978  
0.8 -0.827253 -3.08152  
0.85 -0.345958 -3.80735  
0.9 0.498788 -4.63594  
0.95 1.85845 -5.54395  
1 3.89729 -6.45644  
1.05 6.71966 -7.18079  
1.1 10.1859 -7.27889  
1.15 13.6368 -5.94565  
1.2 16.0956 -2.41564  
1.25 17.8514 2.60991  
1.3 21.0555 7.09873  
1.35 27.36 10.3493  
1.4 37.4624 13.0582  
1.45 52.3913 15.8985  
1.5 74.0714 19.2226  
1.55 105.575 23.2173  
1.6 151.573 27.975  
1.65 219.357 33.1952  
1.7 323.889 34.019  
1.75 595.742 -86.4384  
1.8 8.765e+06 -8.76191e+06  
1.85 1.49843e+87 -1.49843e+87  
1.9 -nan(ind) -nan(ind)  
1.95 -nan(ind) -nan(ind)  
