0 0 0  
0.025 -0.0256211 0.0231211  
0.05 -0.0525305 0.0422795  
0.075 -0.080782 0.0572667  
0.1 -0.110444 0.0678763  
0.125 -0.141596 0.0738995  
0.15 -0.174331 0.075121  
0.175 -0.208749 0.0713145  
0.2 -0.244953 0.062238  
0.225 -0.28305 0.0476294  
0.25 -0.323142 0.0272019  
0.275 -0.365322 0.000639253  
0.3 -0.409664 -0.0324091  
0.325 -0.45622 -0.0723321  
0.35 -0.505002 -0.119563  
0.375 -0.555972 -0.174581  
0.4 -0.60903 -0.237922  
0.425 -0.663985 -0.310176  
0.45 -0.72054 -0.391998  
0.475 -0.778256 -0.484108  
0.5 -0.836521 -0.587301  
0.525 -0.894502 -0.702443  
0.55 -0.9511 -0.830485  
0.575 -1.00488 -0.972455  
0.6 -1.054 -1.12947  
0.625 -1.09613 -1.30273  
0.65 -1.12831 -1.49351  
0.675 -1.14688 -1.70316  
0.7 -1.14731 -1.9331  
0.725 -1.12399 -2.18477  
0.75 -1.07011 -2.45963  
0.775 -0.977406 -2.75909  
0.8 -0.835928 -3.0844  
0.825 -0.633814 -3.4366  
0.85 -0.357065 -3.81625  
0.875 0.0106328 -4.22324  
0.9 0.487963 -4.6563  
0.925 1.09582 -5.11242  
0.95 1.85677 -5.58589  
0.975 2.79383 -6.0668  
1 3.92816 -6.53889  
1.025 5.27513 -6.97619  
1.05 6.83778 -7.33827  
1.075 8.59728 -7.5639  
1.1 10.5003 -7.56395  
1.125 12.447 -7.21755  
1.15 14.2899 -6.38111  
1.175 15.8648 -4.92726  
1.2 17.0731 -2.82509  
1.225 17.9941 -0.228585  
1.25 18.9228 2.52914  
1.275 20.2474 5.0971  
1.3 22.2691 7.28866  
1.325 25.1432 9.10999  
1.35 28.9435 10.6691  
1.375 33.7382 12.0899  
1.4 39.6326 13.4747  
1.425 46.7855 14.8978  
1.45 55.4155 16.4113  
1.475 65.8057 18.0521  
1.5 78.3116 19.8485  
1.525 93.3719 21.8245  
1.55 111.524 24.0024  
1.575 133.421 26.4045  
1.6 159.864 29.0542  
1.625 191.822 31.9758  
1.65 230.481 35.1942  
1.675 277.285 38.733  
1.7 334.001 42.6084  
1.725 402.802 46.8138  
1.75 486.398 51.2679  
1.775 588.308 55.6383  
1.8 713.633 58.653  
1.825 871.998 55.1806  
1.85 1088.85 24.6956  
1.875 1388.79 -50.5089  
1.9 1473.39 155.972  
1.925 1599.43 392.794  
1.95 51891.5 -49185.7  
1.975 2.29306e+13 -2.29306e+13  
2 1.08e+48 -1.08e+48  
