0
0 0  
0.00625
-0.006289 0.00613275  
0.0125
-0.0126566 0.0120277  
0.01875
-0.0191035 0.0176816  
0.025
-0.0256302 0.023091  
0.03125
-0.0322375 0.0282526  
0.0375
-0.0389261 0.0331631  
0.04375
-0.0456969 0.0378193  
0.05
-0.0525506 0.0422179  
0.05625
-0.0594883 0.0463556  
0.0625
-0.0665109 0.0502293  
0.06875
-0.0736195 0.0538357  
0.075
-0.0808151 0.0571716  
0.08125
-0.088099 0.0602337  
0.0875
-0.0954722 0.0630188  
0.09375
-0.102936 0.0655236  
0.1
-0.110492 0.0677449  
0.10625
-0.118141 0.0696793  
0.1125
-0.125885 0.0713236  
0.11875
-0.133725 0.0726743  
0.125
-0.141662 0.0737282  
0.13125
-0.149698 0.0744817  
0.1375
-0.157835 0.0749315  
0.14375
-0.166074 0.0750739  
0.15
-0.174416 0.0749055  
0.15625
-0.182864 0.0744225  
0.1625
-0.191419 0.0736214  
0.16875
-0.200082 0.0724984  
0.175
-0.208855 0.0710496  
0.18125
-0.21774 0.0692711  
0.1875
-0.226739 0.067159  
0.19375
-0.235852 0.0647093  
0.2
-0.245083 0.0619177  
0.20625
-0.254431 0.0587801  
0.2125
-0.2639 0.0552922  
0.21875
-0.273491 0.0514494  
0.225
-0.283204 0.0472472  
0.23125
-0.293043 0.0426811  
0.2375
-0.303008 0.0377461  
0.24375
-0.3131 0.0324376  
0.25
-0.323322 0.0267504  
0.25625
-0.333674 0.0206794  
0.2625
-0.344158 0.0142193  
0.26875
-0.354775 0.00736484  
0.275
-0.365527 0.000110345  
0.28125
-0.376413 -0.00754985  
0.2875
-0.387436 -0.0156216  
0.29375
-0.398596 -0.0241108  
0.3
-0.409894 -0.0330238  
0.30625
-0.421329 -0.0423668  
0.3125
-0.432904 -0.0521462  
0.31875
-0.444618 -0.0623689  
0.325
-0.456471 -0.0730415  
0.33125
-0.468462 -0.0841712  
0.3375
-0.480593 -0.0957652  
0.34375
-0.492862 -0.107831  
0.35
-0.505269 -0.120376  
0.35625
-0.517812 -0.133408  
0.3625
-0.530491 -0.146935  
0.36875
-0.543304 -0.160965  
0.375
-0.556249 -0.175507  
0.38125
-0.569325 -0.190569  
0.3875
-0.582528 -0.206161  
0.39375
-0.595856 -0.222291  
0.4
-0.609306 -0.238969  
0.40625
-0.622874 -0.256204  
0.4125
-0.636556 -0.274006  
0.41875
-0.650348 -0.292385  
0.425
-0.664245 -0.311351  
0.43125
-0.678241 -0.330916  
0.4375
-0.692331 -0.351089  
0.44375
-0.706507 -0.371883  
0.45
-0.720763 -0.393308  
0.45625
-0.735091 -0.415375  
0.4625
-0.749482 -0.438098  
0.46875
-0.763928 -0.461487  
0.475
-0.778417 -0.485556  
0.48125
-0.792939 -0.510317  
0.4875
-0.807483 -0.535784  
0.49375
-0.822036 -0.561969  
0.5
-0.836584 -0.588886  
0.50625
-0.851113 -0.61655  
0.5125
-0.865607 -0.644974  
0.51875
-0.880051 -0.674173  
0.525
-0.894425 -0.704161  
0.53125
-0.90871 -0.734955  
0.5375
-0.922887 -0.76657  
0.54375
-0.936934 -0.79902  
0.55
-0.950827 -0.832323  
0.55625
-0.964541 -0.866495  
0.5625
-0.978051 -0.901553  
0.56875
-0.991329 -0.937513  
0.575
-1.00434 -0.974393  
0.58125
-1.01706 -1.01221  
0.5875
-1.02946 -1.05098  
0.59375
-1.04149 -1.09073  
0.6
-1.05312 -1.13147  
0.60625
-1.06431 -1.17322  
0.6125
-1.07502 -1.21601  
0.61875
-1.08519 -1.25984  
0.625
-1.0948 -1.30474  
0.63125
-1.10378 -1.35073  
0.6375
-1.11208 -1.39784  
0.64375
-1.11965 -1.44607  
0.65
-1.12643 -1.49546  
0.65625
-1.13235 -1.54602  
0.6625
-1.13735 -1.59777  
0.66875
-1.14136 -1.65074  
0.675
-1.14431 -1.70494  
0.68125
-1.14612 -1.7604  
0.6875
-1.14672 -1.81715  
0.69375
-1.14601 -1.87519  
0.7
-1.1439 -1.93456  
0.70625
-1.14031 -1.99528  
0.7125
-1.13513 -2.05736  
0.71875
-1.12827 -2.12083  
0.725
-1.1196 -2.18572  
0.73125
-1.10903 -2.25203  
0.7375
-1.09642 -2.3198  
0.74375
-1.08165 -2.38905  
0.75
-1.0646 -2.45978  
0.75625
-1.04512 -2.53204  
0.7625
-1.02307 -2.60582  
0.76875
-0.998301 -2.68116  
0.775
-0.970652 -2.75807  
0.78125
-0.939961 -2.83657  
0.7875
-0.906055 -2.91666  
0.79375
-0.868755 -2.99838  
0.8
-0.827874 -3.08172  
0.80625
-0.783217 -3.1667  
0.8125
-0.734582 -3.25333  
0.81875
-0.681756 -3.34162  
0.825
-0.624521 -3.43157  
0.83125
-0.562648 -3.52318  
0.8375
-0.495901 -3.61645  
0.84375
-0.424034 -3.71138  
0.85
-0.346794 -3.80796  
0.85625
-0.263918 -3.90617  
0.8625
-0.175134 -4.006  
0.86875
-0.0801639 -4.10743  
0.875
0.0212816 -4.21043  
0.88125
0.129498 -4.31497  
0.8875
0.24479 -4.42099  
0.89375
0.367467 -4.52845  
0.9
0.497848 -4.6373  
0.90625
0.636256 -4.74745  
0.9125
0.78302 -4.85884  
0.91875
0.938473 -4.97137  
0.925
1.10295 -5.08492  
0.93125
1.27679 -5.19938  
0.9375
1.46033 -5.31462  
0.94375
1.6539 -5.43046  
0.95
1.85784 -5.54673  
0.95625
2.07246 -5.66324  
0.9625
2.29809 -5.77974  
0.96875
2.53502 -5.89598  
0.975
2.78354 -6.01168  
0.98125
3.0439 -6.1265  
0.9875
3.31634 -6.24009  
0.99375
3.60107 -6.35204  
1
3.89825 -6.46189  
1.00625
4.208 -6.56914  
1.0125
4.53039 -6.67323  
1.01875
4.86543 -6.77353  
1.025
5.21305 -6.86935  
1.03125
5.57312 -6.95992  
1.0375
5.94539 -7.04438  
1.04375
6.32954 -7.12181  
1.05
6.72513 -7.19116  
1.05625
7.13157 -7.25133  
1.0625
7.54817 -7.30106  
1.06875
7.97406 -7.33902  
1.075
8.40825 -7.36375  
1.08125
8.84954 -7.37368  
1.0875
9.29659 -7.36714  
1.09375
9.74785 -7.34235  
1.1
10.2016 -7.29741  
1.10625
10.656 -7.23036  
1.1125
11.109 -7.13918  
1.11875
11.5583 -7.0218  
1.125
12.0017 -6.87615  
1.13125
12.4369 -6.70024  
1.1375
12.8614 -6.49215  
1.14375
13.2729 -6.25013  
1.15
13.6692 -5.97268  
1.15625
14.0483 -5.65862  
1.1625
14.4084 -5.30715  
1.16875
14.7485 -4.91798  
1.175
15.0675 -4.49137  
1.18125
15.3654 -4.02821  
1.1875
15.6427 -3.53003  
1.19375
15.9006 -2.99911  
1.2
16.1411 -2.43837  
1.20625
16.367 -1.85138  
1.2125
16.5817 -1.24231  
1.21875
16.7895 -0.615736  
1.225
16.995 0.0234247  
1.23125
17.2032 0.670108  
1.2375
17.4195 1.31927  
1.24375
17.6493 1.96603  
1.25
17.8978 2.60588  
1.25625
18.1703 3.23476  
1.2625
18.4716 3.84919  
1.26875
18.806 4.44631  
1.275
19.1775 5.02395  
1.28125
19.5894 5.58061  
1.2875
20.0449 6.11543  
1.29375
20.5464 6.62812  
1.3
21.0961 7.11894  
1.30625
21.6956 7.58857  
1.3125
22.3465 8.03806  
1.31875
23.0501 8.46875  
1.325
23.8074 8.88218  
1.33125
24.6195 9.28004  
1.3375
25.4874 9.66409  
1.34375
26.4122 10.0361  
1.35
27.3948 10.3979  
1.35625
28.4365 10.7513  
1.3625
29.5386 11.0978  
1.36875
30.7024 11.4392  
1.375
31.9298 11.7769  
1.38125
33.2223 12.1123  
1.3875
34.5821 12.4468  
1.39375
36.0113 12.7815  
1.4
37.5124 13.1176  
1.40625
39.088 13.4561  
1.4125
40.7409 13.798  
1.41875
42.4742 14.144  
1.425
44.2914 14.495  
1.43125
46.1958 14.8516  
1.4375
48.1914 15.2146  
1.44375
50.2821 15.5845  
1.45
52.4724 15.9618  
1.45625
54.7667 16.3471  
1.4625
57.17 16.7409  
1.46875
59.6873 17.1436  
1.475
62.3241 17.5556  
1.48125
65.086 17.9773  
1.4875
67.9792 18.4092  
1.49375
71.0099 18.8514  
1.5
74.1849 19.3045  
1.50625
77.5111 19.7688  
1.5125
80.996 20.2445  
1.51875
84.6474 20.7322  
1.525
88.4734 21.232  
1.53125
92.4827 21.7443  
1.5375
96.6842 22.2696  
1.54375
101.088 22.808  
1.55
105.703 23.36  
1.55625
110.54 23.926  
1.5625
115.61 24.5062  
1.56875
120.926 25.1011  
1.575
126.498 25.7111  
1.58125
132.341 26.3364  
1.5875
138.466 26.9776  
1.59375
144.889 27.635  
1.6
151.624 28.309  
1.60625
158.686 29.0001  
1.6125
166.093 29.7087  
1.61875
173.861 30.4351  
1.625
182.008 31.18  
1.63125
190.553 31.9437  
1.6375
199.516 32.7268  
1.64375
208.919 33.5296  
1.65
218.782 34.3528  
1.65625
229.13 35.1968  
1.6625
239.986 36.0621  
1.66875
251.376 36.9494  
1.675
263.327 37.8591  
1.68125
275.867 38.7918  
1.6875
289.025 39.7481  
1.69375
302.833 40.7286  
1.7
317.323 41.7339  
1.70625
332.53 42.7647  
1.7125
348.489 43.8215  
1.71875
365.238 44.9051  
1.725
382.818 46.0161  
1.73125
401.27 47.1552  
1.7375
420.639 48.3232  
1.74375
440.969 49.5206  
1.75
462.311 50.7484  
1.75625
484.714 52.0073  
1.7625
508.233 53.298  
1.76875
532.924 54.6213  
1.775
558.846 55.9782  
1.78125
586.061 57.3693  
1.7875
614.635 58.7957  
1.79375
644.637 60.2581  
1.8
676.138 61.7576  
1.80625
709.214 63.295  
1.8125
743.946 64.8712  
1.81875
780.417 66.4874  
1.825
818.715 68.1444  
1.83125
858.933 69.8434  
1.8375
901.168 71.5853  
1.84375
945.523 73.3713  
1.85
992.105 75.2025  
1.85625
1041.03 77.08  
1.8625
1092.41 79.005  
1.86875
1146.37 80.9787  
1.875
1203.05 83.0023  
1.88125
1262.58 85.0771  
1.8875
1325.1 87.2043  
1.89375
1390.78 89.3854  
1.9
1459.76 91.6216  
1.90625
1532.23 93.9143  
1.9125
1608.35 96.265  
1.91875
1688.3 98.6751  
1.925
1772.3 101.146  
1.93125
1860.53 103.68  
1.9375
1953.22 106.277  
1.94375
2050.59 108.94  
1.95
2152.89 111.671  
1.95625
2260.35 114.47  
1.9625
2373.25 117.34  
1.96875
2491.87 120.282  
1.975
2616.48 123.299  
1.98125
2747.41 126.391  
1.9875
2884.96 129.562  
1.99375
3029.48 132.812  
