0
0 0  
0.05
-0.0524688 0.0424687  
0.1
-0.110296 0.0682773  
0.15
-0.174072 0.0757755  
0.2
-0.244558 0.0632082  
0.25
-0.322594 0.0285703  
0.3
-0.408963 -0.030542  
0.35
-0.504178 -0.117082  
0.4
-0.60817 -0.234708  
0.45
-0.719821 -0.387938  
0.5
-0.83626 -0.582318  
0.55
-0.951829 -0.824587  
0.6
-1.05655 -1.12283  
0.65
-1.13391 -1.48662  
0.7
-1.15766 -1.92701  
0.75
-1.08731 -2.45645  
0.8
-0.862032 -3.08805  
0.85
-0.3927 -3.83408  
0.9
0.447284 -4.70199  
0.95
1.82965 -5.68542  
1
3.9684 -6.74247  
1.05
7.08069 -7.74343  
1.1
11.247 -8.34628  
1.15
16.0573 -7.74615  
1.2
20.1614 -4.51618  
1.25
22.4722 1.83472  
1.3
26.112 7.65695  
1.35
34.0818 11.2305  
1.4
46.6545 14.2233  
1.45
65.1106 17.3752  
1.5
91.8954 20.9458  
1.55
130.88 24.9349  
1.6
188.314 28.678  
1.65
276.299 27.9982  
1.7
431.572 -3.39975  
1.75
663.354 -53.8155  
1.8
775.812 141.286  
1.85
3819.87 -2377.32  
1.9
1.02384e+09 -1.02378e+09  
1.95
3.43296e+31 -3.43296e+31  
