0
0 0  
0.003125
-0.00313476 0.0030957  
0.00625
-0.00628911 0.00613237  
0.009375
-0.00946312 0.0091096  
0.0125
-0.0126569 0.012027  
0.015625
-0.0158704 0.0148841  
0.01875
-0.0191039 0.0176804  
0.021875
-0.0223572 0.0204157  
0.025
-0.0256307 0.0230894  
0.028125
-0.0289243 0.0257012  
0.03125
-0.0322381 0.0282506  
0.034375
-0.0355723 0.0307373  
0.0375
-0.0389269 0.0331607  
0.040625
-0.042302 0.0355206  
0.04375
-0.0456977 0.0378165  
0.046875
-0.0491142 0.040048  
0.05
-0.0525516 0.0422147  
0.053125
-0.05601 0.0443162  
0.05625
-0.0594895 0.0463521  
0.059375
-0.0629902 0.0483219  
0.0625
-0.0665123 0.0502253  
0.065625
-0.0700558 0.0520619  
0.06875
-0.073621 0.0538313  
0.071875
-0.077208 0.055533  
0.075
-0.0808168 0.0571667  
0.078125
-0.0844477 0.058732  
0.08125
-0.0881009 0.0602283  
0.084375
-0.0917763 0.0616555  
0.0875
-0.0954743 0.063013  
0.090625
-0.0991949 0.0643004  
0.09375
-0.102938 0.0655173  
0.096875
-0.106705 0.0666634  
0.1
-0.110494 0.0677381  
0.103125
-0.114307 0.0687411  
0.10625
-0.118144 0.0696721  
0.109375
-0.122004 0.0705304  
0.1125
-0.125888 0.0713158  
0.115625
-0.129796 0.0720278  
0.11875
-0.133728 0.0726661  
0.121875
-0.137684 0.07323  
0.125
-0.141665 0.0737194  
0.128125
-0.145671 0.0741336  
0.13125
-0.149702 0.0744724  
0.134375
-0.153758 0.0747351  
0.1375
-0.157839 0.0749215  
0.140625
-0.161946 0.0750311  
0.14375
-0.166078 0.0750634  
0.146875
-0.170236 0.075018  
0.15
-0.174421 0.0748944  
0.153125
-0.178632 0.0746921  
0.15625
-0.182869 0.0744108  
0.159375
-0.187133 0.0740499  
0.1625
-0.191424 0.0736091  
0.165625
-0.195742 0.0730877  
0.16875
-0.200087 0.0724854  
0.171875
-0.20446 0.0718016  
0.175
-0.208861 0.0710359  
0.178125
-0.213289 0.0701878  
0.18125
-0.217746 0.0692567  
0.184375
-0.222231 0.0682423  
0.1875
-0.226745 0.067144  
0.190625
-0.231287 0.0659612  
0.19375
-0.235859 0.0646935  
0.196875
-0.240459 0.0633404  
0.2
-0.245089 0.0619012  
0.203125
-0.249749 0.0603756  
0.20625
-0.254438 0.0587628  
0.209375
-0.259158 0.0570625  
0.2125
-0.263907 0.0552741  
0.215625
-0.268688 0.0533969  
0.21875
-0.273498 0.0514305  
0.221875
-0.27834 0.0493742  
0.225
-0.283212 0.0472275  
0.228125
-0.288116 0.0449898  
0.23125
-0.293051 0.0426605  
0.234375
-0.298018 0.040239  
0.2375
-0.303016 0.0377247  
0.240625
-0.308046 0.035117  
0.24375
-0.313109 0.0324152  
0.246875
-0.318204 0.0296188  
0.25
-0.323331 0.0267271  
0.253125
-0.328491 0.0237394  
0.25625
-0.333684 0.0206551  
0.259375
-0.338909 0.0174736  
0.2625
-0.344168 0.0141941  
0.265625
-0.34946 0.010816  
0.26875
-0.354786 0.0073386  
0.271875
-0.360145 0.00376119  
0.275
-0.365537 8.30697e-05  
0.278125
-0.370964 -0.00369648  
0.28125
-0.376424 -0.00757818  
0.284375
-0.381919 -0.0115628  
0.2875
-0.387447 -0.015651  
0.290625
-0.39301 -0.0198436  
0.29375
-0.398607 -0.0241414  
0.296875
-0.404239 -0.0285451  
0.3
-0.409905 -0.0330555  
0.303125
-0.415606 -0.0376734  
0.30625
-0.421341 -0.0423996  
0.309375
-0.427112 -0.0472349  
0.3125
-0.432916 -0.0521803  
0.315625
-0.438756 -0.0572364  
0.31875
-0.44463 -0.0624041  
0.321875
-0.450539 -0.0676844  
0.325
-0.456483 -0.073078  
0.328125
-0.462462 -0.0785859  
0.33125
-0.468476 -0.084209  
0.334375
-0.474524 -0.0899481  
0.3375
-0.480606 -0.0958043  
0.340625
-0.486724 -0.101778  
0.34375
-0.492876 -0.107871  
0.346875
-0.499062 -0.114084  
0.35
-0.505283 -0.120417  
0.353125
-0.511537 -0.126873  
0.35625
-0.517826 -0.133451  
0.359375
-0.524149 -0.140153  
0.3625
-0.530505 -0.146979  
0.365625
-0.536895 -0.153932  
0.36875
-0.543318 -0.161011  
0.371875
-0.549774 -0.168218  
0.375
-0.556263 -0.175554  
0.378125
-0.562785 -0.183021  
0.38125
-0.569339 -0.190618  
0.384375
-0.575925 -0.198348  
0.3875
-0.582542 -0.206211  
0.390625
-0.58919 -0.214209  
0.39375
-0.59587 -0.222343  
0.396875
-0.60258 -0.230614  
0.4
-0.60932 -0.239022  
0.403125
-0.616089 -0.24757  
0.40625
-0.622888 -0.256259  
0.409375
-0.629715 -0.265089  
0.4125
-0.63657 -0.274062  
0.415625
-0.643452 -0.28318  
0.41875
-0.650361 -0.292443  
0.421875
-0.657297 -0.301853  
0.425
-0.664258 -0.311411  
0.428125
-0.671244 -0.321119  
0.43125
-0.678254 -0.330978  
0.434375
-0.685287 -0.340988  
0.4375
-0.692343 -0.351153  
0.440625
-0.699421 -0.361472  
0.44375
-0.706519 -0.371948  
0.446875
-0.713637 -0.382581  
0.45
-0.720775 -0.393374  
0.453125
-0.72793 -0.404328  
0.45625
-0.735102 -0.415444  
0.459375
-0.74229 -0.426723  
0.4625
-0.749492 -0.438168  
0.465625
-0.756708 -0.449779  
0.46875
-0.763936 -0.461559  
0.471875
-0.771176 -0.473508  
0.475
-0.778425 -0.485629  
0.478125
-0.785682 -0.497924  
0.48125
-0.792946 -0.510392  
0.484375
-0.800215 -0.523037  
0.4875
-0.807488 -0.53586  
0.490625
-0.814764 -0.548863  
0.49375
-0.82204 -0.562047  
0.496875
-0.829315 -0.575414  
0.5
-0.836587 -0.588966  
0.503125
-0.843854 -0.602705  
0.50625
-0.851114 -0.616631  
0.509375
-0.858366 -0.630748  
0.5125
-0.865607 -0.645057  
0.515625
-0.872835 -0.659559  
0.51875
-0.880048 -0.674257  
0.521875
-0.887244 -0.689153  
0.525
-0.89442 -0.704248  
0.528125
-0.901574 -0.719544  
0.53125
-0.908703 -0.735043  
0.534375
-0.915806 -0.750747  
0.5375
-0.922878 -0.766659  
0.540625
-0.929918 -0.782779  
0.54375
-0.936922 -0.799111  
0.546875
-0.943888 -0.815655  
0.55
-0.950812 -0.832415  
0.553125
-0.957692 -0.849392  
0.55625
-0.964523 -0.866588  
0.559375
-0.971304 -0.884005  
0.5625
-0.97803 -0.901646  
0.565625
-0.984698 -0.919513  
0.56875
-0.991304 -0.937608  
0.571875
-0.997844 -0.955932  
0.575
-1.00432 -0.974489  
0.578125
-1.01071 -0.993279  
0.58125
-1.01703 -1.01231  
0.584375
-1.02327 -1.03157  
0.5875
-1.02942 -1.05108  
0.590625
-1.03548 -1.07083  
0.59375
-1.04145 -1.09083  
0.596875
-1.04731 -1.11107  
0.6
-1.05307 -1.13157  
0.603125
-1.05872 -1.15232  
0.60625
-1.06426 -1.17332  
0.609375
-1.06967 -1.19458  
0.6125
-1.07496 -1.2161  
0.615625
-1.08011 -1.23789  
0.61875
-1.08513 -1.25994  
0.621875
-1.09001 -1.28225  
0.625
-1.09473 -1.30484  
0.628125
-1.0993 -1.3277  
0.63125
-1.1037 -1.35083  
0.634375
-1.10794 -1.37424  
0.6375
-1.112 -1.39793  
0.640625
-1.11587 -1.42191  
0.64375
-1.11956 -1.44616  
0.646875
-1.12305 -1.47071  
0.65
-1.12633 -1.49555  
0.653125
-1.1294 -1.52068  
0.65625
-1.13224 -1.5461  
0.659375
-1.13486 -1.57183  
0.6625
-1.13723 -1.59785  
0.665625
-1.13936 -1.62418  
0.66875
-1.14124 -1.65082  
0.671875
-1.14285 -1.67776  
0.675
-1.14418 -1.70502  
0.678125
-1.14523 -1.73259  
0.68125
-1.14598 -1.76048  
0.684375
-1.14643 -1.78869  
0.6875
-1.14656 -1.81722  
0.690625
-1.14637 -1.84607  
0.69375
-1.14584 -1.87526  
0.696875
-1.14497 -1.90477  
0.7
-1.14373 -1.93462  
0.703125
-1.14212 -1.96481  
0.70625
-1.14013 -1.99533  
0.709375
-1.13774 -2.02619  
0.7125
-1.13494 -2.0574  
0.715625
-1.13171 -2.08896  
0.71875
-1.12806 -2.12087  
0.721875
-1.12395 -2.15313  
0.725
-1.11938 -2.18574  
0.728125
-1.11433 -2.21872  
0.73125
-1.10879 -2.25205  
0.734375
-1.10274 -2.28575  
0.7375
-1.09617 -2.31981  
0.740625
-1.08906 -2.35424  
0.74375
-1.08139 -2.38904  
0.746875
-1.07315 -2.42421  
0.75
-1.06432 -2.45977  
0.753125
-1.05489 -2.49569  
0.75625
-1.04483 -2.532  
0.759375
-1.03413 -2.5687  
0.7625
-1.02276 -2.60577  
0.765625
-1.01072 -2.64324  
0.76875
-0.997979 -2.6811  
0.771875
-0.984517 -2.71934  
0.775
-0.970316 -2.75798  
0.778125
-0.955354 -2.79702  
0.78125
-0.939609 -2.83646  
0.784375
-0.923062 -2.87629  
0.7875
-0.905688 -2.91653  
0.790625
-0.887467 -2.95717  
0.79375
-0.868374 -2.99822  
0.796875
-0.848386 -3.03967  
0.8
-0.827478 -3.08154  
0.803125
-0.805627 -3.12381  
0.80625
-0.782807 -3.16649  
0.809375
-0.758993 -3.20958  
0.8125
-0.734158 -3.25309  
0.815625
-0.708276 -3.29701  
0.81875
-0.681319 -3.34134  
0.821875
-0.653261 -3.38609  
0.825
-0.624072 -3.43125  
0.828125
-0.593724 -3.47683  
0.83125
-0.562188 -3.52282  
0.834375
-0.529434 -3.56923  
0.8375
-0.495432 -3.61605  
0.840625
-0.46015 -3.66328  
0.84375
-0.423557 -3.71093  
0.846875
-0.385622 -3.75899  
0.85
-0.346312 -3.80745  
0.853125
-0.305593 -3.85633  
0.85625
-0.263432 -3.90561  
0.859375
-0.219796 -3.9553  
0.8625
-0.174648 -4.00539  
0.865625
-0.127955 -4.05587  
0.86875
-0.0796807 -4.10675  
0.871875
-0.0297884 -4.15802  
0.875
0.0217583 -4.20968  
0.878125
0.0749966 -4.26172  
0.88125
0.129964 -4.31414  
0.884375
0.186699 -4.36692  
0.8875
0.24524 -4.42008  
0.890625
0.305626 -4.47359  
0.89375
0.367896 -4.52745  
0.896875
0.43209 -4.58166  
0.9
0.498249 -4.6362  
0.903125
0.566413 -4.69107  
0.90625
0.636622 -4.74625  
0.909375
0.708918 -4.80174  
0.9125
0.783343 -4.85753  
0.915625
0.859937 -4.91359  
0.91875
0.938743 -4.96993  
0.921875
1.0198 -5.02652  
0.925
1.10316 -5.08335  
0.928125
1.18885 -5.14041  
0.93125
1.27692 -5.19768  
0.934375
1.36742 -5.25513  
0.9375
1.46037 -5.31276  
0.940625
1.55583 -5.37053  
0.94375
1.65384 -5.42843  
0.946875
1.75444 -5.48644  
0.95
1.85766 -5.54453  
0.953125
1.96355 -5.60267  
0.95625
2.07214 -5.66084  
0.959375
2.18349 -5.719  
0.9625
2.29761 -5.77713  
0.965625
2.41456 -5.83519  
0.96875
2.53436 -5.89315  
0.971875
2.65705 -5.95096  
0.975
2.78266 -6.0086  
0.978125
2.91123 -6.06601  
0.98125
3.04279 -6.12316  
0.984375
3.17735 -6.17999  
0.9875
3.31496 -6.23647  
0.990625
3.45563 -6.29252  
0.99375
3.59938 -6.34811  
0.996875
3.74624 -6.40317  
1
3.89622 -6.45763  
1.00313
4.04933 -6.51144  
1.00625
4.20558 -6.56453  
1.00938
4.36498 -6.61682  
1.0125
4.52754 -6.66823  
1.01563
4.69324 -6.7187  
1.01875
4.86209 -6.76812  
1.02188
5.03406 -6.81642  
1.025
5.20916 -6.86349  
1.02813
5.38735 -6.90925  
1.03125
5.56862 -6.95358  
1.03438
5.75291 -6.99638  
1.0375
5.94021 -7.03753  
1.04063
6.13046 -7.07692  
1.04375
6.32361 -7.11441  
1.04688
6.5196 -7.14987  
1.05
6.71836 -7.18318  
1.05313
6.91982 -7.21417  
1.05625
7.12388 -7.24271  
1.05938
7.33047 -7.26863  
1.0625
7.53947 -7.29178  
1.06563
7.75077 -7.31197  
1.06875
7.96426 -7.32903  
1.07188
8.17979 -7.34277  
1.075
8.39723 -7.35301  
1.07813
8.61642 -7.35954  
1.08125
8.8372 -7.36216  
1.08438
9.05939 -7.36065  
1.0875
9.28281 -7.3548  
1.09063
9.50726 -7.34438  
1.09375
9.73252 -7.32915  
1.09688
9.95839 -7.30888  
1.1
10.1846 -7.28333  
1.10313
10.411 -7.25225  
1.10625
10.6372 -7.21539  
1.10938
10.8631 -7.17249  
1.1125
11.0883 -7.12331  
1.11563
11.3126 -7.06757  
1.11875
11.5356 -7.00503  
1.12188
11.7572 -6.93543  
1.125
11.977 -6.85852  
1.12813
12.1947 -6.77405  
1.13125
12.41 -6.68178  
1.13438
12.6226 -6.58147  
1.1375
12.8323 -6.47292  
1.14063
13.0386 -6.3559  
1.14375
13.2415 -6.23022  
1.14688
13.4405 -6.09572  
1.15
13.6355 -5.95222  
1.15313
13.8262 -5.7996  
1.15625
14.0123 -5.63775  
1.15938
14.1938 -5.46658  
1.1625
14.3703 -5.28605  
1.16563
14.5419 -5.09614  
1.16875
14.7082 -4.89686  
1.17188
14.8694 -4.68826  
1.175
15.0253 -4.47045  
1.17813
15.1759 -4.24355  
1.18125
15.3214 -4.00773  
1.18438
15.4617 -3.76323  
1.1875
15.597 -3.51028  
1.19063
15.7275 -3.2492  
1.19375
15.8534 -2.98034  
1.19688
15.9751 -2.70408  
1.2
16.0927 -2.42085  
1.20313
16.2067 -2.13111  
1.20625
16.3176 -1.83537  
1.20938
16.4256 -1.53415  
1.2125
16.5315 -1.22801  
1.21563
16.6356 -0.917538  
1.21875
16.7386 -0.603337  
1.22188
16.841 -0.286021  
1.225
16.9435 0.0337831  
1.22813
17.0467 0.355445  
1.23125
17.1513 0.678336  
1.23438
17.2579 1.00183  
1.2375
17.3672 1.32532  
1.24063
17.4799 1.64821  
1.24375
17.5966 1.96993  
1.24688
17.718 2.28992  
1.25
17.8448 2.60768  
1.25313
17.9775 2.9227  
1.25625
18.1168 3.23454  
1.25938
18.2632 3.54279  
1.2625
18.4174 3.84707  
1.26563
18.5799 4.14705  
1.26875
18.751 4.44244  
1.27188
18.9315 4.73299  
1.275
19.1216 5.01849  
1.27813
19.3218 5.29877  
1.28125
19.5325 5.5737  
1.28438
19.754 5.8432  
1.2875
19.9866 6.10722  
1.29063
20.2308 6.36573  
1.29375
20.4866 6.61875  
1.29688
20.7545 6.86633  
1.3
21.0346 7.10853  
1.30313
21.3271 7.34546  
1.30625
21.6322 7.57724  
1.30938
21.9502 7.804  
1.3125
22.2811 8.0259  
1.31563
22.6251 8.24311  
1.31875
22.9824 8.45583  
1.32188
23.3531 8.66425  
1.325
23.7373 8.86857  
1.32813
24.1352 9.06901  
1.33125
24.5469 9.26578  
1.33438
24.9724 9.45911  
1.3375
25.4121 9.64922  
1.34063
25.8658 9.83633  
1.34375
26.3339 10.0207  
1.34688
26.8164 10.2025  
1.35
27.3135 10.3819  
1.35313
27.8253 10.5593  
1.35625
28.352 10.7347  
1.35938
28.8937 10.9084  
1.3625
29.4506 11.0807  
1.36563
30.023 11.2517  
1.36875
30.611 11.4215  
1.37188
31.2148 11.5904  
1.375
31.8346 11.7586  
1.37813
32.4707 11.9263  
1.38125
33.1232 12.0935  
1.38438
33.7926 12.2605  
1.3875
34.4789 12.4274  
1.39063
35.1826 12.5944  
1.39375
35.9039 12.7616  
1.39688
36.6431 12.9292  
1.4
37.4005 13.0972  
1.40313
38.1765 13.2658  
1.40625
38.9714 13.4351  
1.40938
39.7856 13.6053  
1.4125
40.6194 13.7764  
1.41563
41.4733 13.9485  
1.41875
42.3476 14.1218  
1.42188
43.2428 14.2963  
1.425
44.1594 14.4722  
1.42813
45.0977 14.6495  
1.43125
46.0582 14.8283  
1.43438
47.0414 15.0086  
1.4375
48.0479 15.1907  
1.44063
49.0781 15.3744  
1.44375
50.1325 15.56  
1.44688
51.2117 15.7474  
1.45
52.3163 15.9367  
1.45313
53.4469 16.1281  
1.45625
54.6039 16.3214  
1.45938
55.7882 16.517  
1.4625
57.0002 16.7146  
1.46563
58.2406 16.9145  
1.46875
59.5101 17.1167  
1.47188
60.8094 17.3212  
1.475
62.1392 17.5281  
1.47813
63.5002 17.7374  
1.48125
64.8932 17.9492  
1.48438
66.3188 18.1635  
1.4875
67.7779 18.3804  
1.49063
69.2713 18.5998  
1.49375
70.7999 18.822  
1.49688
72.3643 19.0468  
1.5
73.9656 19.2744  
1.50313
75.6046 19.5048  
1.50625
77.2823 19.738  
1.50938
78.9995 19.9741  
1.5125
80.7571 20.2131  
1.51563
82.5563 20.4551  
1.51875
84.398 20.7001  
1.52188
86.2832 20.9481  
1.525
88.2131 21.1992  
1.52813
90.1886 21.4534  
1.53125
92.2108 21.7109  
1.53438
94.2811 21.9715  
1.5375
96.4004 22.2354  
1.54063
98.57 22.5026  
1.54375
100.791 22.7731  
1.54688
103.065 23.047  
1.55
105.393 23.3244  
1.55313
107.777 23.6052  
1.55625
110.217 23.8896  
1.55938
112.715 24.1775  
1.5625
115.273 24.4691  
1.56563
117.892 24.7643  
1.56875
120.574 25.0632  
1.57188
123.319 25.3659  
1.575
126.13 25.6723  
1.57813
129.009 25.9827  
1.58125
131.956 26.2969  
1.58438
134.974 26.6151  
1.5875
138.065 26.9372  
1.59063
141.229 27.2635  
1.59375
144.47 27.5938  
1.59688
147.788 27.9283  
1.6
151.186 28.267  
1.60313
154.665 28.6099  
1.60625
158.229 28.9572  
1.60938
161.878 29.3088  
1.6125
165.615 29.6649  
1.61563
169.442 30.0254  
1.61875
173.362 30.3904  
1.62188
177.376 30.7601  
1.625
181.486 31.1344  
1.62813
185.697 31.5134  
1.63125
190.009 31.8972  
1.63438
194.425 32.2858  
1.6375
198.948 32.6793  
1.64063
203.58 33.0777  
1.64375
208.325 33.4812  
1.64688
213.184 33.8897  
1.65
218.162 34.3033  
1.65313
223.26 34.7222  
1.65625
228.482 35.1463  
1.65938
233.831 35.5758  
1.6625
239.309 36.0107  
1.66563
244.921 36.451  
1.66875
250.669 36.8969  
1.67188
256.557 37.3484  
1.675
262.588 37.8055  
1.67813
268.766 38.2685  
1.68125
275.095 38.7372  
1.68438
281.578 39.2118  
1.6875
288.218 39.6924  
1.69063
295.021 40.1791  
1.69375
301.99 40.6718  
1.69688
309.129 41.1708  
1.7
316.442 41.676  
1.70313
323.934 42.1876  
1.70625
331.61 42.7056  
1.70938
339.472 43.2302  
1.7125
347.528 43.7613  
1.71563
355.78 44.2991  
1.71875
364.234 44.8437  
1.72188
372.896 45.3951  
1.725
381.769 45.9535  
1.72813
390.86 46.5189  
1.73125
400.174 47.0914  
1.73438
409.717 47.6711  
1.7375
419.493 48.2581  
1.74063
429.51 48.8525  
1.74375
439.773 49.4543  
1.74688
450.288 50.0637  
1.75
461.061 50.6808  
1.75313
472.099 51.3057  
1.75625
483.408 51.9384  
1.75938
494.996 52.579  
1.7625
506.869 53.2277  
1.76563
519.034 53.8846  
1.76875
531.498 54.5498  
1.77188
544.27 55.2233  
1.775
557.356 55.9052  
1.77813
570.765 56.5958  
1.78125
584.505 57.295  
1.78438
598.583 58.0031  
1.7875
613.009 58.72  
1.79063
627.791 59.4459  
1.79375
642.938 60.181  
1.79688
658.458 60.9254  
1.8
674.363 61.679  
1.80313
690.66 62.4422  
1.80625
707.36 63.215  
1.80938
724.472 63.9975  
1.8125
742.009 64.7898  
1.81563
759.978 65.5921  
1.81875
778.393 66.4045  
1.82188
797.263 67.2271  
1.825
816.6 68.06  
1.82813
836.417 68.9034  
1.83125
856.724 69.7575  
1.83438
877.534 70.6223  
1.8375
898.86 71.4979  
1.84063
920.715 72.3846  
1.84375
943.112 73.2824  
1.84688
966.064 74.1915  
1.85
989.585 75.112  
1.85313
1013.69 76.0441  
1.85625
1038.39 76.988  
1.85938
1063.71 77.9437  
1.8625
1089.66 78.9114  
1.86563
1116.25 79.8913  
1.86875
1143.5 80.8835  
1.87188
1171.42 81.8882  
1.875
1200.05 82.9056  
1.87813
1229.38 83.9357  
1.88125
1259.44 84.9788  
1.88438
1290.25 86.035  
1.8875
1321.83 87.1045  
1.89063
1354.19 88.1874  
1.89375
1387.36 89.284  
1.89688
1421.35 90.3944  
1.9
1456.19 91.5187  
1.90313
1491.9 92.6571  
1.90625
1528.5 93.8099  
1.90938
1566 94.9772  
1.9125
1604.45 96.1592  
1.91563
1643.85 97.356  
1.91875
1684.23 98.5678  
1.92188
1725.62 99.795  
1.925
1768.04 101.038  
1.92813
1811.52 102.296  
1.93125
1856.09 103.57  
1.93438
1901.76 104.86  
1.9375
1948.58 106.166  
1.94063
1996.56 107.489  
1.94375
2045.74 108.828  
1.94688
2096.15 110.184  
1.95
2147.82 111.557  
1.95313
2200.78 112.948  
1.95625
2255.06 114.356  
1.95938
2310.7 115.781  
1.9625
2367.73 117.225  
1.96563
2426.18 118.687  
1.96875
2486.1 120.167  
1.97188
2547.51 121.666  
1.975
2610.46 123.183  
1.97813
2674.98 124.72  
1.98125
2741.11 126.276  
1.98438
2808.9 127.852  
1.9875
2878.39 129.447  
1.99063
2949.61 131.062  
1.99375
3022.62 132.698  
1.99688
3097.45 134.355  
