0 0 0  
0.0125 -0.0126558 0.0120308  
0.025 -0.0256284 0.0230971  
0.0375 -0.0389232 0.0331723  
0.05 -0.0525465 0.0422304  
0.0625 -0.0665055 0.0502452  
0.075 -0.0808084 0.0571909  
0.0875 -0.095464 0.0630417  
0.1 -0.110482 0.0677716  
0.1125 -0.125873 0.0713543  
0.125 -0.141649 0.0737631  
0.1375 -0.15782 0.0749708  
0.15 -0.174399 0.0749494  
0.1625 -0.191399 0.0736702  
0.175 -0.208833 0.0711036  
0.1875 -0.226715 0.0672185  
0.2 -0.245056 0.0619831  
0.2125 -0.263871 0.0553636  
0.225 -0.283173 0.0473252  
0.2375 -0.302974 0.037831  
0.25 -0.323285 0.0268425  
0.2625 -0.344119 0.0143191  
0.275 -0.365485 0.000218164  
0.2875 -0.387392 -0.0155053  
0.3 -0.409847 -0.0328985  
0.3125 -0.432855 -0.0520116  
0.325 -0.45642 -0.0728971  
0.3375 -0.48054 -0.0956105  
0.35 -0.505215 -0.12021  
0.3625 -0.530436 -0.146758  
0.375 -0.556193 -0.175319  
0.3875 -0.582471 -0.205961  
0.4 -0.60925 -0.238756  
0.4125 -0.636501 -0.273781  
0.425 -0.664193 -0.311113  
0.4375 -0.692282 -0.350838  
0.45 -0.720719 -0.393043  
0.4625 -0.749443 -0.437819  
0.475 -0.778385 -0.485264  
0.4875 -0.80746 -0.535478  
0.5 -0.836572 -0.588567  
0.5125 -0.865609 -0.644642  
0.525 -0.894442 -0.703817  
0.5375 -0.922923 -0.766213  
0.55 -0.950884 -0.831956  
0.5625 -0.978134 -0.901176  
0.575 -1.00446 -0.974009  
0.5875 -1.0296 -1.05059  
0.6 -1.0533 -1.13108  
0.6125 -1.07524 -1.21561  
0.625 -1.09507 -1.30435  
0.6375 -1.11241 -1.39745  
0.65 -1.12681 -1.49508  
0.6625 -1.1378 -1.59741  
0.675 -1.14484 -1.70461  
0.6875 -1.14732 -1.81685  
0.7 -1.14459 -1.9343  
0.7125 -1.13592 -2.05715  
0.725 -1.12049 -2.18558  
0.7375 -1.09741 -2.31974  
0.75 -1.06571 -2.45982  
0.7625 -1.0243 -2.60598  
0.775 -0.972002 -2.75836  
0.7875 -0.907528 -2.91712  
0.8 -0.82947 -3.08237  
0.8125 -0.736295 -3.25422  
0.825 -0.626342 -3.43273  
0.8375 -0.497813 -3.61794  
0.85 -0.348773 -3.80982  
0.8625 -0.177145 -4.00832  
0.875 0.0192865 -4.21327  
0.8875 0.242874 -4.42443  
0.9 0.496097 -4.64146  
0.9125 0.781544 -4.86383  
0.925 1.10189 -5.09089  
0.9375 1.45986 -5.32172  
0.95 1.8582 -5.55517  
0.9625 2.29956 -5.78972  
0.975 2.78647 -6.02348  
0.9875 3.32118 -6.25401  
1 3.90554 -6.47828  
1.0125 4.54081 -6.6925  
1.025 5.22739 -6.89196  
1.0375 5.96463 -7.07086  
1.05 6.7504 -7.2221  
1.0625 7.58083 -7.33707  
1.075 8.44983 -7.4055  
1.0875 9.34879 -7.41526  
1.1 10.2663 -7.35242  
1.1125 11.1879 -7.2014  
1.125 12.0966 -6.94556  
1.1375 12.9735 -6.56816  
1.15 13.7992 -6.05397  
1.1625 14.5562 -5.39151  
1.175 15.2317 -4.57563  
1.1875 15.8209 -3.61024  
1.2 16.3303 -2.51022  
1.2125 16.7786 -1.30176  
1.225 17.1966 -0.0205347  
1.2375 17.6243 1.2924  
1.25 18.1055 2.59606  
1.2625 18.6833 3.85499  
1.275 19.3955 5.0431  
1.2875 20.2723 6.14542  
1.3 21.3358 7.15749  
1.3125 22.6015 8.0834  
1.325 24.0804 8.9331  
1.3375 25.781 9.71986  
1.35 27.7115 10.4582  
1.3625 29.8808 11.1624  
1.375 32.3001 11.8458  
1.3875 34.9832 12.5201  
1.4 37.9473 13.1954  
1.4125 41.2129 13.8802  
1.425 44.8039 14.5818  
1.4375 48.7483 15.306  
1.45 53.078 16.0579  
1.4625 57.8288 16.8418  
1.475 63.0411 17.6613  
1.4875 68.7599 18.5197  
1.5 75.0353 19.42  
1.5125 81.9225 20.3652  
1.525 89.4831 21.3578  
1.5375 97.7848 22.4008  
1.55 106.902 23.4968  
1.5625 116.919 24.6487  
1.575 127.925 25.8595  
1.5875 140.022 27.1321  
1.6 153.321 28.4698  
1.6125 167.945 29.876  
1.625 184.029 31.354  
1.6375 201.722 32.9077  
1.65 221.189 34.5408  
1.6625 242.613 36.2574  
1.675 266.194 38.0618  
1.6875 292.154 39.9585  
1.7 320.739 41.9521  
1.7125 352.217 44.0476  
1.725 386.889 46.2501  
1.7375 425.083 48.565  
1.75 467.163 50.9981  
1.7625 513.531 53.5552  
1.775 564.63 56.2426  
1.7875 620.951 59.0667  
1.8 683.035 62.0341  
1.8125 751.479 65.1516  
1.825 826.944 68.4262  
1.8375 910.16 71.8646  
1.85 1001.93 75.4732  
1.8625 1103.15 79.257  
1.875 1214.81 83.2187  
1.8875 1338 87.3552  
1.9 1473.95 91.6512  
1.9125 1624.02 96.0638  
1.925 1789.8 100.484  
1.9375 1973.18 104.635  
1.95 2176.64 107.797  
1.9625 2404.07 108.013  
1.975 2662.85 99.9436  
1.9875 2967.7 70.9421  
2 3327.79 14.4819  
