0
0 0  
0.00625
-0.00628915 0.00613224  
0.0125
-0.0126569 0.0120267  
0.01875
-0.019104 0.01768  
0.025
-0.0256309 0.0230889  
0.03125
-0.0322383 0.02825  
0.0375
-0.0389271 0.03316  
0.04375
-0.045698 0.0378156  
0.05
-0.052552 0.0422137  
0.05625
-0.0594899 0.0463509  
0.0625
-0.0665127 0.050224  
0.06875
-0.0736215 0.0538298  
0.075
-0.0808174 0.0571651  
0.08125
-0.0881015 0.0602266  
0.0875
-0.095475 0.063011  
0.09375
-0.102939 0.0655152  
0.1
-0.110495 0.0677358  
0.10625
-0.118145 0.0696696  
0.1125
-0.125889 0.0713132  
0.11875
-0.133729 0.0726633  
0.125
-0.141666 0.0737164  
0.13125
-0.149703 0.0744692  
0.1375
-0.15784 0.0749182  
0.14375
-0.166079 0.0750599  
0.15
-0.174422 0.0748906  
0.15625
-0.18287 0.0744069  
0.1625
-0.191425 0.0736049  
0.16875
-0.200089 0.072481  
0.175
-0.208862 0.0710313  
0.18125
-0.217748 0.0692519  
0.1875
-0.226747 0.0671389  
0.19375
-0.235861 0.0646882  
0.2
-0.245091 0.0618957  
0.20625
-0.254441 0.058757  
0.2125
-0.26391 0.055268  
0.21875
-0.273501 0.0514241  
0.225
-0.283215 0.0472209  
0.23125
-0.293054 0.0426536  
0.2375
-0.303019 0.0377175  
0.24375
-0.313112 0.0324077  
0.25
-0.323334 0.0267193  
0.25625
-0.333687 0.020647  
0.2625
-0.344171 0.0141856  
0.26875
-0.354789 0.00732979  
0.275
-0.365541 7.39166e-05  
0.28125
-0.376428 -0.00758769  
0.2875
-0.387451 -0.0156609  
0.29375
-0.398611 -0.0241516  
0.3
-0.409909 -0.0330661  
0.30625
-0.421346 -0.0424106  
0.3125
-0.432921 -0.0521917  
0.31875
-0.444635 -0.062416  
0.325
-0.456488 -0.0730903  
0.33125
-0.46848 -0.0842217  
0.3375
-0.480611 -0.0958174  
0.34375
-0.49288 -0.107885  
0.35
-0.505287 -0.120431  
0.35625
-0.517831 -0.133465  
0.3625
-0.53051 -0.146994  
0.36875
-0.543323 -0.161026  
0.375
-0.556268 -0.17557  
0.38125
-0.569344 -0.190635  
0.3875
-0.582547 -0.206228  
0.39375
-0.595875 -0.22236  
0.4
-0.609324 -0.23904  
0.40625
-0.622892 -0.256277  
0.4125
-0.636574 -0.274081  
0.41875
-0.650366 -0.292463  
0.425
-0.664262 -0.311431  
0.43125
-0.678258 -0.330998  
0.4375
-0.692347 -0.351174  
0.44375
-0.706523 -0.37197  
0.45
-0.720778 -0.393397  
0.45625
-0.735105 -0.415466  
0.4625
-0.749495 -0.438191  
0.46875
-0.763939 -0.461583  
0.475
-0.778427 -0.485654  
0.48125
-0.792948 -0.510417  
0.4875
-0.80749 -0.535886  
0.49375
-0.822041 -0.562073  
0.5
-0.836588 -0.588993  
0.50625
-0.851115 -0.616659  
0.5125
-0.865607 -0.645085  
0.51875
-0.880047 -0.674286  
0.525
-0.894418 -0.704276  
0.53125
-0.908701 -0.735072  
0.5375
-0.922875 -0.766688  
0.54375
-0.936918 -0.799141  
0.55
-0.950807 -0.832445  
0.55625
-0.964517 -0.866619  
0.5625
-0.978023 -0.901678  
0.56875
-0.991296 -0.937639  
0.575
-1.00431 -0.97452  
0.58125
-1.01702 -1.01234  
0.5875
-1.02941 -1.05111  
0.59375
-1.04143 -1.09086  
0.6
-1.05306 -1.1316  
0.60625
-1.06424 -1.17335  
0.6125
-1.07494 -1.21614  
0.61875
-1.08511 -1.25997  
0.625
-1.09471 -1.30487  
0.63125
-1.10368 -1.35086  
0.6375
-1.11197 -1.39796  
0.64375
-1.11953 -1.44619  
0.65
-1.1263 -1.49558  
0.65625
-1.13221 -1.54613  
0.6625
-1.1372 -1.59788  
0.66875
-1.1412 -1.65085  
0.675
-1.14414 -1.70504  
0.68125
-1.14593 -1.7605  
0.6875
-1.14651 -1.81724  
0.69375
-1.14579 -1.87528  
0.7
-1.14367 -1.93464  
0.70625
-1.14006 -1.99535  
0.7125
-1.13487 -2.05742  
0.71875
-1.12799 -2.12088  
0.725
-1.11931 -2.18575  
0.73125
-1.10871 -2.25205  
0.7375
-1.09609 -2.31981  
0.74375
-1.0813 -2.38904  
0.75
-1.06423 -2.45976  
0.75625
-1.04473 -2.53199  
0.7625
-1.02266 -2.60575  
0.76875
-0.997872 -2.68107  
0.775
-0.970204 -2.75795  
0.78125
-0.939492 -2.83642  
0.7875
-0.905567 -2.91649  
0.79375
-0.868247 -2.99817  
0.8
-0.827347 -3.08147  
0.80625
-0.782671 -3.16641  
0.8125
-0.734017 -3.253  
0.81875
-0.681175 -3.34124  
0.825
-0.623924 -3.43114  
0.83125
-0.562037 -3.52269  
0.8375
-0.495277 -3.61591  
0.84375
-0.423401 -3.71077  
0.85
-0.346153 -3.80728  
0.85625
-0.263273 -3.90542  
0.8625
-0.17449 -4.00517  
0.86875
-0.0795233 -4.10652  
0.875
0.021913 -4.20942  
0.88125
0.130115 -4.31385  
0.8875
0.245384 -4.41976  
0.89375
0.368033 -4.52711  
0.9
0.498376 -4.63582  
0.90625
0.636736 -4.74584  
0.9125
0.783441 -4.85708  
0.91875
0.938823 -4.96944  
0.925
1.10322 -5.08282  
0.93125
1.27695 -5.19709  
0.9375
1.46037 -5.31212  
0.94375
1.65381 -5.42774  
0.95
1.85758 -5.54377  
0.95625
2.07202 -5.66002  
0.9625
2.29743 -5.77624  
0.96875
2.53411 -5.89218  
0.975
2.78234 -6.00755  
0.98125
3.04239 -6.12202  
0.9875
3.31447 -6.23523  
0.99375
3.59878 -6.34677  
1
3.8955 -6.45618  
1.00625
4.20473 -6.56296  
1.0125
4.52653 -6.66653  
1.01875
4.86092 -6.76628  
1.025
5.2078 -6.8615  
1.03125
5.56705 -6.95143  
1.0375
5.93841 -7.0352  
1.04375
6.32155 -7.11189  
1.05
6.71602 -7.18046  
1.05625
7.12123 -7.23979  
1.0625
7.53647 -7.28862  
1.06875
7.96088 -7.32564  
1.075
8.39343 -7.34937  
1.08125
8.83295 -7.35825  
1.0875
9.27807 -7.35062  
1.09375
9.72726 -7.32468  
1.1
10.1788 -7.27857  
1.10625
10.6308 -7.21033  
1.1125
11.0812 -7.11794  
1.11875
11.5279 -6.99937  
1.125
11.9685 -6.85257  
1.13125
12.4008 -6.67555  
1.1375
12.8223 -6.46644  
1.14375
13.2308 -6.22353  
1.15
13.624 -5.94535  
1.15625
14.0001 -5.63075  
1.1625
14.3574 -5.27898  
1.16875
14.6946 -4.88979  
1.175
15.011 -4.46346  
1.18125
15.3064 -4.00091  
1.1875
15.5815 -3.50371  
1.19375
15.8375 -2.97411  
1.2
16.0763 -2.41505  
1.20625
16.3008 -1.83008  
1.2125
16.5145 -1.22331  
1.21875
16.7214 -0.599278  
1.225
16.9261 0.0371528  
1.23125
17.1337 0.680988  
1.2375
17.3495 1.32725  
1.24375
17.5788 1.97113  
1.25
17.8268 2.60817  
1.25625
18.0986 3.23436  
1.2625
18.399 3.84625  
1.26875
18.7324 4.44103  
1.275
19.1026 5.01654  
1.28125
19.5131 5.57127  
1.2875
19.9668 6.10434  
1.29375
20.4663 6.61548  
1.3
21.0137 7.10491  
1.30625
21.6107 7.5733  
1.3125
22.2589 8.02168  
1.31875
22.9594 8.45135  
1.325
23.7135 8.86385  
1.33125
24.5222 9.26084  
1.3375
25.3865 9.64407  
1.34375
26.3073 10.0153  
1.35
27.2858 10.3764  
1.35625
28.3232 10.729  
1.3625
29.4208 11.0748  
1.36875
30.5799 11.4154  
1.375
31.8022 11.7524  
1.38125
33.0896 12.087  
1.3875
34.4439 12.4208  
1.39375
35.8674 12.7548  
1.4
37.3624 13.0901  
1.40625
38.9317 13.4279  
1.4125
40.5781 13.769  
1.41875
42.3046 14.1142  
1.425
44.1145 14.4644  
1.43125
46.0114 14.8203  
1.4375
47.9991 15.1825  
1.44375
50.0816 15.5516  
1.45
52.2632 15.9281  
1.45625
54.5485 16.3126  
1.4625
56.9424 16.7056  
1.46875
59.4498 17.1075  
1.475
62.0763 17.5187  
1.48125
64.8275 17.9395  
1.4875
67.7094 18.3705  
1.49375
70.7283 18.8119  
1.5
73.891 19.2641  
1.50625
77.2043 19.7275  
1.5125
80.6758 20.2024  
1.51875
84.3131 20.6891  
1.525
88.1244 21.188  
1.53125
92.1183 21.6994  
1.5375
96.3038 22.2237  
1.54375
100.69 22.7611  
1.55
105.288 23.3122  
1.55625
110.107 23.8771  
1.5625
115.158 24.4563  
1.56875
120.454 25.0502  
1.575
126.005 25.6591  
1.58125
131.825 26.2833  
1.5875
137.928 26.9234  
1.59375
144.327 27.5797  
1.6
151.037 28.2526  
1.60625
158.073 28.9425  
1.6125
165.452 29.6498  
1.61875
173.192 30.3751  
1.625
181.309 31.1187  
1.63125
189.823 31.8812  
1.6375
198.754 32.663  
1.64375
208.123 33.4645  
1.65
217.951 34.2864  
1.65625
228.261 35.129  
1.6625
239.078 35.993  
1.66875
250.428 36.8788  
1.675
262.336 37.7871  
1.68125
274.832 38.7184  
1.6875
287.944 39.6732  
1.69375
301.703 40.6522  
1.7
316.143 41.656  
1.70625
331.296 42.6852  
1.7125
347.2 43.7405  
1.71875
363.892 44.8225  
1.725
381.412 45.9318  
1.73125
399.801 47.0693  
1.7375
419.104 48.2355  
1.74375
439.365 49.4313  
1.75
460.635 50.6573  
1.75625
482.963 51.9144  
1.7625
506.404 53.2033  
1.76875
531.013 54.5248  
1.775
556.849 55.8798  
1.78125
583.975 57.2691  
1.7875
612.456 58.6935  
1.79375
642.359 60.154  
1.8
673.758 61.6515  
1.80625
706.728 63.1869  
1.8125
741.349 64.7611  
1.81875
777.704 66.3752  
1.825
815.881 68.0302  
1.83125
855.972 69.727  
1.8375
898.075 71.4668  
1.84375
942.291 73.2506  
1.85
988.728 75.0796  
1.85625
1037.5 76.9549  
1.8625
1088.72 78.8777  
1.86875
1142.52 80.8491  
1.875
1199.02 82.8705  
1.88125
1258.38 84.943  
1.8875
1320.71 87.0679  
1.89375
1386.19 89.2467  
1.9
1454.98 91.4806  
1.90625
1527.23 93.771  
1.9125
1603.12 96.1195  
1.91875
1682.85 98.5273  
1.925
1766.6 100.996  
1.93125
1854.58 103.527  
1.9375
1947 106.123  
1.94375
2044.1 108.784  
1.95
2146.1 111.512  
1.95625
2253.27 114.31  
1.9625
2365.85 117.178  
1.96875
2484.14 120.119  
1.975
2608.41 123.134  
1.98125
2738.98 126.226  
1.9875
2876.16 129.395  
1.99375
3020.29 132.645  
