0 0 0  
0.0125 -0.0126569 0.0120267  
0.025 -0.0256309 0.0230889  
0.0375 -0.0389271 0.03316  
0.05 -0.052552 0.0422137  
0.0625 -0.0665127 0.050224  
0.075 -0.0808174 0.0571651  
0.0875 -0.095475 0.063011  
0.1 -0.110495 0.0677358  
0.1125 -0.125889 0.0713132  
0.125 -0.141666 0.0737164  
0.1375 -0.15784 0.0749182  
0.15 -0.174422 0.0748906  
0.1625 -0.191425 0.0736049  
0.175 -0.208862 0.0710313  
0.1875 -0.226747 0.0671389  
0.2 -0.245091 0.0618957  
0.2125 -0.26391 0.055268  
0.225 -0.283215 0.0472209  
0.2375 -0.303019 0.0377175  
0.25 -0.323334 0.0267193  
0.2625 -0.344171 0.0141856  
0.275 -0.365541 7.39206e-05  
0.2875 -0.387451 -0.0156609  
0.3 -0.409909 -0.0330661  
0.3125 -0.432921 -0.0521917  
0.325 -0.456488 -0.0730903  
0.3375 -0.480611 -0.0958174  
0.35 -0.505287 -0.120431  
0.3625 -0.53051 -0.146994  
0.375 -0.556268 -0.17557  
0.3875 -0.582547 -0.206228  
0.4 -0.609324 -0.23904  
0.4125 -0.636574 -0.274081  
0.425 -0.664262 -0.311431  
0.4375 -0.692347 -0.351174  
0.45 -0.720778 -0.393397  
0.4625 -0.749495 -0.438191  
0.475 -0.778427 -0.485654  
0.4875 -0.80749 -0.535886  
0.5 -0.836588 -0.588993  
0.5125 -0.865607 -0.645085  
0.525 -0.894418 -0.704276  
0.5375 -0.922875 -0.766688  
0.55 -0.950807 -0.832445  
0.5625 -0.978023 -0.901678  
0.575 -1.00431 -0.97452  
0.5875 -1.02941 -1.05111  
0.6 -1.05306 -1.1316  
0.6125 -1.07494 -1.21614  
0.625 -1.09471 -1.30487  
0.6375 -1.11197 -1.39796  
0.65 -1.1263 -1.49558  
0.6625 -1.1372 -1.59788  
0.675 -1.14414 -1.70505  
0.6875 -1.14651 -1.81724  
0.7 -1.14367 -1.93464  
0.7125 -1.13487 -2.05742  
0.725 -1.11931 -2.18575  
0.7375 -1.09609 -2.31981  
0.75 -1.06423 -2.45976  
0.7625 -1.02266 -2.60576  
0.775 -0.970203 -2.75795  
0.7875 -0.905566 -2.91649  
0.8 -0.827346 -3.08147  
0.8125 -0.734017 -3.253  
0.825 -0.623923 -3.43114  
0.8375 -0.495277 -3.61591  
0.85 -0.346153 -3.80728  
0.8625 -0.174489 -4.00517  
0.875 0.021914 -4.20942  
0.8875 0.245386 -4.41976  
0.9 0.498377 -4.63582  
0.9125 0.783443 -4.85708  
0.925 1.10322 -5.08282  
0.9375 1.46038 -5.31212  
0.95 1.85758 -5.54377  
0.9625 2.29743 -5.77624  
0.975 2.78235 -6.00755  
0.9875 3.31447 -6.23523  
1 3.89551 -6.45618  
1.0125 4.52654 -6.66653  
1.025 5.20781 -6.8615  
1.0375 5.93842 -7.0352  
1.05 6.71603 -7.18046  
1.0625 7.53648 -7.28862  
1.075 8.39345 -7.34936  
1.0875 9.2781 -7.35061  
1.1 10.1788 -7.27857  
1.1125 11.0812 -7.11794  
1.125 11.9686 -6.85256  
1.1375 12.8223 -6.46644  
1.15 13.6241 -5.94534  
1.1625 14.3574 -5.27897  
1.175 15.011 -4.46345  
1.1875 15.5816 -3.5037  
1.2 16.0764 -2.41504  
1.2125 16.5145 -1.22329  
1.225 16.9262 0.0371693  
1.2375 17.3496 1.32726  
1.25 17.8269 2.60819  
1.2625 18.3991 3.84627  
1.275 19.1027 5.01655  
1.2875 19.967 6.10435  
1.3 21.0138 7.10491  
1.3125 22.259 8.02166  
1.325 23.7137 8.86382  
1.3375 25.3867 9.64403  
1.35 27.2861 10.3763  
1.3625 29.421 11.0747  
1.375 31.8025 11.7523  
1.3875 34.4442 12.4207  
1.4 37.3627 13.0901  
1.4125 40.5784 13.7689  
1.425 44.1148 14.4644  
1.4375 47.9994 15.1824  
1.45 52.2636 15.9281  
1.4625 56.9428 16.7056  
1.475 62.0768 17.5186  
1.4875 67.7099 18.3705  
1.5 73.8916 19.2641  
1.5125 80.6764 20.2023  
1.525 88.1251 21.1879  
1.5375 96.3045 22.2236  
1.55 105.289 23.3121  
1.5625 115.159 24.4562  
1.575 126.006 25.6589  
1.5875 137.929 26.9232  
1.6 151.038 28.2523  
1.6125 165.454 29.6495  
1.625 181.311 31.1183  
1.6375 198.756 32.6624  
1.65 217.953 34.2857  
1.6625 239.081 35.9922  
1.675 262.339 37.7862  
1.6875 287.947 39.6721  
1.7 316.146 41.6546  
1.7125 347.204 43.7388  
1.725 381.416 45.9298  
1.7375 419.109 48.2331  
1.75 460.641 50.6544  
1.7625 506.411 53.1997  
1.775 556.857 55.8754  
1.7875 612.464 58.6882  
1.8 673.769 61.6451  
1.8125 741.361 64.7533  
1.825 815.895 68.0205  
1.8375 898.091 71.4549  
1.85 988.748 75.0649  
1.8625 1088.74 78.8592  
1.875 1199.05 82.847  
1.8875 1320.75 87.0378  
1.9 1455.02 91.4411  
1.9125 1603.18 96.0664  
1.925 1766.68 100.922  
1.9375 1947.11 106.016  
1.95 2146.27 111.348  
1.9625 2366.13 116.904  
1.975 2608.92 122.625  
1.9875 2877.23 128.31  
2 3174.43 133.213  
