0
0 0  
0.0125
-0.0126573 0.0120244  
0.025
-0.0256317 0.0230844  
0.0375
-0.0389285 0.0331532  
0.05
-0.052554 0.0422046  
0.0625
-0.0665155 0.0502126  
0.075
-0.080821 0.0571513  
0.0875
-0.0954796 0.0629948  
0.1
-0.110501 0.0677171  
0.1125
-0.125895 0.0712918  
0.125
-0.141674 0.0736922  
0.1375
-0.157849 0.0748911  
0.15
-0.174433 0.0748604  
0.1625
-0.191437 0.0735714  
0.175
-0.208876 0.0709943  
0.1875
-0.226762 0.0670983  
0.2
-0.245108 0.0618511  
0.2125
-0.263928 0.0552193  
0.225
-0.283235 0.0471677  
0.2375
-0.30304 0.0376597  
0.25
-0.323357 0.0266565  
0.2625
-0.344196 0.0141176  
0.275
-0.365566 2.28606e-07  
0.2875
-0.387478 -0.0157405  
0.3
-0.409937 -0.033152  
0.3125
-0.432949 -0.0522842  
0.325
-0.456517 -0.0731897  
0.3375
-0.480641 -0.0959241  
0.35
-0.505317 -0.120546  
0.3625
-0.530539 -0.147117  
0.375
-0.556296 -0.175701  
0.3875
-0.582573 -0.206368  
0.4
-0.609348 -0.239189  
0.4125
-0.636595 -0.274239  
0.425
-0.664279 -0.311599  
0.4375
-0.692358 -0.351351  
0.45
-0.720783 -0.393583  
0.4625
-0.749492 -0.438388  
0.475
-0.778414 -0.485861  
0.4875
-0.807466 -0.536103  
0.5
-0.83655 -0.58922  
0.5125
-0.865554 -0.645322  
0.525
-0.894348 -0.704523  
0.5375
-0.922783 -0.766944  
0.55
-0.950692 -0.832709  
0.5625
-0.977881 -0.901949  
0.575
-1.00413 -0.974798  
0.5875
-1.0292 -1.0514  
0.6
-1.05281 -1.13189  
0.6125
-1.07465 -1.21642  
0.625
-1.09437 -1.30515  
0.6375
-1.11157 -1.39824  
0.65
-1.12584 -1.49585  
0.6625
-1.13667 -1.59814  
0.675
-1.14354 -1.70529  
0.6875
-1.14583 -1.81746  
0.7
-1.1429 -1.93483  
0.7125
-1.13401 -2.05757  
0.725
-1.11834 -2.18586  
0.7375
-1.09501 -2.31985  
0.75
-1.06303 -2.45973  
0.7625
-1.02134 -2.60564  
0.775
-0.968749 -2.75774  
0.7875
-0.903977 -2.91614  
0.8
-0.82562 -3.08098  
0.8125
-0.732154 -3.25234  
0.825
-0.621927 -3.43027  
0.8375
-0.493157 -3.61479  
0.85
-0.343924 -3.80588  
0.8625
-0.172174 -4.00343  
0.875
0.0242814 -4.20728  
0.8875
0.24776 -4.41716  
0.9
0.500697 -4.63267  
0.9125
0.785626 -4.85329  
0.925
1.10516 -5.07828  
0.9375
1.46193 -5.3067  
0.95
1.85858 -5.53732  
0.9625
2.29765 -5.76858  
0.975
2.7815 -5.99848  
0.9875
3.31221 -6.2245  
1
3.8914 -6.44351  
1.0125
4.52006 -6.6516  
1.025
5.19831 -6.84392  
1.0375
5.92513 -7.01457  
1.05
6.69802 -7.1563  
1.0625
7.5127 -7.26044  
1.075
8.36269 -7.31667  
1.0875
9.23904 -7.31293  
1.1
10.1301 -7.23554  
1.1125
11.0216 -7.06941  
1.125
11.8968 -6.79871  
1.1375
12.7377 -6.40795  
1.15
13.5265 -5.88352  
1.1625
14.2476 -5.21588  
1.175
14.8904 -4.40183  
1.1875
15.4526 -3.44682  
1.2
15.9418 -2.36629  
1.2125
16.377 -1.18561  
1.225
16.7879 0.0617641  
1.2375
17.2116 1.33803  
1.25
17.689 2.60568  
1.2625
18.2601 3.83206  
1.275
18.9604 4.99275  
1.2875
19.819 6.07316  
1.3
20.8577 7.06826  
1.3125
22.0924 7.98103  
1.325
23.5346 8.82021  
1.3375
25.1932 9.59802  
1.35
27.0765 10.3282  
1.3625
29.1937 11.0245  
1.375
31.5557 11.6999  
1.3875
34.1762 12.3661  
1.4
37.0717 13.033  
1.4125
40.2621 13.7092  
1.425
43.771 14.402  
1.4375
47.6256 15.1172  
1.45
51.8571 15.8599  
1.4625
56.5005 16.6343  
1.475
61.5955 17.4442  
1.4875
67.186 18.2927  
1.5
73.3212 19.1829  
1.5125
80.0553 20.1176  
1.525
87.4485 21.0996  
1.5375
95.5674 22.1315  
1.55
104.485 23.216  
1.5625
114.284 24.3561  
1.575
125.052 25.5546  
1.5875
136.889 26.8145  
1.6
149.904 28.1391  
1.6125
164.218 29.5317  
1.625
179.963 30.9956  
1.6375
197.286 32.5348  
1.65
216.35 34.1528  
1.6625
237.333 35.854  
1.675
260.433 37.6424  
1.6875
285.868 39.5225  
1.7
313.879 41.4992  
1.7125
344.731 43.5773  
1.725
378.719 45.762  
1.7375
416.166 48.0589  
1.75
457.432 50.4736  
1.7625
502.91 53.0122  
1.775
553.039 55.6811  
1.7875
608.3 58.4869  
1.8
669.226 61.4367  
1.8125
736.407 64.5379  
1.825
810.491 67.7982  
1.8375
892.198 71.2258  
1.85
982.32 74.8293  
1.8625
1081.73 78.6178  
1.875
1191.41 82.6006  
1.8875
1312.41 86.7878  
1.9
1445.93 91.1899  
1.9125
1593.26 95.8178  
1.925
1755.85 100.683  
1.9375
1935.29 105.798  
1.95
2133.35 111.176  
1.9625
2351.96 116.83  
1.975
2593.28 122.773  
1.9875
2859.67 129.022  
2
3153.78 135.591  
