0 0 0  
0.025 -0.0256342 0.0230708  
0.05 -0.0525602 0.0421773  
0.075 -0.080832 0.0571099  
0.1 -0.110518 0.0676607  
0.125 -0.141698 0.0736195  
0.15 -0.174465 0.0747697  
0.175 -0.208916 0.0708834  
0.2 -0.245158 0.0617174  
0.225 -0.283294 0.0470083  
0.25 -0.323426 0.026468  
0.275 -0.365643 -0.000220958  
0.3 -0.410021 -0.0334098  
0.325 -0.456605 -0.0734882  
0.35 -0.505405 -0.120889  
0.375 -0.55638 -0.176093  
0.4 -0.609419 -0.239634  
0.425 -0.664328 -0.3121  
0.45 -0.720796 -0.394144  
0.475 -0.778375 -0.486482  
0.5 -0.836438 -0.589901  
0.525 -0.894135 -0.705261  
0.55 -0.950345 -0.833499  
0.575 -1.00361 -0.975627  
0.6 -1.05207 -1.13274  
0.625 -1.09334 -1.30601  
0.65 -1.12447 -1.49666  
0.675 -1.14174 -1.70601  
0.7 -1.1406 -1.93539  
0.725 -1.11544 -2.18615  
0.75 -1.05945 -2.45963  
0.775 -0.964403 -2.75706  
0.8 -0.820468 -3.07948  
0.825 -0.615982 -3.42761  
0.85 -0.337304 -3.80162  
0.875 0.0312838 -4.20081  
0.9 0.507508 -4.62315  
0.925 1.11076 -5.06458  
0.95 1.86127 -5.51789  
0.975 2.77854 -5.97118  
1 3.87853 -6.40546  
1.025 5.16911 -6.79127  
1.05 6.64326 -7.08419  
1.075 8.26993 -7.21954  
1.1 9.98447 -7.10864  
1.125 11.6842 -6.64152  
1.15 13.2406 -5.70543  
1.175 14.5404 -4.22711  
1.2 15.5533 -2.23063  
1.225 16.3893 0.127658  
1.25 17.2906 2.59431  
1.275 18.5483 4.92046  
1.3 20.4051 6.95899  
1.325 23.0152 8.691  
1.35 26.4684 10.1861  
1.375 30.8394 11.5459  
1.4 36.2264 12.8655  
1.425 42.7727 14.2191  
1.45 50.6766 15.6601  
1.475 60.1982 17.226  
1.5 71.6654 18.9451  
1.525 85.4848 20.8407  
1.55 102.155 22.9346  
1.575 122.285 25.2488  
1.6 146.616 27.8072  
1.625 176.055 30.6354  
1.65 211.705 33.7622  
1.675 254.909 37.219  
1.7 307.309 41.0406  
1.725 370.906 45.2655  
1.75 448.14 49.9364  
1.775 541.989 55.1002  
1.8 656.088 60.809  
1.825 794.873 67.1203  
1.85 963.758 74.0977  
1.875 1169.36 81.8115  
1.9 1419.74 90.3394  
1.925 1724.76 99.7674  
1.95 2096.46 110.19  
1.975 2549.53 121.713  
2 3101.94 134.453  
