0 0 0  
0.05 -0.052585 0.042068  
0.1 -0.110586 0.0674345  
0.15 -0.174592 0.0744057  
0.2 -0.245358 0.0611811  
0.25 -0.323701 0.0257122  
0.3 -0.410358 -0.0344427  
0.35 -0.50576 -0.122264  
0.4 -0.609702 -0.241414  
0.45 -0.720845 -0.396381  
0.5 -0.835978 -0.592612  
0.55 -0.948946 -0.836629  
0.6 -1.04908 -1.1361  
0.65 -1.11898 -1.49981  
0.7 -1.13142 -1.93745  
0.75 -1.04525 -2.45896  
0.8 -0.800275 -3.07304  
0.85 -0.311847 -3.78389  
0.9 0.532476 -4.58409  
0.95 1.86739 -5.43903  
1 3.81886 -6.25324  
1.05 6.41502 -6.80263  
1.1 9.41431 -6.63606  
1.15 12.1945 -5.09452  
1.2 14.1955 -1.81744  
1.25 15.8893 2.50572  
1.3 18.798 6.53439  
1.35 24.2996 9.65237  
1.4 33.2045 12.2483  
1.45 46.4585 14.9269  
1.5 65.7552 18.0729  
1.55 93.8448 21.9033  
1.6 134.905 26.5927  
1.65 195.179 32.3359  
1.7 283.977 39.3697  
1.75 415.197 47.9842  
1.8 609.607 58.5347  
1.85 898.258 71.4564  
1.9 1327.61 87.282  
1.95 1967.18 106.664  
