0
0 0  
0.003125
-0.00313478 0.0030956  
0.00625
-0.00628916 0.00613217  
0.009375
-0.00946319 0.00910931  
0.0125
-0.012657 0.0120266  
0.015625
-0.0158705 0.0148836  
0.01875
-0.019104 0.0176798  
0.021875
-0.0223574 0.020415  
0.025
-0.0256309 0.0230886  
0.028125
-0.0289245 0.0257003  
0.03125
-0.0322384 0.0282496  
0.034375
-0.0355726 0.0307362  
0.0375
-0.0389272 0.0331595  
0.040625
-0.0423023 0.0355193  
0.04375
-0.0456981 0.0378151  
0.046875
-0.0491147 0.0400465  
0.05
-0.0525521 0.0422131  
0.053125
-0.0560105 0.0443145  
0.05625
-0.05949 0.0463502  
0.059375
-0.0629908 0.04832  
0.0625
-0.0665129 0.0502233  
0.065625
-0.0700565 0.0520598  
0.06875
-0.0736217 0.053829  
0.071875
-0.0772087 0.0555306  
0.075
-0.0808176 0.0571642  
0.078125
-0.0844486 0.0587293  
0.08125
-0.0881018 0.0602256  
0.084375
-0.0917773 0.0616527  
0.0875
-0.0954753 0.06301  
0.090625
-0.099196 0.0642973  
0.09375
-0.102939 0.0655141  
0.096875
-0.106706 0.06666  
0.1
-0.110496 0.0677347  
0.103125
-0.114309 0.0687376  
0.10625
-0.118145 0.0696684  
0.109375
-0.122005 0.0705266  
0.1125
-0.125889 0.0713119  
0.115625
-0.129797 0.0720238  
0.11875
-0.133729 0.0726618  
0.121875
-0.137686 0.0732257  
0.125
-0.141667 0.0737149  
0.128125
-0.145673 0.074129  
0.13125
-0.149704 0.0744676  
0.134375
-0.153759 0.0747303  
0.1375
-0.157841 0.0749165  
0.140625
-0.161947 0.0750259  
0.14375
-0.16608 0.0750581  
0.146875
-0.170238 0.0750125  
0.15
-0.174423 0.0748887  
0.153125
-0.178634 0.0746864  
0.15625
-0.182871 0.0744049  
0.159375
-0.187135 0.0740439  
0.1625
-0.191426 0.0736028  
0.165625
-0.195744 0.0730813  
0.16875
-0.20009 0.0724788  
0.171875
-0.204463 0.0717949  
0.175
-0.208863 0.071029  
0.178125
-0.213292 0.0701807  
0.18125
-0.217749 0.0692495  
0.184375
-0.222234 0.0682349  
0.1875
-0.226748 0.0671364  
0.190625
-0.23129 0.0659534  
0.19375
-0.235862 0.0646856  
0.196875
-0.240462 0.0633322  
0.2
-0.245093 0.0618929  
0.203125
-0.249752 0.060367  
0.20625
-0.254442 0.0587541  
0.209375
-0.259161 0.0570536  
0.2125
-0.263911 0.055265  
0.215625
-0.268691 0.0533876  
0.21875
-0.273502 0.0514209  
0.221875
-0.278344 0.0493644  
0.225
-0.283216 0.0472175  
0.228125
-0.28812 0.0449796  
0.23125
-0.293055 0.0426501  
0.234375
-0.298022 0.0402284  
0.2375
-0.30302 0.0377139  
0.240625
-0.308051 0.0351059  
0.24375
-0.313113 0.0324039  
0.246875
-0.318208 0.0296073  
0.25
-0.323336 0.0267153  
0.253125
-0.328496 0.0237274  
0.25625
-0.333688 0.0206429  
0.259375
-0.338914 0.0174611  
0.2625
-0.344173 0.0141814  
0.265625
-0.349465 0.010803  
0.26875
-0.354791 0.00732537  
0.271875
-0.36015 0.0037477  
0.275
-0.365542 6.93114e-05  
0.278125
-0.370969 -0.0037105  
0.28125
-0.376429 -0.00759248  
0.284375
-0.381924 -0.0115773  
0.2875
-0.387453 -0.0156658  
0.290625
-0.393016 -0.0198587  
0.29375
-0.398613 -0.0241568  
0.296875
-0.404245 -0.0285608  
0.3
-0.409911 -0.0330715  
0.303125
-0.415612 -0.0376897  
0.30625
-0.421347 -0.0424162  
0.309375
-0.427117 -0.0472518  
0.3125
-0.432922 -0.0521975  
0.315625
-0.438762 -0.0572539  
0.31875
-0.444636 -0.0624219  
0.321875
-0.450546 -0.0677025  
0.325
-0.45649 -0.0730965  
0.328125
-0.462468 -0.0786047  
0.33125
-0.468482 -0.0842281  
0.334375
-0.47453 -0.0899676  
0.3375
-0.480613 -0.095824  
0.340625
-0.48673 -0.101798  
0.34375
-0.492882 -0.107892  
0.346875
-0.499068 -0.114105  
0.35
-0.505289 -0.120439  
0.353125
-0.511544 -0.126894  
0.35625
-0.517833 -0.133473  
0.359375
-0.524155 -0.140175  
0.3625
-0.530512 -0.147002  
0.365625
-0.536902 -0.153955  
0.36875
-0.543325 -0.161034  
0.371875
-0.549781 -0.168242  
0.375
-0.55627 -0.175578  
0.378125
-0.562791 -0.183045  
0.38125
-0.569345 -0.190643  
0.384375
-0.575931 -0.198373  
0.3875
-0.582548 -0.206237  
0.390625
-0.589197 -0.214235  
0.39375
-0.595876 -0.222369  
0.396875
-0.602586 -0.23064  
0.4
-0.609326 -0.239049  
0.403125
-0.616095 -0.247598  
0.40625
-0.622894 -0.256287  
0.409375
-0.629721 -0.265117  
0.4125
-0.636576 -0.274091  
0.415625
-0.643458 -0.283209  
0.41875
-0.650367 -0.292473  
0.421875
-0.657303 -0.301883  
0.425
-0.664263 -0.311442  
0.428125
-0.671249 -0.32115  
0.43125
-0.678259 -0.331009  
0.434375
-0.685292 -0.34102  
0.4375
-0.692348 -0.351185  
0.440625
-0.699425 -0.361505  
0.44375
-0.706524 -0.371981  
0.446875
-0.713642 -0.382615  
0.45
-0.720779 -0.393408  
0.453125
-0.727934 -0.404362  
0.45625
-0.735105 -0.415478  
0.459375
-0.742293 -0.426758  
0.4625
-0.749495 -0.438203  
0.465625
-0.756711 -0.449815  
0.46875
-0.763939 -0.461595  
0.471875
-0.771178 -0.473545  
0.475
-0.778426 -0.485667  
0.478125
-0.785683 -0.497961  
0.48125
-0.792947 -0.510431  
0.484375
-0.800216 -0.523076  
0.4875
-0.807489 -0.5359  
0.490625
-0.814764 -0.548903  
0.49375
-0.822039 -0.562087  
0.496875
-0.829314 -0.575455  
0.5
-0.836585 -0.589007  
0.503125
-0.843852 -0.602746  
0.50625
-0.851112 -0.616673  
0.509375
-0.858363 -0.63079  
0.5125
-0.865603 -0.645099  
0.515625
-0.872831 -0.659602  
0.51875
-0.880043 -0.674301  
0.521875
-0.887239 -0.689197  
0.525
-0.894414 -0.704292  
0.528125
-0.901567 -0.719588  
0.53125
-0.908696 -0.735088  
0.534375
-0.915798 -0.750793  
0.5375
-0.922869 -0.766704  
0.540625
-0.929908 -0.782825  
0.54375
-0.936911 -0.799157  
0.546875
-0.943876 -0.815702  
0.55
-0.9508 -0.832462  
0.553125
-0.957679 -0.849439  
0.55625
-0.964509 -0.866636  
0.559375
-0.971289 -0.884053  
0.5625
-0.978014 -0.901695  
0.565625
-0.984681 -0.919562  
0.56875
-0.991286 -0.937656  
0.571875
-0.997825 -0.955981  
0.575
-1.00429 -0.974538  
0.578125
-1.01069 -0.993329  
0.58125
-1.01701 -1.01236  
0.584375
-1.02325 -1.03162  
0.5875
-1.0294 -1.05113  
0.590625
-1.03546 -1.07088  
0.59375
-1.04142 -1.09088  
0.596875
-1.04728 -1.11112  
0.6
-1.05304 -1.13162  
0.603125
-1.05869 -1.15237  
0.60625
-1.06422 -1.17337  
0.609375
-1.06964 -1.19463  
0.6125
-1.07492 -1.21615  
0.615625
-1.08008 -1.23794  
0.61875
-1.08509 -1.25999  
0.621875
-1.08996 -1.2823  
0.625
-1.09469 -1.30489  
0.628125
-1.09925 -1.32775  
0.63125
-1.10365 -1.35088  
0.634375
-1.10789 -1.37429  
0.6375
-1.11195 -1.39798  
0.640625
-1.11582 -1.42195  
0.64375
-1.1195 -1.44621  
0.646875
-1.12299 -1.47076  
0.65
-1.12627 -1.49559  
0.653125
-1.12933 -1.52072  
0.65625
-1.13218 -1.54615  
0.659375
-1.13479 -1.57187  
0.6625
-1.13716 -1.5979  
0.665625
-1.13929 -1.62423  
0.66875
-1.14116 -1.65086  
0.671875
-1.14277 -1.6778  
0.675
-1.1441 -1.70506  
0.678125
-1.14514 -1.73263  
0.68125
-1.14589 -1.76052  
0.684375
-1.14634 -1.78872  
0.6875
-1.14647 -1.81725  
0.690625
-1.14628 -1.84611  
0.69375
-1.14574 -1.87529  
0.696875
-1.14486 -1.9048  
0.7
-1.14362 -1.93465  
0.703125
-1.14201 -1.96483  
0.70625
-1.14001 -1.99536  
0.709375
-1.13762 -2.02622  
0.7125
-1.13482 -2.05743  
0.715625
-1.13159 -2.08898  
0.71875
-1.12793 -2.12089  
0.721875
-1.12382 -2.15315  
0.725
-1.11925 -2.18576  
0.728125
-1.11419 -2.21873  
0.73125
-1.10865 -2.25206  
0.734375
-1.1026 -2.28575  
0.7375
-1.09602 -2.31981  
0.740625
-1.0889 -2.35424  
0.74375
-1.08123 -2.38904  
0.746875
-1.07299 -2.42421  
0.75
-1.06416 -2.45976  
0.753125
-1.05472 -2.49568  
0.75625
-1.04465 -2.53199  
0.759375
-1.03395 -2.56867  
0.7625
-1.02258 -2.60575  
0.765625
-1.01053 -2.64321  
0.76875
-0.997785 -2.68106  
0.771875
-0.984319 -2.7193  
0.775
-0.970113 -2.75794  
0.778125
-0.955146 -2.79697  
0.78125
-0.939397 -2.8364  
0.784375
-0.922845 -2.87623  
0.7875
-0.905467 -2.91646  
0.790625
-0.887241 -2.9571  
0.79375
-0.868143 -2.99814  
0.796875
-0.848151 -3.03959  
0.8
-0.827239 -3.08144  
0.803125
-0.805383 -3.1237  
0.80625
-0.782559 -3.16638  
0.809375
-0.75874 -3.20946  
0.8125
-0.733901 -3.25296  
0.815625
-0.708015 -3.29687  
0.81875
-0.681054 -3.34119  
0.821875
-0.652991 -3.38593  
0.825
-0.623799 -3.43108  
0.828125
-0.593447 -3.47665  
0.83125
-0.561908 -3.52263  
0.834375
-0.52915 -3.56903  
0.8375
-0.495144 -3.61584  
0.840625
-0.45986 -3.66306  
0.84375
-0.423264 -3.71069  
0.846875
-0.385327 -3.75874  
0.85
-0.346014 -3.80719  
0.853125
-0.305293 -3.85606  
0.85625
-0.263131 -3.90532  
0.859375
-0.219493 -3.95499  
0.8625
-0.174345 -4.00507  
0.865625
-0.127651 -4.05553  
0.86875
-0.0793763 -4.1064  
0.871875
-0.0294843 -4.15765  
0.875
0.0220615 -4.20929  
0.878125
0.0752983 -4.26131  
0.88125
0.130264 -4.3137  
0.884375
0.186996 -4.36647  
0.8875
0.245533 -4.4196  
0.890625
0.305915 -4.47309  
0.89375
0.368181 -4.52693  
0.896875
0.432369 -4.58111  
0.9
0.498521 -4.63563  
0.903125
0.566678 -4.69047  
0.90625
0.636878 -4.74562  
0.909375
0.709165 -4.80109  
0.9125
0.783579 -4.85684  
0.915625
0.860161 -4.91288  
0.91875
0.938954 -4.96918  
0.921875
1.02 -5.02574  
0.925
1.10334 -5.08253  
0.928125
1.18901 -5.13955  
0.93125
1.27707 -5.19678  
0.934375
1.36754 -5.2542  
0.9375
1.46047 -5.31178  
0.940625
1.55591 -5.36951  
0.94375
1.65389 -5.42737  
0.946875
1.75445 -5.48533  
0.95
1.85764 -5.54337  
0.953125
1.9635 -5.60146  
0.95625
2.07206 -5.65958  
0.959375
2.18336 -5.71769  
0.9625
2.29745 -5.77576  
0.965625
2.41434 -5.83376  
0.96875
2.5341 -5.89166  
0.971875
2.65674 -5.94941  
0.975
2.78229 -6.00698  
0.978125
2.9108 -6.06433  
0.98125
3.04229 -6.1214  
0.984375
3.17679 -6.17817  
0.9875
3.31433 -6.23456  
0.990625
3.45492 -6.29054  
0.99375
3.59859 -6.34604  
0.996875
3.74536 -6.40101  
1
3.89525 -6.45539  
1.00313
4.04826 -6.50911  
1.00625
4.20441 -6.5621  
1.00938
4.3637 -6.61429  
1.0125
4.52613 -6.6656  
1.01563
4.69171 -6.71595  
1.01875
4.86043 -6.76527  
1.02188
5.03226 -6.81345  
1.025
5.20721 -6.8604  
1.02813
5.38525 -6.90603  
1.03125
5.56635 -6.95023  
1.03438
5.75047 -6.9929  
1.0375
5.93759 -7.03391  
1.04063
6.12764 -7.07315  
1.04375
6.32059 -7.1105  
1.04688
6.51636 -7.14581  
1.05
6.7149 -7.17895  
1.05313
6.91612 -7.20978  
1.05625
7.11993 -7.23815  
1.05938
7.32626 -7.2639  
1.0625
7.53499 -7.28686  
1.06563
7.746 -7.30686  
1.06875
7.95919 -7.32373  
1.07188
8.1744 -7.33728  
1.075
8.39151 -7.34732  
1.07813
8.61036 -7.35364  
1.08125
8.83078 -7.35605  
1.08438
9.0526 -7.35433  
1.0875
9.27563 -7.34826  
1.09063
9.49968 -7.33761  
1.09375
9.72453 -7.32215  
1.09688
9.94996 -7.30165  
1.1
10.1757 -7.27587  
1.10313
10.4016 -7.24455  
1.10625
10.6274 -7.20746  
1.10938
10.8528 -7.16432  
1.1125
11.0775 -7.1149  
1.11563
11.3012 -7.05892  
1.11875
11.5238 -6.99615  
1.12188
11.7448 -6.92632  
1.125
11.964 -6.84918  
1.12813
12.1812 -6.76449  
1.13125
12.3959 -6.67201  
1.13438
12.6079 -6.57151  
1.1375
12.817 -6.46276  
1.14063
13.0228 -6.34556  
1.14375
13.2251 -6.21973  
1.14688
13.4235 -6.08507  
1.15
13.6179 -5.94145  
1.15313
13.808 -5.78872  
1.15625
13.9936 -5.62678  
1.15938
14.1745 -5.45556  
1.1625
14.3505 -5.27499  
1.16563
14.5214 -5.08508  
1.16875
14.6873 -4.88582  
1.17188
14.8479 -4.67728  
1.175
15.0034 -4.45956  
1.17813
15.1535 -4.23278  
1.18125
15.2985 -3.99713  
1.18438
15.4384 -3.75281  
1.1875
15.5734 -3.5001  
1.19063
15.7035 -3.23929  
1.19375
15.8291 -2.97073  
1.19688
15.9505 -2.69481  
1.2
16.0678 -2.41195  
1.20313
16.1816 -2.12262  
1.20625
16.2922 -1.82731  
1.20938
16.4001 -1.52655  
1.2125
16.5058 -1.2209  
1.21563
16.6098 -0.910944  
1.21875
16.7126 -0.597275  
1.22188
16.815 -0.280509  
1.225
16.9174 0.0387312  
1.22813
17.0205 0.359819  
1.23125
17.125 0.68213  
1.23438
17.2316 1.00504  
1.2375
17.3408 1.32795  
1.24063
17.4534 1.65026  
1.24375
17.5701 1.9714  
1.24688
17.6914 2.29083  
1.25
17.8181 2.60803  
1.25313
17.9507 2.92252  
1.25625
18.0899 3.23384  
1.25938
18.2362 3.54158  
1.2625
18.3903 3.84538  
1.26563
18.5526 4.14489  
1.26875
18.7236 4.43984  
1.27188
18.9038 4.72996  
1.275
19.0936 5.01506  
1.27813
19.2936 5.29496  
1.28125
19.504 5.56953  
1.28438
19.7252 5.8387  
1.2875
19.9575 6.10239  
1.29063
20.2013 6.36061  
1.29375
20.4568 6.61335  
1.29688
20.7242 6.86066  
1.3
21.0039 7.10262  
1.30313
21.2959 7.33932  
1.30625
21.6006 7.57087  
1.30938
21.918 7.79742  
1.3125
22.2484 8.01913  
1.31563
22.5918 8.23616  
1.31875
22.9486 8.44871  
1.32188
23.3186 8.65695  
1.325
23.7022 8.86112  
1.32813
24.0995 9.0614  
1.33125
24.5105 9.25802  
1.33438
24.9354 9.45121  
1.3375
25.3743 9.64118  
1.34063
25.8273 9.82816  
1.34375
26.2946 10.0124  
1.34688
26.7764 10.194  
1.35
27.2726 10.3733  
1.35313
27.7836 10.5506  
1.35625
28.3095 10.7259  
1.35938
28.8504 10.8995  
1.3625
29.4065 11.0716  
1.36563
29.9779 11.2425  
1.36875
30.565 11.4122  
1.37188
31.1678 11.581  
1.375
31.7867 11.7491  
1.37813
32.4218 11.9166  
1.38125
33.0734 12.0837  
1.38438
33.7417 12.2506  
1.3875
34.427 12.4173  
1.39063
35.1296 12.5842  
1.39375
35.8498 12.7513  
1.39688
36.5878 12.9187  
1.4
37.3441 13.0865  
1.40313
38.1189 13.255  
1.40625
38.9126 13.4242  
1.40938
39.7256 13.5942  
1.4125
40.5582 13.7652  
1.41563
41.4108 13.9372  
1.41875
42.2838 14.1104  
1.42188
43.1777 14.2848  
1.425
44.0928 14.4605  
1.42813
45.0297 14.6376  
1.43125
45.9888 14.8163  
1.43438
46.9706 14.9965  
1.4375
47.9755 15.1784  
1.44063
49.0042 15.362  
1.44375
50.057 15.5474  
1.44688
51.1347 15.7346  
1.45
52.2376 15.9238  
1.45313
53.3665 16.115  
1.45625
54.5218 16.3083  
1.45938
55.7043 16.5036  
1.4625
56.9145 16.7011  
1.46563
58.1531 16.9009  
1.46875
59.4208 17.1029  
1.47188
60.7182 17.3073  
1.475
62.046 17.514  
1.47813
63.405 17.7231  
1.48125
64.7959 17.9348  
1.48438
66.2194 18.1489  
1.4875
67.6764 18.3656  
1.49063
69.1676 18.5849  
1.49375
70.6939 18.8069  
1.49688
72.2561 19.0316  
1.5
73.8551 19.259  
1.50313
75.4917 19.4893  
1.50625
77.1669 19.7223  
1.50938
78.8815 19.9582  
1.5125
80.6367 20.1971  
1.51563
82.4333 20.4389  
1.51875
84.2723 20.6837  
1.52188
86.1548 20.9315  
1.525
88.0818 21.1824  
1.52813
90.0544 21.4365  
1.53125
92.0738 21.6937  
1.53438
94.1411 21.9542  
1.5375
96.2573 22.2179  
1.54063
98.4238 22.4849  
1.54375
100.642 22.7552  
1.54688
102.913 23.029  
1.55
105.237 23.3061  
1.55313
107.617 23.5868  
1.55625
110.054 23.871  
1.55938
112.549 24.1587  
1.5625
115.103 24.45  
1.56563
117.718 24.7451  
1.56875
120.396 25.0438  
1.57188
123.138 25.3462  
1.575
125.945 25.6525  
1.57813
128.819 25.9626  
1.58125
131.763 26.2766  
1.58438
134.776 26.5946  
1.5875
137.862 26.9166  
1.59063
141.023 27.2426  
1.59375
144.258 27.5727  
1.59688
147.572 27.907  
1.6
150.965 28.2454  
1.60313
154.44 28.5882  
1.60625
157.999 28.9352  
1.60938
161.643 29.2866  
1.6125
165.375 29.6424  
1.61563
169.196 30.0027  
1.61875
173.11 30.3675  
1.62188
177.119 30.737  
1.625
181.224 31.111  
1.62813
185.429 31.4898  
1.63125
189.735 31.8733  
1.63438
194.145 32.2617  
1.6375
198.661 32.6549  
1.64063
203.288 33.0531  
1.64375
208.026 33.4563  
1.64688
212.879 33.8646  
1.65
217.85 34.278  
1.65313
222.941 34.6966  
1.65625
228.156 35.1205  
1.65938
233.497 35.5497  
1.6625
238.968 35.9843  
1.66563
244.573 36.4243  
1.66875
250.313 36.87  
1.67188
256.193 37.3212  
1.675
262.216 37.7781  
1.67813
268.386 38.2407  
1.68125
274.707 38.7091  
1.68438
281.181 39.1835  
1.6875
287.813 39.6638  
1.69063
294.607 40.1501  
1.69375
301.566 40.6426  
1.69688
308.696 41.1413  
1.7
316 41.6462  
1.70313
323.482 42.1575  
1.70625
331.147 42.6752  
1.70938
339 43.1995  
1.7125
347.045 43.7303  
1.71563
355.286 44.2678  
1.71875
363.73 44.8121  
1.72188
372.38 45.3632  
1.725
381.242 45.9212  
1.72813
390.322 46.4863  
1.73125
399.624 47.0585  
1.73438
409.154 47.6379  
1.7375
418.918 48.2245  
1.74063
428.922 48.8186  
1.74375
439.172 49.4201  
1.74688
449.673 50.0292  
1.75
460.433 50.6459  
1.75313
471.457 51.2704  
1.75625
482.752 51.9028  
1.75938
494.326 52.5431  
1.7625
506.184 53.1914  
1.76563
518.333 53.8479  
1.76875
530.783 54.5127  
1.77188
543.539 55.1859  
1.775
556.609 55.8675  
1.77813
570.001 56.5577  
1.78125
583.724 57.2565  
1.78438
597.785 57.9642  
1.7875
612.193 58.6807  
1.79063
626.957 59.4063  
1.79375
642.085 60.141  
1.79688
657.587 60.8849  
1.8
673.472 61.6382  
1.80313
689.75 62.401  
1.80625
706.43 63.1734  
1.80938
723.522 63.9555  
1.8125
741.037 64.7474  
1.81563
758.985 65.5493  
1.81875
777.378 66.3612  
1.82188
796.226 67.1834  
1.825
815.54 68.0159  
1.82813
835.333 68.8589  
1.83125
855.617 69.7126  
1.83438
876.403 70.5769  
1.8375
897.704 71.4521  
1.84063
919.533 72.3383  
1.84375
941.904 73.2357  
1.84688
964.829 74.1444  
1.85
988.323 75.0644  
1.85313
1012.4 75.9961  
1.85625
1037.08 76.9395  
1.85938
1062.36 77.8947  
1.8625
1088.28 78.862  
1.86563
1114.84 79.8414  
1.86875
1142.06 80.8332  
1.87188
1169.95 81.8374  
1.875
1198.54 82.8543  
1.87813
1227.84 83.8839  
1.88125
1257.87 84.9265  
1.88438
1288.65 85.9823  
1.8875
1320.19 87.0513  
1.89063
1352.52 88.1337  
1.89375
1385.65 89.2298  
1.89688
1419.6 90.3396  
1.9
1454.4 91.4634  
1.90313
1490.07 92.6014  
1.90625
1526.63 93.7536  
1.90938
1564.1 94.9204  
1.9125
1602.5 96.1018  
1.91563
1641.86 97.2981  
1.91875
1682.19 98.5095  
1.92188
1723.54 99.736  
1.925
1765.92 100.978  
1.92813
1809.35 102.236  
1.93125
1853.87 103.509  
1.93438
1899.49 104.799  
1.9375
1946.26 106.104  
1.94063
1994.19 107.426  
1.94375
2043.32 108.765  
1.94688
2093.68 110.121  
1.95
2145.29 111.493  
1.95313
2198.2 112.883  
1.95625
2252.42 114.291  
1.95938
2308 115.716  
1.9625
2364.97 117.159  
1.96563
2423.37 118.62  
1.96875
2483.22 120.1  
1.97188
2544.57 121.598  
1.975
2607.45 123.115  
1.97813
2671.91 124.651  
1.98125
2737.98 126.206  
1.98438
2805.7 127.781  
1.9875
2875.11 129.376  
1.99063
2946.26 130.991  
1.99375
3019.2 132.626  
1.99688
3093.96 134.282  
