0
0 0  
0.00625
-0.00628919 0.00613196  
0.0125
-0.012657 0.0120261  
0.01875
-0.0191041 0.0176792  
0.025
-0.0256311 0.0230878  
0.03125
-0.0322386 0.0282486  
0.0375
-0.0389274 0.0331583  
0.04375
-0.0456985 0.0378136  
0.05
-0.0525525 0.0422114  
0.05625
-0.0594905 0.0463483  
0.0625
-0.0665134 0.0502211  
0.06875
-0.0736223 0.0538266  
0.075
-0.0808183 0.0571616  
0.08125
-0.0881025 0.0602228  
0.0875
-0.0954761 0.063007  
0.09375
-0.10294 0.0655108  
0.1
-0.110497 0.0677311  
0.10625
-0.118146 0.0696646  
0.1125
-0.12589 0.0713079  
0.11875
-0.133731 0.0726576  
0.125
-0.141668 0.0737104  
0.13125
-0.149705 0.0744628  
0.1375
-0.157842 0.0749114  
0.14375
-0.166082 0.0750527  
0.15
-0.174425 0.0748831  
0.15625
-0.182873 0.0743989  
0.1625
-0.191428 0.0735965  
0.16875
-0.200092 0.0724722  
0.175
-0.208866 0.0710221  
0.18125
-0.217751 0.0692422  
0.1875
-0.22675 0.0671288  
0.19375
-0.235865 0.0646776  
0.2
-0.245096 0.0618845  
0.20625
-0.254445 0.0587454  
0.2125
-0.263914 0.0552558  
0.21875
-0.273506 0.0514114  
0.225
-0.28322 0.0472076  
0.23125
-0.293059 0.0426397  
0.2375
-0.303024 0.037703  
0.24375
-0.313117 0.0323926  
0.25
-0.32334 0.0267036  
0.25625
-0.333693 0.0206306  
0.2625
-0.344177 0.0141686  
0.26875
-0.354795 0.00731208  
0.275
-0.365547 5.54963e-05  
0.28125
-0.376434 -0.00760684  
0.2875
-0.387458 -0.0156808  
0.29375
-0.398618 -0.0241723  
0.3
-0.409916 -0.0330876  
0.30625
-0.421353 -0.0424329  
0.3125
-0.432928 -0.0522148  
0.31875
-0.444642 -0.0624399  
0.325
-0.456495 -0.0731151  
0.33125
-0.468487 -0.0842474  
0.3375
-0.480618 -0.0958441  
0.34375
-0.492888 -0.107912  
0.35
-0.505295 -0.12046  
0.35625
-0.517838 -0.133495  
0.3625
-0.530517 -0.147025  
0.36875
-0.54333 -0.161058  
0.375
-0.556275 -0.175603  
0.38125
-0.56935 -0.190668  
0.3875
-0.582553 -0.206263  
0.39375
-0.595881 -0.222396  
0.4
-0.60933 -0.239077  
0.40625
-0.622898 -0.256315  
0.4125
-0.636579 -0.274121  
0.41875
-0.650371 -0.292503  
0.425
-0.664267 -0.311473  
0.43125
-0.678262 -0.331041  
0.4375
-0.69235 -0.351218  
0.44375
-0.706525 -0.372015  
0.45
-0.72078 -0.393443  
0.45625
-0.735106 -0.415514  
0.4625
-0.749495 -0.43824  
0.46875
-0.763937 -0.461633  
0.475
-0.778424 -0.485706  
0.48125
-0.792943 -0.51047  
0.4875
-0.807484 -0.53594  
0.49375
-0.822034 -0.562129  
0.5
-0.836578 -0.58905  
0.50625
-0.851103 -0.616717  
0.5125
-0.865593 -0.645144  
0.51875
-0.880032 -0.674346  
0.525
-0.894401 -0.704338  
0.53125
-0.908681 -0.735135  
0.5375
-0.922852 -0.766752  
0.54375
-0.936892 -0.799206  
0.55
-0.950778 -0.832511  
0.55625
-0.964485 -0.866686  
0.5625
-0.977987 -0.901745  
0.56875
-0.991256 -0.937708  
0.575
-1.00426 -0.97459  
0.58125
-1.01697 -1.01241  
0.5875
-1.02936 -1.05118  
0.59375
-1.04138 -1.09093  
0.6
-1.053 -1.13167  
0.60625
-1.06417 -1.17343  
0.6125
-1.07487 -1.21621  
0.61875
-1.08503 -1.26004  
0.625
-1.09462 -1.30494  
0.63125
-1.10359 -1.35093  
0.6375
-1.11187 -1.39803  
0.64375
-1.11942 -1.44626  
0.65
-1.12618 -1.49565  
0.65625
-1.13208 -1.5462  
0.6625
-1.13707 -1.59795  
0.66875
-1.14106 -1.65091  
0.675
-1.14399 -1.70511  
0.68125
-1.14577 -1.76056  
0.6875
-1.14634 -1.81729  
0.69375
-1.14561 -1.87533  
0.7
-1.14348 -1.93469  
0.70625
-1.13986 -1.99539  
0.7125
-1.13465 -2.05746  
0.71875
-1.12776 -2.12091  
0.725
-1.11906 -2.18578  
0.73125
-1.10846 -2.25207  
0.7375
-1.09582 -2.31982  
0.74375
-1.08102 -2.38904  
0.75
-1.06393 -2.45975  
0.75625
-1.04442 -2.53197  
0.7625
-1.02233 -2.60573  
0.76875
-0.997525 -2.68103  
0.775
-0.96984 -2.7579  
0.78125
-0.939112 -2.83635  
0.7875
-0.905169 -2.9164  
0.79375
-0.867832 -2.99806  
0.8
-0.826915 -3.08135  
0.80625
-0.782222 -3.16627  
0.8125
-0.733551 -3.25283  
0.81875
-0.680691 -3.34105  
0.825
-0.623424 -3.43092  
0.83125
-0.561521 -3.52245  
0.8375
-0.494746 -3.61563  
0.84375
-0.422855 -3.71046  
0.85
-0.345595 -3.80693  
0.85625
-0.262703 -3.90503  
0.8625
-0.17391 -4.00474  
0.86875
-0.0789352 -4.10604  
0.875
0.0225067 -4.20889  
0.88125
0.130711 -4.31326  
0.8875
0.24598 -4.41911  
0.89375
0.368624 -4.52639  
0.9
0.498958 -4.63504  
0.90625
0.637305 -4.74498  
0.9125
0.78399 -4.85613  
0.91875
0.939346 -4.9684  
0.925
1.1037 -5.08168  
0.93125
1.2774 -5.19585  
0.9375
1.46077 -5.31076  
0.94375
1.65414 -5.42626  
0.95
1.85784 -5.54216  
0.95625
2.07218 -5.65826  
0.9625
2.29749 -5.77432  
0.96875
2.53405 -5.8901  
0.975
2.78214 -6.00528  
0.98125
3.04202 -6.11956  
0.9875
3.31391 -6.23255  
0.99375
3.59801 -6.34385  
1
3.89449 -6.45301  
1.00625
4.20344 -6.55952  
1.0125
4.52493 -6.6628  
1.01875
4.85895 -6.76223  
1.025
5.20544 -6.85711  
1.03125
5.56424 -6.94666  
1.0375
5.9351 -7.03004  
1.04375
6.31769 -7.1063  
1.05
6.71153 -7.17442  
1.05625
7.11605 -7.23325  
1.0625
7.53054 -7.28157  
1.06875
7.95411 -7.31803  
1.075
8.38576 -7.34118  
1.08125
8.82428 -7.34945  
1.0875
9.26832 -7.34117  
1.09375
9.71633 -7.31457  
1.1
10.1666 -7.26778  
1.10625
10.6173 -7.19884  
1.1125
11.0663 -7.10576  
1.11875
11.5115 -6.9865  
1.125
11.9506 -6.83904  
1.13125
12.3812 -6.6614  
1.1375
12.8011 -6.45173  
1.14375
13.2079 -6.20833  
1.15
13.5996 -5.92977  
1.15625
13.974 -5.61492  
1.1625
14.3298 -5.26306  
1.16875
14.6655 -4.87395  
1.175
14.9806 -4.44789  
1.18125
15.275 -3.98582  
1.1875
15.5491 -3.48931  
1.19375
15.8042 -2.96063  
1.2
16.0424 -2.40269  
1.20625
16.2665 -1.81902  
1.2125
16.4798 -1.21372  
1.21875
16.6866 -0.5913  
1.225
16.8913 0.0434368  
1.23125
17.099 0.685529  
1.2375
17.3148 1.33004  
1.24375
17.5441 1.97221  
1.25
17.7921 2.60761  
1.25625
18.0638 3.23226  
1.2625
18.3641 3.84274  
1.26875
18.6971 4.43624  
1.275
19.0668 5.01061  
1.28125
19.4767 5.56434  
1.2875
19.9296 6.09655  
1.29375
20.4282 6.60695  
1.3
20.9744 7.09574  
1.30625
21.5702 7.56359  
1.3125
22.217 8.0115  
1.31875
22.916 8.44077  
1.325
23.6685 8.85292  
1.33125
24.4754 9.24959  
1.3375
25.3378 9.63252  
1.34375
26.2567 10.0035  
1.35
27.2332 10.3643  
1.35625
28.2684 10.7166  
1.3625
29.3636 11.0622  
1.36875
30.5204 11.4025  
1.375
31.7402 11.7392  
1.38125
33.0249 12.0736  
1.3875
34.3765 12.407  
1.39375
35.7972 12.7407  
1.4
37.2893 13.0758  
1.40625
38.8555 13.4132  
1.4125
40.4986 13.754  
1.41875
42.2217 14.0989  
1.425
44.0281 14.4487  
1.43125
45.9213 14.8042  
1.4375
47.9051 15.1661  
1.44375
49.9836 15.5348  
1.45
52.1611 15.911  
1.45625
54.442 16.2951  
1.4625
56.8312 16.6877  
1.46875
59.3339 17.0892  
1.475
61.9553 17.5  
1.48125
64.7013 17.9204  
1.4875
67.5777 18.351  
1.49375
70.591 18.792  
1.5
73.7476 19.2437  
1.50625
77.0548 19.7067  
1.5125
80.5197 20.1811  
1.51875
84.1502 20.6674  
1.525
87.9544 21.1658  
1.53125
91.9408 21.6767  
1.5375
96.1185 22.2005  
1.54375
100.497 22.7375  
1.55
105.086 23.288  
1.55625
109.896 23.8525  
1.5625
114.938 24.4312  
1.56875
120.224 25.0245  
1.575
125.765 25.6328  
1.58125
131.575 26.2566  
1.5875
137.667 26.8961  
1.59375
144.054 27.5518  
1.6
150.752 28.2241  
1.60625
157.776 28.9134  
1.6125
165.142 29.6202  
1.61875
172.867 30.3448  
1.625
180.97 31.0878  
1.63125
189.47 31.8497  
1.6375
198.385 32.6308  
1.64375
207.737 33.4317  
1.65
217.548 34.2528  
1.65625
227.841 35.0948  
1.6625
238.639 35.9581  
1.66875
249.969 36.8432  
1.675
261.858 37.7508  
1.68125
274.332 38.6813  
1.6875
287.421 39.6354  
1.69375
301.158 40.6137  
1.7
315.573 41.6167  
1.70625
330.701 42.6451  
1.7125
346.579 43.6996  
1.71875
363.243 44.7807  
1.725
380.734 45.8892  
1.73125
399.093 47.0258  
1.7375
418.364 48.1912  
1.74375
438.593 49.3861  
1.75
459.829 50.6113  
1.75625
482.121 51.8674  
1.7625
505.525 53.1554  
1.76875
530.095 54.476  
1.775
555.89 55.83  
1.78125
582.973 57.2183  
1.7875
611.41 58.6418  
1.79375
641.267 60.1013  
1.8
672.618 61.5977  
1.80625
705.537 63.1321  
1.8125
740.105 64.7053  
1.81875
776.405 66.3183  
1.825
814.524 67.9722  
1.83125
854.555 69.6679  
1.8375
896.595 71.4066  
1.84375
940.746 73.1893  
1.85
987.115 75.0172  
1.85625
1035.81 76.8913  
1.8625
1086.96 78.8129  
1.86875
1140.68 80.7831  
1.875
1197.11 82.8033  
1.88125
1256.37 84.8746  
1.8875
1318.62 86.9983  
1.89375
1384.01 89.1758  
1.9
1452.7 91.4084  
1.90625
1524.85 93.6976  
1.9125
1600.64 96.0447  
1.91875
1680.25 98.4513  
1.925
1763.89 100.919  
1.93125
1851.75 103.449  
1.9375
1944.05 106.043  
1.94375
2041.02 108.702  
1.95
2142.89 111.43  
1.95625
2249.91 114.226  
1.9625
2362.35 117.093  
1.96875
2480.48 120.032  
1.975
2604.6 123.046  
1.98125
2735 126.136  
1.9875
2872 129.305  
1.99375
3015.95 132.553  
