0
0 0  
0.003125
0.00312499 9.76561e-06  
0.00625
0.00624992 3.90622e-05  
0.009375
0.00937473 8.78893e-05  
0.0125
0.0124994 0.000156246  
0.015625
0.0156237 0.000244131  
0.01875
0.0187478 0.000351542  
0.021875
0.0218715 0.000478478  
0.025
0.0249948 0.000624935  
0.028125
0.0281176 0.000790911  
0.03125
0.0312398 0.000976404  
0.034375
0.0343615 0.00118141  
0.0375
0.0374824 0.00140592  
0.040625
0.0406026 0.00164994  
0.04375
0.0437221 0.00191345  
0.046875
0.0468407 0.00219646  
0.05
0.0499583 0.00249896  
0.053125
0.053075 0.00282094  
0.05625
0.0561906 0.00316239  
0.059375
0.0593052 0.00352332  
0.0625
0.0624186 0.00390371  
0.065625
0.0655307 0.00430355  
0.06875
0.0686416 0.00472284  
0.071875
0.0717511 0.00516157  
0.075
0.0748592 0.00561972  
0.078125
0.0779659 0.0060973  
0.08125
0.081071 0.00659429  
0.084375
0.0841745 0.00711069  
0.0875
0.0872764 0.00764647  
0.090625
0.0903765 0.00820164  
0.09375
0.0934749 0.00877617  
0.096875
0.0965714 0.00937007  
0.1
0.099666 0.00998331  
0.103125
0.102759 0.0106159  
0.10625
0.105849 0.0112678  
0.109375
0.108938 0.011939  
0.1125
0.112024 0.0126295  
0.115625
0.115108 0.0133393  
0.11875
0.11819 0.0140684  
0.121875
0.12127 0.0148167  
0.125
0.124347 0.0155842  
0.128125
0.127422 0.016371  
0.13125
0.130494 0.017177  
0.134375
0.133563 0.0180022  
0.1375
0.13663 0.0188465  
0.140625
0.139694 0.01971  
0.14375
0.142756 0.0205927  
0.146875
0.145814 0.0214945  
0.15
0.14887 0.0224154  
0.153125
0.151923 0.0233554  
0.15625
0.154972 0.0243144  
0.159375
0.158019 0.0252925  
0.1625
0.161062 0.0262896  
0.165625
0.164102 0.0273058  
0.16875
0.167139 0.0283409  
0.171875
0.170173 0.029395  
0.175
0.173203 0.0304681  
0.178125
0.176229 0.03156  
0.18125
0.179253 0.0326709  
0.184375
0.182272 0.0338007  
0.1875
0.185288 0.0349493  
0.190625
0.1883 0.0361168  
0.19375
0.191308 0.0373031  
0.196875
0.194312 0.0385081  
0.2
0.197313 0.0397319  
0.203125
0.200309 0.0409745  
0.20625
0.203301 0.0422358  
0.209375
0.20629 0.0435158  
0.2125
0.209274 0.0448144  
0.215625
0.212253 0.0461317  
0.21875
0.215229 0.0474676  
0.221875
0.2182 0.048822  
0.225
0.221166 0.0501951  
0.228125
0.224128 0.0515866  
0.23125
0.227086 0.0529966  
0.234375
0.230038 0.0544252  
0.2375
0.232986 0.0558721  
0.240625
0.235929 0.0573375  
0.24375
0.238868 0.0588212  
0.246875
0.241801 0.0603233  
0.25
0.24473 0.0618437  
0.253125
0.247653 0.0633824  
0.25625
0.250571 0.0649394  
0.259375
0.253484 0.0665146  
0.2625
0.256392 0.0681079  
0.265625
0.259294 0.0697194  
0.26875
0.262191 0.0713491  
0.271875
0.265083 0.0729968  
0.275
0.267969 0.0746626  
0.278125
0.270849 0.0763464  
0.28125
0.273724 0.0780482  
0.284375
0.276593 0.079768  
0.2875
0.279456 0.0815056  
0.290625
0.282313 0.0832611  
0.29375
0.285164 0.0850345  
0.296875
0.28801 0.0868257  
0.3
0.290849 0.0886346  
0.303125
0.293682 0.0904613  
0.30625
0.296509 0.0923056  
0.309375
0.299329 0.0941676  
0.3125
0.302143 0.0960472  
0.315625
0.304951 0.0979444  
0.31875
0.307752 0.0998591  
0.321875
0.310547 0.101791  
0.325
0.313334 0.103741  
0.328125
0.316116 0.105708  
0.33125
0.31889 0.107692  
0.334375
0.321658 0.109694  
0.3375
0.324418 0.111713  
0.340625
0.327172 0.113749  
0.34375
0.329918 0.115803  
0.346875
0.332658 0.117873  
0.35
0.33539 0.119961  
0.353125
0.338115 0.122066  
0.35625
0.340832 0.124187  
0.359375
0.343542 0.126326  
0.3625
0.346245 0.128482  
0.365625
0.34894 0.130654  
0.36875
0.351627 0.132843  
0.371875
0.354307 0.135049  
0.375
0.356978 0.137272  
0.378125
0.359642 0.139512  
0.38125
0.362298 0.141768  
0.384375
0.364946 0.14404  
0.3875
0.367586 0.146329  
0.390625
0.370218 0.148635  
0.39375
0.372841 0.150957  
0.396875
0.375457 0.153296  
0.4
0.378064 0.15565  
0.403125
0.380662 0.158021  
0.40625
0.383252 0.160409  
0.409375
0.385833 0.162812  
0.4125
0.388406 0.165231  
0.415625
0.39097 0.167667  
0.41875
0.393525 0.170119  
0.421875
0.396071 0.172586  
0.425
0.398608 0.175069  
0.428125
0.401136 0.177569  
0.43125
0.403655 0.180084  
0.434375
0.406165 0.182614  
0.4375
0.408666 0.185161  
0.440625
0.411157 0.187723  
0.44375
0.413639 0.1903  
0.446875
0.416111 0.192893  
0.45
0.418574 0.195502  
0.453125
0.421027 0.198125  
0.45625
0.423471 0.200764  
0.459375
0.425905 0.203419  
0.4625
0.428328 0.206088  
0.465625
0.430742 0.208773  
0.46875
0.433146 0.211472  
0.471875
0.43554 0.214187  
0.475
0.437924 0.216917  
0.478125
0.440298 0.219661  
0.48125
0.442661 0.22242  
0.484375
0.445014 0.225194  
0.4875
0.447356 0.227983  
0.490625
0.449688 0.230786  
0.49375
0.452009 0.233604  
0.496875
0.45432 0.236436  
0.5
0.45662 0.239283  
0.503125
0.458909 0.242144  
0.50625
0.461187 0.245019  
0.509375
0.463454 0.247909  
0.5125
0.465711 0.250813  
0.515625
0.467956 0.25373  
0.51875
0.47019 0.256662  
0.521875
0.472412 0.259608  
0.525
0.474623 0.262567  
0.528125
0.476823 0.26554  
0.53125
0.479012 0.268527  
0.534375
0.481189 0.271528  
0.5375
0.483354 0.274542  
0.540625
0.485507 0.27757  
0.54375
0.487649 0.280611  
0.546875
0.489779 0.283665  
0.55
0.491897 0.286733  
0.553125
0.494003 0.289814  
0.55625
0.496097 0.292908  
0.559375
0.498178 0.296015  
0.5625
0.500248 0.299135  
0.565625
0.502305 0.302268  
0.56875
0.50435 0.305414  
0.571875
0.506382 0.308573  
0.575
0.508402 0.311744  
0.578125
0.510409 0.314928  
0.58125
0.512404 0.318124  
0.584375
0.514386 0.321333  
0.5875
0.516355 0.324554  
0.590625
0.518311 0.327787  
0.59375
0.520254 0.331033  
0.596875
0.522184 0.33429  
0.6
0.524101 0.33756  
0.603125
0.526005 0.340842  
0.60625
0.527896 0.344135  
0.609375
0.529774 0.34744  
0.6125
0.531638 0.350757  
0.615625
0.533488 0.354086  
0.61875
0.535325 0.357426  
0.621875
0.537148 0.360777  
0.625
0.538958 0.36414  
0.628125
0.540754 0.367514  
0.63125
0.542536 0.370899  
0.634375
0.544305 0.374296  
0.6375
0.546059 0.377703  
0.640625
0.5478 0.381122  
0.64375
0.549526 0.384551  
0.646875
0.551238 0.387991  
0.65
0.552936 0.391441  
0.653125
0.554619 0.394902  
0.65625
0.556289 0.398374  
0.659375
0.557943 0.401856  
0.6625
0.559584 0.405348  
0.665625
0.561209 0.408851  
0.66875
0.56282 0.412363  
0.671875
0.564417 0.415886  
0.675
0.565998 0.419418  
0.678125
0.567565 0.422961  
0.68125
0.569117 0.426513  
0.684375
0.570654 0.430075  
0.6875
0.572176 0.433646  
0.690625
0.573682 0.437227  
0.69375
0.575174 0.440817  
0.696875
0.57665 0.444416  
0.7
0.578111 0.448025  
0.703125
0.579557 0.451643  
0.70625
0.580987 0.45527  
0.709375
0.582402 0.458905  
0.7125
0.583801 0.46255  
0.715625
0.585184 0.466203  
0.71875
0.586552 0.469864  
0.721875
0.587904 0.473534  
0.725
0.58924 0.477213  
0.728125
0.590561 0.4809  
0.73125
0.591865 0.484595  
0.734375
0.593154 0.488298  
0.7375
0.594426 0.492009  
0.740625
0.595682 0.495729  
0.74375
0.596922 0.499455  
0.746875
0.598146 0.50319  
0.75
0.599354 0.506932  
0.753125
0.600545 0.510682  
0.75625
0.60172 0.514439  
0.759375
0.602878 0.518203  
0.7625
0.60402 0.521975  
0.765625
0.605145 0.525754  
0.76875
0.606253 0.529539  
0.771875
0.607345 0.533332  
0.775
0.60842 0.537131  
0.778125
0.609478 0.540937  
0.78125
0.610519 0.544749  
0.784375
0.611544 0.548568  
0.7875
0.612551 0.552394  
0.790625
0.613542 0.556225  
0.79375
0.614515 0.560063  
0.796875
0.615471 0.563907  
0.8
0.61641 0.567756  
0.803125
0.617332 0.571612  
0.80625
0.618236 0.575473  
0.809375
0.619123 0.57934  
0.8125
0.619992 0.583212  
0.815625
0.620845 0.58709  
0.81875
0.621679 0.590972  
0.821875
0.622496 0.59486  
0.825
0.623296 0.598754  
0.828125
0.624077 0.602652  
0.83125
0.624841 0.606554  
0.834375
0.625588 0.610462  
0.8375
0.626316 0.614374  
0.840625
0.627027 0.618291  
0.84375
0.62772 0.622212  
0.846875
0.628395 0.626137  
0.85
0.629051 0.630067  
0.853125
0.62969 0.634001  
0.85625
0.630311 0.637938  
0.859375
0.630914 0.641879  
0.8625
0.631498 0.645824  
0.865625
0.632064 0.649773  
0.86875
0.632612 0.653725  
0.871875
0.633142 0.657681  
0.875
0.633654 0.661639  
0.878125
0.634147 0.665601  
0.88125
0.634621 0.669566  
0.884375
0.635077 0.673534  
0.8875
0.635515 0.677505  
0.890625
0.635934 0.681478  
0.89375
0.636335 0.685454  
0.896875
0.636717 0.689432  
0.9
0.63708 0.693413  
0.903125
0.637425 0.697396  
0.90625
0.637751 0.701381  
0.909375
0.638059 0.705367  
0.9125
0.638347 0.709356  
0.915625
0.638617 0.713347  
0.91875
0.638868 0.717339  
0.921875
0.6391 0.721333  
0.925
0.639313 0.725328  
0.928125
0.639507 0.729324  
0.93125
0.639682 0.733321  
0.934375
0.639839 0.73732  
0.9375
0.639976 0.741319  
0.940625
0.640094 0.74532  
0.94375
0.640193 0.74932  
0.946875
0.640273 0.753322  
0.95
0.640334 0.757324  
0.953125
0.640376 0.761326  
0.95625
0.640399 0.765329  
0.959375
0.640402 0.769331  
0.9625
0.640386 0.773334  
0.965625
0.640351 0.777336  
0.96875
0.640297 0.781338  
0.971875
0.640223 0.785339  
0.975
0.64013 0.789341  
0.978125
0.640018 0.793341  
0.98125
0.639886 0.797341  
0.984375
0.639735 0.80134  
0.9875
0.639565 0.805337  
0.990625
0.639375 0.809334  
0.99375
0.639166 0.81333  
0.996875
0.638938 0.817324  
1
0.63869 0.821316  
1.00313
0.638422 0.825307  
1.00625
0.638135 0.829297  
1.00938
0.637829 0.833284  
1.0125
0.637503 0.837269  
1.01563
0.637157 0.841253  
1.01875
0.636792 0.845234  
1.02188
0.636408 0.849213  
1.025
0.636004 0.853189  
1.02813
0.63558 0.857163  
1.03125
0.635137 0.861134  
1.03438
0.634674 0.865102  
1.0375
0.634192 0.869067  
1.04063
0.63369 0.873029  
1.04375
0.633168 0.876988  
1.04688
0.632627 0.880944  
1.05
0.632067 0.884896  
1.05313
0.631486 0.888844  
1.05625
0.630886 0.892789  
1.05938
0.630267 0.89673  
1.0625
0.629628 0.900668  
1.06563
0.628969 0.904601  
1.06875
0.628291 0.90853  
1.07188
0.627593 0.912454  
1.075
0.626876 0.916375  
1.07813
0.626139 0.92029  
1.08125
0.625382 0.924201  
1.08438
0.624606 0.928107  
1.0875
0.62381 0.932009  
1.09063
0.622995 0.935905  
1.09375
0.62216 0.939796  
1.09688
0.621305 0.943682  
1.1
0.620431 0.947562  
1.10313
0.619538 0.951437  
1.10625
0.618625 0.955307  
1.10938
0.617692 0.95917  
1.1125
0.61674 0.963028  
1.11563
0.615769 0.966879  
1.11875
0.614777 0.970725  
1.12188
0.613767 0.974564  
1.125
0.612737 0.978397  
1.12813
0.611688 0.982223  
1.13125
0.610619 0.986043  
1.13438
0.60953 0.989856  
1.1375
0.608423 0.993662  
1.14063
0.607296 0.997461  
1.14375
0.606149 1.00125  
1.14688
0.604984 1.00504  
1.15
0.603799 1.00882  
1.15313
0.602595 1.01259  
1.15625
0.601371 1.01635  
1.15938
0.600128 1.0201  
1.1625
0.598866 1.02385  
1.16563
0.597585 1.02759  
1.16875
0.596285 1.03132  
1.17188
0.594965 1.03504  
1.175
0.593627 1.03876  
1.17813
0.592269 1.04246  
1.18125
0.590892 1.04616  
1.18438
0.589496 1.04985  
1.1875
0.588082 1.05353  
1.19063
0.586648 1.0572  
1.19375
0.585195 1.06086  
1.19688
0.583724 1.06451  
1.2
0.582233 1.06816  
1.20313
0.580724 1.07179  
1.20625
0.579196 1.07542  
1.20938
0.577649 1.07903  
1.2125
0.576083 1.08264  
1.21563
0.574499 1.08623  
1.21875
0.572896 1.08982  
1.22188
0.571275 1.09339  
1.225
0.569635 1.09696  
1.22813
0.567976 1.10051  
1.23125
0.566299 1.10406  
1.23438
0.564603 1.10759  
1.2375
0.562889 1.11112  
1.24063
0.561157 1.11463  
1.24375
0.559406 1.11813  
1.24688
0.557637 1.12162  
1.25
0.55585 1.1251  
1.25313
0.554045 1.12857  
1.25625
0.552221 1.13203  
1.25938
0.550379 1.13547  
1.2625
0.54852 1.13891  
1.26563
0.546642 1.14233  
1.26875
0.544746 1.14574  
1.27188
0.542833 1.14914  
1.275
0.540901 1.15253  
1.27813
0.538952 1.1559  
1.28125
0.536985 1.15926  
1.28438
0.535001 1.16261  
1.2875
0.532999 1.16595  
1.29063
0.530979 1.16927  
1.29375
0.528941 1.17259  
1.29688
0.526887 1.17589  
1.3
0.524814 1.17917  
1.30313
0.522725 1.18245  
1.30625
0.520618 1.18571  
1.30938
0.518494 1.18895  
1.3125
0.516353 1.19219  
1.31563
0.514195 1.19541  
1.31875
0.512019 1.19862  
1.32188
0.509827 1.20181  
1.325
0.507618 1.20499  
1.32813
0.505391 1.20815  
1.33125
0.503148 1.21131  
1.33438
0.500889 1.21444  
1.3375
0.498612 1.21757  
1.34063
0.49632 1.22068  
1.34375
0.49401 1.22377  
1.34688
0.491684 1.22685  
1.35
0.489342 1.22992  
1.35313
0.486983 1.23297  
1.35625
0.484608 1.236  
1.35938
0.482217 1.23902  
1.3625
0.47981 1.24203  
1.36563
0.477387 1.24502  
1.36875
0.474948 1.248  
1.37188
0.472493 1.25096  
1.375
0.470022 1.2539  
1.37813
0.467535 1.25683  
1.38125
0.465033 1.25975  
1.38438
0.462515 1.26265  
1.3875
0.459982 1.26553  
1.39063
0.457433 1.2684  
1.39375
0.454869 1.27125  
1.39688
0.452289 1.27408  
1.4
0.449695 1.2769  
1.40313
0.447085 1.2797  
1.40625
0.44446 1.28249  
1.40938
0.441821 1.28526  
1.4125
0.439166 1.28801  
1.41563
0.436497 1.29075  
1.41875
0.433812 1.29347  
1.42188
0.431114 1.29617  
1.425
0.428401 1.29886  
1.42813
0.425673 1.30153  
1.43125
0.422931 1.30418  
1.43438
0.420174 1.30681  
1.4375
0.417404 1.30943  
1.44063
0.414619 1.31203  
1.44375
0.411821 1.31461  
1.44688
0.409008 1.31718  
1.45
0.406181 1.31973  
1.45313
0.403341 1.32226  
1.45625
0.400487 1.32477  
1.45938
0.39762 1.32726  
1.4625
0.394739 1.32974  
1.46563
0.391845 1.3322  
1.46875
0.388937 1.33464  
1.47188
0.386017 1.33706  
1.475
0.383083 1.33946  
1.47813
0.380136 1.34185  
1.48125
0.377176 1.34421  
1.48438
0.374204 1.34656  
1.4875
0.371219 1.34889  
1.49063
0.368221 1.3512  
1.49375
0.36521 1.35349  
1.49688
0.362187 1.35577  
1.5
0.359152 1.35802  
1.50313
0.356105 1.36026  
1.50625
0.353045 1.36247  
1.50938
0.349974 1.36467  
1.5125
0.34689 1.36685  
1.51563
0.343795 1.36901  
1.51875
0.340688 1.37114  
1.52188
0.337569 1.37326  
1.525
0.334439 1.37536  
1.52813
0.331298 1.37744  
1.53125
0.328145 1.3795  
1.53438
0.324981 1.38155  
1.5375
0.321806 1.38357  
1.54063
0.31862 1.38557  
1.54375
0.315422 1.38755  
1.54688
0.312215 1.38951  
1.55
0.308996 1.39145  
1.55313
0.305767 1.39337  
1.55625
0.302528 1.39527  
1.55938
0.299278 1.39716  
1.5625
0.296018 1.39902  
1.56563
0.292747 1.40086  
1.56875
0.289467 1.40267  
1.57188
0.286177 1.40447  
1.575
0.282877 1.40625  
1.57813
0.279567 1.40801  
1.58125
0.276248 1.40975  
1.58438
0.272919 1.41146  
1.5875
0.269581 1.41316  
1.59063
0.266233 1.41483  
1.59375
0.262877 1.41649  
1.59688
0.259511 1.41812  
1.6
0.256137 1.41973  
1.60313
0.252754 1.42132  
1.60625
0.249362 1.42289  
1.60938
0.245961 1.42444  
1.6125
0.242552 1.42596  
1.61563
0.239135 1.42747  
1.61875
0.235709 1.42895  
1.62188
0.232276 1.43042  
1.625
0.228834 1.43186  
1.62813
0.225385 1.43328  
1.63125
0.221928 1.43467  
1.63438
0.218463 1.43605  
1.6375
0.21499 1.4374  
1.64063
0.21151 1.43874  
1.64375
0.208023 1.44005  
1.64688
0.204529 1.44134  
1.65
0.201028 1.4426  
1.65313
0.19752 1.44385  
1.65625
0.194005 1.44507  
1.65938
0.190483 1.44628  
1.6625
0.186955 1.44745  
1.66563
0.18342 1.44861  
1.66875
0.179879 1.44975  
1.67188
0.176332 1.45086  
1.675
0.172779 1.45195  
1.67813
0.169219 1.45302  
1.68125
0.165654 1.45407  
1.68438
0.162083 1.45509  
1.6875
0.158507 1.45609  
1.69063
0.154925 1.45707  
1.69375
0.151338 1.45803  
1.69688
0.147745 1.45896  
1.7
0.144148 1.45988  
1.70313
0.140545 1.46077  
1.70625
0.136938 1.46163  
1.70938
0.133326 1.46248  
1.7125
0.129709 1.4633  
1.71563
0.126088 1.4641  
1.71875
0.122462 1.46488  
1.72188
0.118833 1.46563  
1.725
0.115199 1.46636  
1.72813
0.111561 1.46707  
1.73125
0.107919 1.46776  
1.73438
0.104274 1.46842  
1.7375
0.100625 1.46906  
1.74063
0.0969721 1.46968  
1.74375
0.0933163 1.47027  
1.74688
0.0896571 1.47084  
1.75
0.0859949 1.47139  
1.75313
0.0823297 1.47192  
1.75625
0.0786617 1.47242  
1.75938
0.074991 1.4729  
1.7625
0.0713176 1.47336  
1.76563
0.0676418 1.47379  
1.76875
0.0639637 1.4742  
1.77188
0.0602833 1.47459  
1.775
0.0566008 1.47496  
1.77813
0.0529164 1.4753  
1.78125
0.0492302 1.47562  
1.78438
0.0455423 1.47592  
1.7875
0.0418527 1.47619  
1.79063
0.0381618 1.47644  
1.79375
0.0344695 1.47667  
1.79688
0.030776 1.47687  
1.8
0.0270815 1.47705  
1.80313
0.023386 1.47721  
1.80625
0.0196897 1.47734  
1.80938
0.0159927 1.47745  
1.8125
0.0122952 1.47754  
1.81563
0.00859727 1.47761  
1.81875
0.00489902 1.47765  
1.82188
0.0012006 1.47767  
1.825
-0.00249786 1.47766  
1.82813
-0.00619623 1.47764  
1.83125
-0.00989438 1.47759  
1.83438
-0.0135922 1.47751  
1.8375
-0.0172895 1.47742  
1.84063
-0.0209863 1.4773  
1.84375
-0.0246823 1.47716  
1.84688
-0.0283775 1.47699  
1.85
-0.0320717 1.4768  
1.85313
-0.0357647 1.47659  
1.85625
-0.0394566 1.47635  
1.85938
-0.043147 1.4761  
1.8625
-0.046836 1.47581  
1.86563
-0.0505234 1.47551  
1.86875
-0.054209 1.47518  
1.87188
-0.0578927 1.47483  
1.875
-0.0615744 1.47446  
1.87813
-0.0652541 1.47406  
1.88125
-0.0689314 1.47364  
1.88438
-0.0726064 1.4732  
1.8875
-0.0762788 1.47274  
1.89063
-0.0799486 1.47225  
1.89375
-0.0836157 1.47174  
1.89688
-0.0872798 1.4712  
1.9
-0.090941 1.47065  
1.90313
-0.094599 1.47007  
1.90625
-0.0982537 1.46946  
1.90938
-0.101905 1.46884  
1.9125
-0.105553 1.46819  
1.91563
-0.109197 1.46752  
1.91875
-0.112837 1.46682  
1.92188
-0.116474 1.46611  
1.925
-0.120106 1.46537  
1.92813
-0.123735 1.46461  
1.93125
-0.127359 1.46382  
1.93438
-0.130978 1.46301  
1.9375
-0.134593 1.46218  
1.94063
-0.138204 1.46133  
1.94375
-0.14181 1.46046  
1.94688
-0.14541 1.45956  
1.95
-0.149006 1.45864  
1.95313
-0.152597 1.4577  
1.95625
-0.156182 1.45673  
1.95938
-0.159762 1.45574  
1.9625
-0.163336 1.45473  
1.96563
-0.166905 1.4537  
1.96875
-0.170468 1.45265  
1.97188
-0.174026 1.45157  
1.975
-0.177577 1.45047  
1.97813
-0.181122 1.44935  
1.98125
-0.184661 1.44821  
1.98438
-0.188193 1.44704  
1.9875
-0.191719 1.44586  
1.99063
-0.195238 1.44465  
1.99375
-0.198751 1.44342  
1.99688
-0.202257 1.44216  
2
-0.205756 1.44089  
