0
0 0  
0.05
0.0499583 0.00249896  
0.1
0.099666 0.00998331  
0.15
0.14887 0.0224154  
0.2
0.197313 0.0397321  
0.25
0.244731 0.0618443  
0.3
0.29085 0.0886356  
0.35
0.335391 0.119962  
0.4
0.378065 0.155652  
0.45
0.418575 0.195504  
0.5
0.45662 0.239285  
0.55
0.491896 0.286736  
0.6
0.524099 0.337562  
0.65
0.552932 0.391443  
0.7
0.578106 0.448026  
0.75
0.599347 0.506932  
0.8
0.616402 0.567755  
0.85
0.629042 0.630064  
0.9
0.63707 0.693407  
0.95
0.640324 0.757316  
1
0.638679 0.821306  
1.05
0.632056 0.884883  
1.1
0.620422 0.947547  
1.15
0.603791 1.0088  
1.2
0.582227 1.06814  
1.25
0.555847 1.12508  
1.3
0.524814 1.17915  
1.35
0.489345 1.22989  
1.4
0.449702 1.27687  
1.45
0.406193 1.3197  
1.5
0.359168 1.35799  
1.55
0.309016 1.39143  
1.6
0.256162 1.4197  
1.65
0.201057 1.44258  
1.7
0.144182 1.45985  
1.75
0.0860337 1.47137  
1.8
0.0271246 1.47703  
1.85
-0.0320245 1.47679  
1.9
-0.0908901 1.47064  
1.95
-0.148952 1.45864  
2
-0.205699 1.44089  
