0 0 0  
0.025 0.0249948 0.000624935  
0.05 0.0499583 0.00249896  
0.075 0.0748592 0.00561972  
0.1 0.099666 0.00998331  
0.125 0.124347 0.0155842  
0.15 0.14887 0.0224154  
0.175 0.173203 0.0304681  
0.2 0.197313 0.039732  
0.225 0.221166 0.0501951  
0.25 0.24473 0.0618438  
0.275 0.267969 0.0746627  
0.3 0.290849 0.0886347  
0.325 0.313335 0.103741  
0.35 0.33539 0.119961  
0.375 0.356978 0.137272  
0.4 0.378064 0.15565  
0.425 0.398608 0.17507  
0.45 0.418574 0.195502  
0.475 0.437924 0.216917  
0.5 0.45662 0.239283  
0.525 0.474623 0.262567  
0.55 0.491897 0.286733  
0.575 0.508402 0.311744  
0.6 0.524101 0.33756  
0.625 0.538958 0.36414  
0.65 0.552935 0.391441  
0.675 0.565998 0.419418  
0.7 0.578111 0.448025  
0.725 0.58924 0.477213  
0.75 0.599353 0.506932  
0.775 0.608419 0.537131  
0.8 0.616409 0.567756  
0.825 0.623295 0.598753  
0.85 0.629051 0.630067  
0.875 0.633653 0.661639  
0.9 0.63708 0.693412  
0.925 0.639312 0.725327  
0.95 0.640334 0.757323  
0.975 0.64013 0.78934  
1 0.638689 0.821316  
1.025 0.636003 0.853188  
1.05 0.632066 0.884895  
1.075 0.626875 0.916374  
1.1 0.620431 0.947561  
1.125 0.612736 0.978396  
1.15 0.603798 1.00881  
1.175 0.593626 1.03875  
1.2 0.582233 1.06816  
1.225 0.569634 1.09696  
1.25 0.55585 1.1251  
1.275 0.540901 1.15252  
1.3 0.524815 1.17917  
1.325 0.507618 1.20499  
1.35 0.489342 1.22991  
1.375 0.470022 1.2539  
1.4 0.449695 1.2769  
1.425 0.428401 1.29886  
1.45 0.406182 1.31972  
1.475 0.383084 1.33946  
1.5 0.359153 1.35802  
1.525 0.334441 1.37536  
1.55 0.308998 1.39145  
1.575 0.282878 1.40625  
1.6 0.256139 1.41973  
1.625 0.228836 1.43185  
1.65 0.20103 1.4426  
1.675 0.172781 1.45195  
1.7 0.14415 1.45988  
1.725 0.115201 1.46636  
1.75 0.0859975 1.47139  
1.775 0.0566035 1.47496  
1.8 0.0270843 1.47705  
1.825 -0.00249493 1.47766  
1.85 -0.0320686 1.4768  
1.875 -0.0615713 1.47446  
1.9 -0.0909377 1.47064  
1.925 -0.120103 1.46537  
1.95 -0.149003 1.45864  
1.975 -0.177573 1.45047  
2 -0.205752 1.44089  
2.025 -0.233477 1.42991  
