0
0 0  
0.00625
0.00624992 3.90622e-05  
0.0125
0.0124993 0.000156246  
0.01875
0.0187478 0.000351542  
0.025
0.0249948 0.000624936  
0.03125
0.0312398 0.000976404  
0.0375
0.0374824 0.00140592  
0.04375
0.0437221 0.00191345  
0.05
0.0499583 0.00249896  
0.05625
0.0561906 0.00316239  
0.0625
0.0624186 0.00390371  
0.06875
0.0686416 0.00472284  
0.075
0.0748592 0.00561972  
0.08125
0.081071 0.00659429  
0.0875
0.0872764 0.00764647  
0.09375
0.0934749 0.00877617  
0.1
0.099666 0.00998331  
0.10625
0.105849 0.0112678  
0.1125
0.112024 0.0126295  
0.11875
0.11819 0.0140684  
0.125
0.124347 0.0155842  
0.13125
0.130494 0.017177  
0.1375
0.13663 0.0188465  
0.14375
0.142756 0.0205927  
0.15
0.14887 0.0224154  
0.15625
0.154972 0.0243144  
0.1625
0.161062 0.0262896  
0.16875
0.167139 0.0283409  
0.175
0.173203 0.0304681  
0.18125
0.179252 0.0326709  
0.1875
0.185288 0.0349493  
0.19375
0.191308 0.037303  
0.2
0.197313 0.0397319  
0.20625
0.203301 0.0422358  
0.2125
0.209274 0.0448144  
0.21875
0.215229 0.0474676  
0.225
0.221166 0.0501951  
0.23125
0.227086 0.0529966  
0.2375
0.232986 0.0558721  
0.24375
0.238868 0.0588212  
0.25
0.24473 0.0618437  
0.25625
0.250571 0.0649394  
0.2625
0.256392 0.0681079  
0.26875
0.262191 0.0713491  
0.275
0.267969 0.0746626  
0.28125
0.273724 0.0780482  
0.2875
0.279456 0.0815056  
0.29375
0.285164 0.0850345  
0.3
0.290849 0.0886346  
0.30625
0.296509 0.0923056  
0.3125
0.302143 0.0960472  
0.31875
0.307752 0.0998591  
0.325
0.313334 0.103741  
0.33125
0.31889 0.107692  
0.3375
0.324418 0.111713  
0.34375
0.329918 0.115803  
0.35
0.33539 0.119961  
0.35625
0.340832 0.124187  
0.3625
0.346245 0.128482  
0.36875
0.351627 0.132843  
0.375
0.356978 0.137272  
0.38125
0.362298 0.141768  
0.3875
0.367586 0.146329  
0.39375
0.372841 0.150957  
0.4
0.378064 0.15565  
0.40625
0.383252 0.160409  
0.4125
0.388406 0.165231  
0.41875
0.393525 0.170119  
0.425
0.398608 0.175069  
0.43125
0.403655 0.180084  
0.4375
0.408666 0.185161  
0.44375
0.413639 0.1903  
0.45
0.418574 0.195501  
0.45625
0.423471 0.200764  
0.4625
0.428328 0.206088  
0.46875
0.433146 0.211472  
0.475
0.437924 0.216917  
0.48125
0.442661 0.22242  
0.4875
0.447356 0.227983  
0.49375
0.452009 0.233604  
0.5
0.45662 0.239283  
0.50625
0.461187 0.245019  
0.5125
0.465711 0.250812  
0.51875
0.47019 0.256662  
0.525
0.474623 0.262567  
0.53125
0.479012 0.268527  
0.5375
0.483354 0.274542  
0.54375
0.487649 0.280611  
0.55
0.491897 0.286733  
0.55625
0.496097 0.292908  
0.5625
0.500248 0.299135  
0.56875
0.50435 0.305414  
0.575
0.508402 0.311744  
0.58125
0.512404 0.318124  
0.5875
0.516355 0.324554  
0.59375
0.520254 0.331033  
0.6
0.524101 0.33756  
0.60625
0.527896 0.344135  
0.6125
0.531638 0.350757  
0.61875
0.535325 0.357426  
0.625
0.538958 0.36414  
0.63125
0.542536 0.370899  
0.6375
0.546059 0.377703  
0.64375
0.549526 0.384551  
0.65
0.552936 0.391441  
0.65625
0.556289 0.398374  
0.6625
0.559584 0.405348  
0.66875
0.56282 0.412363  
0.675
0.565998 0.419418  
0.68125
0.569117 0.426513  
0.6875
0.572176 0.433646  
0.69375
0.575174 0.440817  
0.7
0.578111 0.448025  
0.70625
0.580987 0.45527  
0.7125
0.583801 0.46255  
0.71875
0.586552 0.469864  
0.725
0.58924 0.477213  
0.73125
0.591865 0.484595  
0.7375
0.594426 0.492009  
0.74375
0.596922 0.499455  
0.75
0.599354 0.506932  
0.75625
0.60172 0.514439  
0.7625
0.60402 0.521975  
0.76875
0.606253 0.529539  
0.775
0.60842 0.537131  
0.78125
0.610519 0.544749  
0.7875
0.612551 0.552394  
0.79375
0.614515 0.560063  
0.8
0.61641 0.567756  
0.80625
0.618236 0.575473  
0.8125
0.619992 0.583212  
0.81875
0.621679 0.590972  
0.825
0.623296 0.598754  
0.83125
0.624841 0.606554  
0.8375
0.626316 0.614374  
0.84375
0.62772 0.622212  
0.85
0.629051 0.630067  
0.85625
0.630311 0.637938  
0.8625
0.631498 0.645824  
0.86875
0.632612 0.653725  
0.875
0.633654 0.661639  
0.88125
0.634621 0.669566  
0.8875
0.635515 0.677505  
0.89375
0.636335 0.685454  
0.9
0.63708 0.693413  
0.90625
0.637751 0.701381  
0.9125
0.638347 0.709356  
0.91875
0.638868 0.717339  
0.925
0.639313 0.725328  
0.93125
0.639682 0.733321  
0.9375
0.639976 0.741319  
0.94375
0.640193 0.74932  
0.95
0.640334 0.757324  
0.95625
0.640399 0.765329  
0.9625
0.640386 0.773334  
0.96875
0.640297 0.781338  
0.975
0.64013 0.789341  
0.98125
0.639886 0.797341  
0.9875
0.639565 0.805337  
0.99375
0.639166 0.81333  
1
0.63869 0.821316  
1.00625
0.638135 0.829297  
1.0125
0.637503 0.837269  
1.01875
0.636792 0.845234  
1.025
0.636004 0.853189  
1.03125
0.635137 0.861134  
1.0375
0.634192 0.869067  
1.04375
0.633168 0.876988  
1.05
0.632067 0.884896  
1.05625
0.630886 0.892789  
1.0625
0.629628 0.900668  
1.06875
0.628291 0.90853  
1.075
0.626876 0.916375  
1.08125
0.625382 0.924201  
1.0875
0.62381 0.932009  
1.09375
0.62216 0.939796  
1.1
0.620431 0.947562  
1.10625
0.618625 0.955307  
1.1125
0.61674 0.963028  
1.11875
0.614777 0.970725  
1.125
0.612737 0.978397  
1.13125
0.610619 0.986043  
1.1375
0.608423 0.993662  
1.14375
0.606149 1.00125  
1.15
0.603799 1.00882  
1.15625
0.601371 1.01635  
1.1625
0.598866 1.02385  
1.16875
0.596285 1.03132  
1.175
0.593627 1.03876  
1.18125
0.590892 1.04616  
1.1875
0.588082 1.05353  
1.19375
0.585195 1.06086  
1.2
0.582233 1.06816  
1.20625
0.579196 1.07542  
1.2125
0.576083 1.08264  
1.21875
0.572896 1.08982  
1.225
0.569635 1.09696  
1.23125
0.566299 1.10406  
1.2375
0.562889 1.11112  
1.24375
0.559406 1.11813  
1.25
0.55585 1.1251  
1.25625
0.552221 1.13203  
1.2625
0.54852 1.13891  
1.26875
0.544746 1.14574  
1.275
0.540901 1.15253  
1.28125
0.536985 1.15926  
1.2875
0.532999 1.16595  
1.29375
0.528941 1.17259  
1.3
0.524815 1.17917  
1.30625
0.520618 1.18571  
1.3125
0.516353 1.19219  
1.31875
0.512019 1.19862  
1.325
0.507618 1.20499  
1.33125
0.503148 1.21131  
1.3375
0.498612 1.21757  
1.34375
0.49401 1.22377  
1.35
0.489342 1.22992  
1.35625
0.484608 1.236  
1.3625
0.47981 1.24203  
1.36875
0.474948 1.248  
1.375
0.470022 1.2539  
1.38125
0.465033 1.25975  
1.3875
0.459982 1.26553  
1.39375
0.454869 1.27125  
1.4
0.449695 1.2769  
1.40625
0.44446 1.28249  
1.4125
0.439166 1.28801  
1.41875
0.433812 1.29347  
1.425
0.428401 1.29886  
1.43125
0.422931 1.30418  
1.4375
0.417404 1.30943  
1.44375
0.411821 1.31461  
1.45
0.406182 1.31973  
1.45625
0.400487 1.32477  
1.4625
0.394739 1.32974  
1.46875
0.388937 1.33464  
1.475
0.383083 1.33946  
1.48125
0.377176 1.34421  
1.4875
0.371219 1.34889  
1.49375
0.36521 1.35349  
1.5
0.359152 1.35802  
1.50625
0.353045 1.36247  
1.5125
0.34689 1.36685  
1.51875
0.340688 1.37114  
1.525
0.334439 1.37536  
1.53125
0.328145 1.3795  
1.5375
0.321806 1.38357  
1.54375
0.315422 1.38755  
1.55
0.308996 1.39145  
1.55625
0.302528 1.39527  
1.5625
0.296018 1.39902  
1.56875
0.289467 1.40267  
1.575
0.282877 1.40625  
1.58125
0.276248 1.40975  
1.5875
0.269581 1.41316  
1.59375
0.262877 1.41649  
1.6
0.256137 1.41973  
1.60625
0.249362 1.42289  
1.6125
0.242552 1.42596  
1.61875
0.235709 1.42895  
1.625
0.228834 1.43186  
1.63125
0.221928 1.43467  
1.6375
0.21499 1.4374  
1.64375
0.208023 1.44005  
1.65
0.201028 1.4426  
1.65625
0.194005 1.44507  
1.6625
0.186955 1.44745  
1.66875
0.179879 1.44975  
1.675
0.172779 1.45195  
1.68125
0.165654 1.45407  
1.6875
0.158507 1.45609  
1.69375
0.151338 1.45803  
1.7
0.144148 1.45988  
1.70625
0.136938 1.46163  
1.7125
0.129709 1.4633  
1.71875
0.122462 1.46488  
1.725
0.115199 1.46636  
1.73125
0.107919 1.46776  
1.7375
0.100625 1.46906  
1.74375
0.0933163 1.47027  
1.75
0.085995 1.47139  
1.75625
0.0786617 1.47242  
1.7625
0.0713176 1.47336  
1.76875
0.0639637 1.4742  
1.775
0.0566009 1.47496  
1.78125
0.0492302 1.47562  
1.7875
0.0418528 1.47619  
1.79375
0.0344695 1.47667  
1.8
0.0270815 1.47705  
1.80625
0.0196897 1.47734  
1.8125
0.0122952 1.47754  
1.81875
0.00489904 1.47765  
1.825
-0.00249784 1.47766  
1.83125
-0.00989436 1.47759  
1.8375
-0.0172895 1.47742  
1.84375
-0.0246823 1.47716  
1.85
-0.0320716 1.4768  
1.85625
-0.0394565 1.47635  
1.8625
-0.046836 1.47581  
1.86875
-0.054209 1.47518  
1.875
-0.0615744 1.47446  
1.88125
-0.0689314 1.47364  
1.8875
-0.0762788 1.47274  
1.89375
-0.0836156 1.47174  
1.9
-0.0909409 1.47065  
1.90625
-0.0982537 1.46946  
1.9125
-0.105553 1.46819  
1.91875
-0.112837 1.46682  
1.925
-0.120106 1.46537  
1.93125
-0.127359 1.46382  
1.9375
-0.134593 1.46218  
1.94375
-0.141809 1.46046  
1.95
-0.149006 1.45864  
1.95625
-0.156182 1.45673  
1.9625
-0.163336 1.45473  
1.96875
-0.170468 1.45265  
1.975
-0.177577 1.45047  
1.98125
-0.184661 1.44821  
1.9875
-0.191719 1.44586  
1.99375
-0.198751 1.44342  
2
-0.205756 1.44089  
