0
0 0  
0.00625
0.00624976 7.81219e-05  
0.0125
0.0124988 0.000234357  
0.01875
0.0187466 0.000468689  
0.025
0.0249927 0.000781097  
0.03125
0.0312366 0.00117155  
0.0375
0.0374778 0.00164003  
0.04375
0.0437158 0.00218647  
0.05
0.0499502 0.00281085  
0.05625
0.0561804 0.00351311  
0.0625
0.0624059 0.00429318  
0.06875
0.0686263 0.00515101  
0.075
0.0748411 0.00608652  
0.08125
0.0810497 0.00709964  
0.0875
0.0872517 0.00819029  
0.09375
0.0934466 0.00935837  
0.1
0.0996338 0.0106038  
0.10625
0.105813 0.0119265  
0.1125
0.111983 0.0133262  
0.11875
0.118145 0.0148031  
0.125
0.124297 0.0163568  
0.13125
0.130438 0.0179872  
0.1375
0.136569 0.0196944  
0.14375
0.142689 0.021478  
0.15
0.148797 0.0233379  
0.15625
0.154893 0.0252741  
0.1625
0.160977 0.0272863  
0.16875
0.167047 0.0293744  
0.175
0.173103 0.0315382  
0.18125
0.179146 0.0337775  
0.1875
0.185173 0.0360922  
0.19375
0.191186 0.038482  
0.2
0.197182 0.0409468  
0.20625
0.203162 0.0434863  
0.2125
0.209126 0.0461004  
0.21875
0.215072 0.0487888  
0.225
0.221 0.0515513  
0.23125
0.22691 0.0543877  
0.2375
0.2328 0.0572977  
0.24375
0.238672 0.0602811  
0.25
0.244523 0.0633376  
0.25625
0.250354 0.066467  
0.2625
0.256163 0.069669  
0.26875
0.261951 0.0729434  
0.275
0.267717 0.0762899  
0.28125
0.27346 0.0797081  
0.2875
0.279179 0.0831979  
0.29375
0.284875 0.0867588  
0.3
0.290546 0.0903906  
0.30625
0.296193 0.094093  
0.3125
0.301813 0.0978657  
0.31875
0.307408 0.101708  
0.325
0.312976 0.105621  
0.33125
0.318517 0.109602  
0.3375
0.32403 0.113652  
0.34375
0.329515 0.117771  
0.35
0.334971 0.121958  
0.35625
0.340397 0.126213  
0.3625
0.345793 0.130536  
0.36875
0.351158 0.134925  
0.375
0.356493 0.139381  
0.38125
0.361795 0.143904  
0.3875
0.367065 0.148492  
0.39375
0.372302 0.153146  
0.4
0.377506 0.157865  
0.40625
0.382675 0.162648  
0.4125
0.38781 0.167496  
0.41875
0.392909 0.172407  
0.425
0.397973 0.177382  
0.43125
0.403 0.182419  
0.4375
0.40799 0.187519  
0.44375
0.412942 0.192681  
0.45
0.417856 0.197904  
0.45625
0.422731 0.203188  
0.4625
0.427567 0.208533  
0.46875
0.432362 0.213937  
0.475
0.437117 0.219401  
0.48125
0.441831 0.224924  
0.4875
0.446503 0.230506  
0.49375
0.451132 0.236145  
0.5
0.455719 0.241841  
0.50625
0.460261 0.247595  
0.5125
0.46476 0.253404  
0.51875
0.469214 0.259269  
0.525
0.473622 0.265189  
0.53125
0.477985 0.271164  
0.5375
0.482301 0.277193  
0.54375
0.48657 0.283275  
0.55
0.490791 0.28941  
0.55625
0.494963 0.295597  
0.5625
0.499087 0.301836  
0.56875
0.503162 0.308125  
0.575
0.507186 0.314465  
0.58125
0.511159 0.320855  
0.5875
0.515082 0.327293  
0.59375
0.518952 0.33378  
0.6
0.52277 0.340315  
0.60625
0.526535 0.346896  
0.6125
0.530247 0.353524  
0.61875
0.533904 0.360198  
0.625
0.537507 0.366917  
0.63125
0.541055 0.37368  
0.6375
0.544547 0.380487  
0.64375
0.547982 0.387337  
0.65
0.551361 0.394229  
0.65625
0.554682 0.401162  
0.6625
0.557946 0.408137  
0.66875
0.56115 0.415151  
0.675
0.564296 0.422205  
0.68125
0.567382 0.429297  
0.6875
0.570408 0.436427  
0.69375
0.573374 0.443594  
0.7
0.576278 0.450798  
0.70625
0.579121 0.458037  
0.7125
0.581901 0.465311  
0.71875
0.584619 0.472618  
0.725
0.587273 0.479959  
0.73125
0.589865 0.487332  
0.7375
0.592391 0.494737  
0.74375
0.594854 0.502173  
0.75
0.597251 0.509639  
0.75625
0.599583 0.517133  
0.7625
0.601848 0.524657  
0.76875
0.604048 0.532207  
0.775
0.60618 0.539784  
0.78125
0.608245 0.547387  
0.7875
0.610242 0.555016  
0.79375
0.612171 0.562668  
0.8
0.614032 0.570343  
0.80625
0.615823 0.578041  
0.8125
0.617545 0.58576  
0.81875
0.619198 0.5935  
0.825
0.62078 0.60126  
0.83125
0.622291 0.609039  
0.8375
0.623731 0.616835  
0.84375
0.625101 0.624649  
0.85
0.626398 0.632479  
0.85625
0.627624 0.640324  
0.8625
0.628777 0.648184  
0.86875
0.629857 0.656057  
0.875
0.630864 0.663943  
0.88125
0.631799 0.67184  
0.8875
0.632659 0.679749  
0.89375
0.633446 0.687667  
0.9
0.634158 0.695594  
0.90625
0.634796 0.703529  
0.9125
0.63536 0.711471  
0.91875
0.635848 0.719419  
0.925
0.636261 0.727372  
0.93125
0.636599 0.735329  
0.9375
0.636861 0.74329  
0.94375
0.637047 0.751253  
0.95
0.637157 0.759218  
0.95625
0.637191 0.767183  
0.9625
0.637148 0.775147  
0.96875
0.637029 0.78311  
0.975
0.636833 0.79107  
0.98125
0.63656 0.799027  
0.9875
0.636211 0.80698  
0.99375
0.635784 0.814927  
1
0.635279 0.822868  
1.00625
0.634697 0.830802  
1.0125
0.634038 0.838727  
1.01875
0.633302 0.846644  
1.025
0.632487 0.85455  
1.03125
0.631595 0.862445  
1.0375
0.630625 0.870328  
1.04375
0.629578 0.878197  
1.05
0.628453 0.886053  
1.05625
0.62725 0.893894  
1.0625
0.625969 0.901718  
1.06875
0.62461 0.909526  
1.075
0.623174 0.917315  
1.08125
0.62166 0.925086  
1.0875
0.620068 0.932837  
1.09375
0.618399 0.940567  
1.1
0.616652 0.948275  
1.10625
0.614828 0.955961  
1.1125
0.612926 0.963622  
1.11875
0.610948 0.971259  
1.125
0.608892 0.97887  
1.13125
0.606759 0.986455  
1.1375
0.604549 0.994011  
1.14375
0.602263 1.00154  
1.15
0.5999 1.00904  
1.15625
0.597461 1.01651  
1.1625
0.594946 1.02394  
1.16875
0.592355 1.03135  
1.175
0.589688 1.03872  
1.18125
0.586946 1.04606  
1.1875
0.584129 1.05336  
1.19375
0.581237 1.06062  
1.2
0.57827 1.06785  
1.20625
0.575229 1.07504  
1.2125
0.572113 1.08219  
1.21875
0.568924 1.0893  
1.225
0.565662 1.09638  
1.23125
0.562326 1.1034  
1.2375
0.558917 1.11039  
1.24375
0.555436 1.11733  
1.25
0.551884 1.12423  
1.25625
0.548259 1.13109  
1.2625
0.544563 1.13789  
1.26875
0.540796 1.14465  
1.275
0.536959 1.15136  
1.28125
0.533052 1.15803  
1.2875
0.529075 1.16464  
1.29375
0.525029 1.1712  
1.3
0.520914 1.17772  
1.30625
0.516731 1.18417  
1.3125
0.51248 1.19058  
1.31875
0.508162 1.19693  
1.325
0.503777 1.20323  
1.33125
0.499326 1.20947  
1.3375
0.49481 1.21566  
1.34375
0.490228 1.22178  
1.35
0.485582 1.22785  
1.35625
0.480871 1.23387  
1.3625
0.476097 1.23982  
1.36875
0.471261 1.24571  
1.375
0.466362 1.25154  
1.38125
0.461401 1.2573  
1.3875
0.456379 1.26301  
1.39375
0.451297 1.26865  
1.4
0.446155 1.27423  
1.40625
0.440954 1.27974  
1.4125
0.435695 1.28519  
1.41875
0.430377 1.29056  
1.425
0.425003 1.29588  
1.43125
0.419572 1.30112  
1.4375
0.414085 1.3063  
1.44375
0.408543 1.3114  
1.45
0.402947 1.31644  
1.45625
0.397297 1.32141  
1.4625
0.391595 1.3263  
1.46875
0.38584 1.33113  
1.475
0.380034 1.33588  
1.48125
0.374177 1.34055  
1.4875
0.36827 1.34516  
1.49375
0.362314 1.34969  
1.5
0.35631 1.35414  
1.50625
0.350259 1.35852  
1.5125
0.34416 1.36282  
1.51875
0.338016 1.36705  
1.525
0.331827 1.37119  
1.53125
0.325593 1.37526  
1.5375
0.319317 1.37925  
1.54375
0.312997 1.38317  
1.55
0.306636 1.387  
1.55625
0.300234 1.39075  
1.5625
0.293792 1.39443  
1.56875
0.28731 1.39802  
1.575
0.280791 1.40153  
1.58125
0.274234 1.40495  
1.5875
0.267641 1.4083  
1.59375
0.261012 1.41156  
1.6
0.254348 1.41474  
1.60625
0.247651 1.41784  
1.6125
0.24092 1.42085  
1.61875
0.234158 1.42378  
1.625
0.227365 1.42662  
1.63125
0.220541 1.42937  
1.6375
0.213689 1.43205  
1.64375
0.206808 1.43463  
1.65
0.1999 1.43713  
1.65625
0.192965 1.43954  
1.6625
0.186005 1.44187  
1.66875
0.179021 1.4441  
1.675
0.172013 1.44625  
1.68125
0.164983 1.44832  
1.6875
0.157931 1.45029  
1.69375
0.150859 1.45218  
1.7
0.143767 1.45397  
1.70625
0.136656 1.45568  
1.7125
0.129528 1.4573  
1.71875
0.122383 1.45883  
1.725
0.115223 1.46027  
1.73125
0.108048 1.46162  
1.7375
0.100859 1.46288  
1.74375
0.0936577 1.46405  
1.75
0.0864446 1.46513  
1.75625
0.0792209 1.46612  
1.7625
0.0719875 1.46702  
1.76875
0.0647454 1.46783  
1.775
0.0574958 1.46855  
1.78125
0.0502394 1.46918  
1.7875
0.0429774 1.46972  
1.79375
0.0357108 1.47016  
1.8
0.0284406 1.47052  
1.80625
0.0211678 1.47078  
1.8125
0.0138933 1.47096  
1.81875
0.00661833 1.47104  
1.825
-0.000656272 1.47103  
1.83125
-0.00792944 1.47093  
1.8375
-0.0152002 1.47074  
1.84375
-0.0224674 1.47046  
1.85
-0.0297302 1.47009  
1.85625
-0.0369876 1.46963  
1.8625
-0.0442385 1.46908  
1.86875
-0.0514818 1.46843  
1.875
-0.0587167 1.4677  
1.88125
-0.0659422 1.46687  
1.8875
-0.0731571 1.46596  
1.89375
-0.0803605 1.46495  
1.9
-0.0875515 1.46386  
1.90625
-0.0947289 1.46268  
1.9125
-0.101892 1.4614  
1.91875
-0.109039 1.46004  
1.925
-0.116171 1.45859  
1.93125
-0.123284 1.45705  
1.9375
-0.130379 1.45542  
1.94375
-0.137455 1.4537  
1.95
-0.144511 1.45189  
1.95625
-0.151545 1.45  
1.9625
-0.158557 1.44802  
1.96875
-0.165545 1.44595  
1.975
-0.172509 1.44379  
1.98125
-0.179449 1.44155  
1.9875
-0.186362 1.43922  
1.99375
-0.193247 1.4368  
