0
0 0  
0.05
0.05 0  
0.1
0.099875 0.005  
0.15
0.149375 0.0149875  
0.2
0.198248 0.029925  
0.25
0.246238 0.0497498  
0.3
0.293083 0.0743736  
0.35
0.338511 0.103682  
0.4
0.382244 0.137533  
0.45
0.423993 0.175757  
0.5
0.46346 0.218157  
0.55
0.500341 0.264503  
0.6
0.534326 0.314537  
0.65
0.565104 0.367969  
0.7
0.592366 0.42448  
0.75
0.615812 0.483716  
0.8
0.635152 0.545298  
0.85
0.650114 0.608813  
0.9
0.660449 0.673824  
0.95
0.665937 0.739869  
1
0.666393 0.806463  
1.05
0.66167 0.873102  
1.1
0.651664 0.939269  
1.15
0.63632 1.00444  
1.2
0.61563 1.06807  
1.25
0.589642 1.12963  
1.3
0.558454 1.18859  
1.35
0.522223 1.24444  
1.4
0.481156 1.29666  
1.45
0.435513 1.34478  
1.5
0.385608 1.38833  
1.55
0.331801 1.42689  
1.6
0.274495 1.46007  
1.65
0.214138 1.48752  
1.7
0.151209 1.50893  
1.75
0.086222 1.52405  
1.8
0.0197132 1.53268  
1.85
-0.0477611 1.53465  
1.9
-0.115632 1.52987  
1.95
-0.183326 1.51831  
