0 0 0  
0.003125 0.00312497 1.95311e-05  
0.00625 0.00624985 5.85926e-05  
0.009375 0.00937457 0.000117184  
0.0125 0.0124991 0.000195303  
0.015625 0.0156233 0.000292949  
0.01875 0.0187472 0.000410119  
0.021875 0.0218707 0.000546811  
0.025 0.0249938 0.000703022  
0.028125 0.0281163 0.000878749  
0.03125 0.0312382 0.00107399  
0.034375 0.0343596 0.00128874  
0.0375 0.0374802 0.00152299  
0.040625 0.0406 0.00177674  
0.04375 0.043719 0.00204998  
0.046875 0.0468371 0.00234271  
0.05 0.0499543 0.00265493  
0.053125 0.0530705 0.00298662  
0.05625 0.0561856 0.00333778  
0.059375 0.0592996 0.0037084  
0.0625 0.0624123 0.00409848  
0.065625 0.0655238 0.004508  
0.06875 0.0686341 0.00493696  
0.071875 0.0717429 0.00538536  
0.075 0.0748503 0.00585317  
0.078125 0.0779561 0.0063404  
0.08125 0.0810605 0.00684702  
0.084375 0.0841632 0.00737304  
0.0875 0.0872642 0.00791844  
0.090625 0.0903634 0.00848322  
0.09375 0.0934609 0.00906735  
0.096875 0.0965564 0.00967082  
0.1 0.0996501 0.0102936  
0.103125 0.102742 0.0109358  
0.10625 0.105831 0.0115972  
0.109375 0.108919 0.012278  
0.1125 0.112004 0.012978  
0.115625 0.115087 0.0136973  
0.11875 0.118168 0.0144358  
0.121875 0.121246 0.0151936  
0.125 0.124322 0.0159706  
0.128125 0.127395 0.0167669  
0.13125 0.130466 0.0175823  
0.134375 0.133534 0.0184169  
0.1375 0.1366 0.0192706  
0.140625 0.139663 0.0201435  
0.14375 0.142723 0.0210355  
0.146875 0.14578 0.0219466  
0.15 0.148834 0.0228769  
0.153125 0.151885 0.0238261  
0.15625 0.154933 0.0247945  
0.159375 0.157978 0.0257818  
0.1625 0.16102 0.0267882  
0.165625 0.164058 0.0278136  
0.16875 0.167093 0.0288579  
0.171875 0.170125 0.0299212  
0.175 0.173154 0.0310034  
0.178125 0.176178 0.0321045  
0.18125 0.179199 0.0332245  
0.184375 0.182217 0.0343634  
0.1875 0.185231 0.0355211  
0.190625 0.188241 0.0366976  
0.19375 0.191247 0.0378929  
0.196875 0.194249 0.0391069  
0.2 0.197248 0.0403397  
0.203125 0.200242 0.0415912  
0.20625 0.203232 0.0428614  
0.209375 0.206218 0.0441503  
0.2125 0.2092 0.0454578  
0.215625 0.212178 0.0467839  
0.21875 0.215151 0.0481286  
0.221875 0.218119 0.0494918  
0.225 0.221083 0.0508736  
0.228125 0.224043 0.0522739  
0.23125 0.226998 0.0536926  
0.234375 0.229948 0.0551298  
0.2375 0.232894 0.0565854  
0.240625 0.235834 0.0580593  
0.24375 0.23877 0.0595517  
0.246875 0.241701 0.0610623  
0.25 0.244627 0.0625912  
0.253125 0.247547 0.0641384  
0.25625 0.250463 0.0657038  
0.259375 0.253373 0.0672874  
0.2625 0.256278 0.0688891  
0.265625 0.259178 0.0705089  
0.26875 0.262072 0.0721469  
0.271875 0.26496 0.0738029  
0.275 0.267843 0.0754769  
0.278125 0.270721 0.0771689  
0.28125 0.273592 0.0788789  
0.284375 0.276458 0.0806067  
0.2875 0.279318 0.0823525  
0.290625 0.282172 0.0841161  
0.29375 0.28502 0.0858974  
0.296875 0.287862 0.0876966  
0.3 0.290698 0.0895134  
0.303125 0.293528 0.091348  
0.30625 0.296351 0.0932002  
0.309375 0.299168 0.09507  
0.3125 0.301979 0.0969573  
0.315625 0.304783 0.0988622  
0.31875 0.307581 0.100785  
0.321875 0.310372 0.102724  
0.325 0.313156 0.104682  
0.328125 0.315934 0.106656  
0.33125 0.318704 0.108648  
0.334375 0.321468 0.110657  
0.3375 0.324225 0.112684  
0.340625 0.326975 0.114727  
0.34375 0.329717 0.116788  
0.346875 0.332453 0.118866  
0.35 0.335181 0.120961  
0.353125 0.337902 0.123073  
0.35625 0.340615 0.125202  
0.359375 0.343321 0.127347  
0.3625 0.34602 0.12951  
0.365625 0.34871 0.131689  
0.36875 0.351394 0.133886  
0.371875 0.354069 0.136098  
0.375 0.356736 0.138328  
0.378125 0.359396 0.140574  
0.38125 0.362048 0.142837  
0.384375 0.364691 0.145116  
0.3875 0.367327 0.147412  
0.390625 0.369954 0.149724  
0.39375 0.372573 0.152053  
0.396875 0.375184 0.154398  
0.4 0.377786 0.156759  
0.403125 0.380379 0.159136  
0.40625 0.382965 0.16153  
0.409375 0.385541 0.16394  
0.4125 0.388109 0.166365  
0.415625 0.390668 0.168807  
0.41875 0.393218 0.171265  
0.421875 0.395759 0.173738  
0.425 0.398291 0.176227  
0.428125 0.400815 0.178732  
0.43125 0.403329 0.181253  
0.434375 0.405833 0.18379  
0.4375 0.408329 0.186342  
0.440625 0.410815 0.188909  
0.44375 0.413291 0.191492  
0.446875 0.415759 0.194091  
0.45 0.418216 0.196705  
0.453125 0.420664 0.199334  
0.45625 0.423102 0.201978  
0.459375 0.42553 0.204638  
0.4625 0.427949 0.207313  
0.465625 0.430357 0.210002  
0.46875 0.432755 0.212707  
0.471875 0.435144 0.215427  
0.475 0.437522 0.218161  
0.478125 0.43989 0.22091  
0.48125 0.442247 0.223675  
0.484375 0.444594 0.226453  
0.4875 0.446931 0.229247  
0.490625 0.449257 0.232054  
0.49375 0.451572 0.234877  
0.496875 0.453877 0.237713  
0.5 0.456171 0.240565  
0.503125 0.458454 0.24343  
0.50625 0.460726 0.246309  
0.509375 0.462987 0.249203  
0.5125 0.465237 0.252111  
0.515625 0.467475 0.255033  
0.51875 0.469703 0.257968  
0.521875 0.471919 0.260918  
0.525 0.474124 0.263881  
0.528125 0.476318 0.266858  
0.53125 0.4785 0.269849  
0.534375 0.48067 0.272853  
0.5375 0.482829 0.27587  
0.540625 0.484976 0.278902  
0.54375 0.487111 0.281946  
0.546875 0.489234 0.285004  
0.55 0.491345 0.288075  
0.553125 0.493444 0.291159  
0.55625 0.495531 0.294256  
0.559375 0.497606 0.297366  
0.5625 0.499669 0.300489  
0.565625 0.501719 0.303624  
0.56875 0.503757 0.306773  
0.571875 0.505782 0.309934  
0.575 0.507795 0.313108  
0.578125 0.509795 0.316294  
0.58125 0.511783 0.319493  
0.584375 0.513758 0.322704  
0.5875 0.51572 0.325927  
0.590625 0.517669 0.329162  
0.59375 0.519605 0.33241  
0.596875 0.521527 0.335669  
0.6 0.523437 0.338941  
0.603125 0.525334 0.342224  
0.60625 0.527217 0.345519  
0.609375 0.529087 0.348826  
0.6125 0.530944 0.352144  
0.615625 0.532787 0.355474  
0.61875 0.534616 0.358816  
0.621875 0.536432 0.362168  
0.625 0.538234 0.365532  
0.628125 0.540023 0.368908  
0.63125 0.541797 0.372294  
0.634375 0.543558 0.375691  
0.6375 0.545304 0.379099  
0.640625 0.547037 0.382518  
0.64375 0.548755 0.385948  
0.646875 0.55046 0.389388  
0.65 0.55215 0.392839  
0.653125 0.553825 0.396301  
0.65625 0.555487 0.399772  
0.659375 0.557134 0.403254  
0.6625 0.558766 0.406747  
0.665625 0.560384 0.410249  
0.66875 0.561987 0.413762  
0.671875 0.563575 0.417284  
0.675 0.565148 0.420816  
0.678125 0.566707 0.424358  
0.68125 0.568251 0.42791  
0.684375 0.56978 0.431471  
0.6875 0.571293 0.435041  
0.690625 0.572792 0.438621  
0.69375 0.574275 0.44221  
0.696875 0.575743 0.445809  
0.7 0.577196 0.449416  
0.703125 0.578633 0.453033  
0.70625 0.580055 0.456658  
0.709375 0.581461 0.460292  
0.7125 0.582852 0.463935  
0.715625 0.584227 0.467586  
0.71875 0.585587 0.471246  
0.721875 0.58693 0.474915  
0.725 0.588258 0.478591  
0.728125 0.58957 0.482276  
0.73125 0.590866 0.485969  
0.734375 0.592146 0.48967  
0.7375 0.59341 0.493379  
0.740625 0.594658 0.497095  
0.74375 0.595889 0.50082  
0.746875 0.597104 0.504552  
0.75 0.598303 0.508291  
0.753125 0.599486 0.512038  
0.75625 0.600652 0.515792  
0.759375 0.601802 0.519553  
0.7625 0.602935 0.523321  
0.765625 0.604052 0.527097  
0.76875 0.605151 0.530879  
0.771875 0.606235 0.534668  
0.775 0.607301 0.538464  
0.778125 0.608351 0.542266  
0.78125 0.609383 0.546074  
0.784375 0.610399 0.549889  
0.7875 0.611398 0.553711  
0.790625 0.612379 0.557538  
0.79375 0.613344 0.561371  
0.796875 0.614291 0.565211  
0.8 0.615222 0.569056  
0.803125 0.616135 0.572907  
0.80625 0.61703 0.576763  
0.809375 0.617909 0.580625  
0.8125 0.61877 0.584492  
0.815625 0.619613 0.588365  
0.81875 0.620439 0.592243  
0.821875 0.621247 0.596125  
0.825 0.622038 0.600013  
0.828125 0.622811 0.603906  
0.83125 0.623567 0.607803  
0.834375 0.624304 0.611705  
0.8375 0.625024 0.615611  
0.840625 0.625726 0.619522  
0.84375 0.626411 0.623437  
0.846875 0.627077 0.627356  
0.85 0.627725 0.63128  
0.853125 0.628355 0.635207  
0.85625 0.628967 0.639138  
0.859375 0.629562 0.643073  
0.8625 0.630138 0.647011  
0.865625 0.630695 0.650953  
0.86875 0.631235 0.654898  
0.871875 0.631756 0.658847  
0.875 0.632259 0.662798  
0.878125 0.632744 0.666753  
0.88125 0.63321 0.670711  
0.884375 0.633658 0.674671  
0.8875 0.634087 0.678634  
0.890625 0.634498 0.6826  
0.89375 0.63489 0.686568  
0.896875 0.635264 0.690538  
0.9 0.635619 0.694511  
0.903125 0.635956 0.698485  
0.90625 0.636273 0.702462  
0.909375 0.636573 0.706441  
0.9125 0.636853 0.710421  
0.915625 0.637114 0.714403  
0.91875 0.637357 0.718386  
0.921875 0.637581 0.722371  
0.925 0.637786 0.726357  
0.928125 0.637973 0.730345  
0.93125 0.63814 0.734333  
0.934375 0.638288 0.738322  
0.9375 0.638418 0.742313  
0.940625 0.638528 0.746303  
0.94375 0.638619 0.750295  
0.946875 0.638692 0.754287  
0.95 0.638745 0.758279  
0.953125 0.638779 0.762271  
0.95625 0.638794 0.766264  
0.959375 0.63879 0.770256  
0.9625 0.638766 0.774248  
0.965625 0.638724 0.77824  
0.96875 0.638662 0.782232  
0.971875 0.638581 0.786223  
0.975 0.63848 0.790214  
0.978125 0.638361 0.794203  
0.98125 0.638222 0.798192  
0.984375 0.638064 0.80218  
0.9875 0.637886 0.806167  
0.990625 0.637689 0.810152  
0.99375 0.637473 0.814137  
0.996875 0.637238 0.818119  
1 0.636983 0.822101  
1.00313 0.636708 0.82608  
1.00625 0.636414 0.830058  
1.00938 0.636101 0.834033  
1.0125 0.635768 0.838007  
1.01563 0.635416 0.841978  
1.01875 0.635045 0.845947  
1.02188 0.634654 0.849914  
1.025 0.634243 0.853878  
1.02813 0.633813 0.857839  
1.03125 0.633364 0.861798  
1.03438 0.632895 0.865753  
1.0375 0.632406 0.869706  
1.04063 0.631898 0.873655  
1.04375 0.631371 0.877601  
1.04688 0.630823 0.881544  
1.05 0.630257 0.885483  
1.05313 0.629671 0.889418  
1.05625 0.629065 0.89335  
1.05938 0.62844 0.897278  
1.0625 0.627795 0.901201  
1.06563 0.627131 0.905121  
1.06875 0.626448 0.909036  
1.07188 0.625744 0.912947  
1.075 0.625022 0.916854  
1.07813 0.624279 0.920755  
1.08125 0.623518 0.924652  
1.08438 0.622736 0.928544  
1.0875 0.621936 0.932432  
1.09063 0.621115 0.936314  
1.09375 0.620276 0.94019  
1.09688 0.619417 0.944062  
1.1 0.618538 0.947927  
1.10313 0.61764 0.951788  
1.10625 0.616722 0.955642  
1.10938 0.615786 0.959491  
1.1125 0.614829 0.963334  
1.11563 0.613853 0.96717  
1.11875 0.612858 0.971001  
1.12188 0.611844 0.974825  
1.125 0.61081 0.978642  
1.12813 0.609757 0.982453  
1.13125 0.608684 0.986257  
1.13438 0.607593 0.990055  
1.1375 0.606481 0.993845  
1.14063 0.605351 0.997629  
1.14375 0.604201 1.00141  
1.14688 0.603033 1.00517  
1.15 0.601845 1.00894  
1.15313 0.600637 1.01269  
1.15625 0.599411 1.01644  
1.15938 0.598166 1.02017  
1.1625 0.596901 1.0239  
1.16563 0.595617 1.02763  
1.16875 0.594315 1.03134  
1.17188 0.592993 1.03505  
1.175 0.591652 1.03875  
1.17813 0.590292 1.04244  
1.18125 0.588914 1.04612  
1.18438 0.587516 1.04979  
1.1875 0.5861 1.05345  
1.19063 0.584664 1.05711  
1.19375 0.58321 1.06075  
1.19688 0.581737 1.06439  
1.2 0.580245 1.06801  
1.20313 0.578735 1.07163  
1.20625 0.577206 1.07524  
1.20938 0.575658 1.07884  
1.2125 0.574092 1.08242  
1.21563 0.572507 1.086  
1.21875 0.570904 1.08957  
1.22188 0.569282 1.09313  
1.225 0.567641 1.09668  
1.22813 0.565983 1.10021  
1.23125 0.564306 1.10374  
1.23438 0.56261 1.10726  
1.2375 0.560896 1.11076  
1.24063 0.559164 1.11426  
1.24375 0.557414 1.11774  
1.24688 0.555646 1.12121  
1.25 0.553859 1.12467  
1.25313 0.552055 1.12813  
1.25625 0.550232 1.13156  
1.25938 0.548392 1.13499  
1.2625 0.546534 1.13841  
1.26563 0.544658 1.14181  
1.26875 0.542763 1.1452  
1.27188 0.540852 1.14858  
1.275 0.538922 1.15195  
1.27813 0.536975 1.15531  
1.28125 0.53501 1.15865  
1.28438 0.533028 1.16198  
1.2875 0.531028 1.1653  
1.29063 0.529011 1.16861  
1.29375 0.526977 1.1719  
1.29688 0.524925 1.17518  
1.3 0.522856 1.17845  
1.30313 0.520769 1.18171  
1.30625 0.518666 1.18495  
1.30938 0.516545 1.18818  
1.3125 0.514408 1.19139  
1.31563 0.512253 1.19459  
1.31875 0.510082 1.19778  
1.32188 0.507893 1.20095  
1.325 0.505688 1.20412  
1.32813 0.503467 1.20726  
1.33125 0.501228 1.21039  
1.33438 0.498973 1.21351  
1.3375 0.496702 1.21662  
1.34063 0.494414 1.21971  
1.34375 0.49211 1.22278  
1.34688 0.489789 1.22584  
1.35 0.487452 1.22889  
1.35313 0.485099 1.23192  
1.35625 0.48273 1.23494  
1.35938 0.480345 1.23794  
1.3625 0.477944 1.24093  
1.36563 0.475527 1.2439  
1.36875 0.473094 1.24686  
1.37188 0.470646 1.2498  
1.375 0.468182 1.25273  
1.37813 0.465702 1.25564  
1.38125 0.463207 1.25853  
1.38438 0.460696 1.26141  
1.3875 0.45817 1.26427  
1.39063 0.455629 1.26712  
1.39375 0.453073 1.26995  
1.39688 0.450501 1.27277  
1.4 0.447914 1.27557  
1.40313 0.445313 1.27835  
1.40625 0.442696 1.28112  
1.40938 0.440065 1.28387  
1.4125 0.437419 1.2866  
1.41563 0.434759 1.28932  
1.41875 0.432084 1.29202  
1.42188 0.429394 1.29471  
1.425 0.42669 1.29737  
1.42813 0.423972 1.30002  
1.43125 0.42124 1.30265  
1.43438 0.418494 1.30527  
1.4375 0.415733 1.30787  
1.44063 0.412959 1.31045  
1.44375 0.41017 1.31301  
1.44688 0.407368 1.31556  
1.45 0.404553 1.31809  
1.45313 0.401723 1.3206  
1.45625 0.398881 1.32309  
1.45938 0.396025 1.32557  
1.4625 0.393155 1.32802  
1.46563 0.390272 1.33046  
1.46875 0.387377 1.33288  
1.47188 0.384468 1.33529  
1.475 0.381546 1.33767  
1.47813 0.378612 1.34004  
1.48125 0.375664 1.34239  
1.48438 0.372705 1.34472  
1.4875 0.369732 1.34703  
1.49063 0.366747 1.34932  
1.49375 0.36375 1.35159  
1.49688 0.360741 1.35385  
1.5 0.357719 1.35608  
1.50313 0.354685 1.3583  
1.50625 0.35164 1.3605  
1.50938 0.348582 1.36268  
1.5125 0.345513 1.36483  
1.51563 0.342432 1.36697  
1.51875 0.33934 1.3691  
1.52188 0.336236 1.3712  
1.525 0.333121 1.37328  
1.52813 0.329994 1.37534  
1.53125 0.326857 1.37738  
1.53438 0.323708 1.37941  
1.5375 0.320548 1.38141  
1.54063 0.317378 1.38339  
1.54375 0.314197 1.38536  
1.54688 0.311005 1.3873  
1.55 0.307803 1.38923  
1.55313 0.304591 1.39113  
1.55625 0.301368 1.39301  
1.55938 0.298135 1.39488  
1.5625 0.294892 1.39672  
1.56563 0.291639 1.39854  
1.56875 0.288376 1.40034  
1.57188 0.285103 1.40213  
1.575 0.281821 1.40389  
1.57813 0.278529 1.40563  
1.58125 0.275228 1.40735  
1.58438 0.271917 1.40905  
1.5875 0.268598 1.41073  
1.59063 0.265269 1.41239  
1.59375 0.261931 1.41402  
1.59688 0.258585 1.41564  
1.6 0.255229 1.41723  
1.60313 0.251866 1.41881  
1.60625 0.248493 1.42036  
1.60938 0.245112 1.42189  
1.6125 0.241723 1.4234  
1.61563 0.238326 1.42489  
1.61875 0.234921 1.42636  
1.62188 0.231507 1.42781  
1.625 0.228086 1.42923  
1.62813 0.224658 1.43064  
1.63125 0.221221 1.43202  
1.63438 0.217778 1.43338  
1.6375 0.214326 1.43472  
1.64063 0.210868 1.43604  
1.64375 0.207403 1.43734  
1.64688 0.20393 1.43861  
1.65 0.200451 1.43986  
1.65313 0.196965 1.44109  
1.65625 0.193472 1.4423  
1.65938 0.189973 1.44349  
1.6625 0.186467 1.44466  
1.66563 0.182955 1.4458  
1.66875 0.179437 1.44692  
1.67188 0.175913 1.44802  
1.675 0.172383 1.4491  
1.67813 0.168847 1.45015  
1.68125 0.165306 1.45119  
1.68438 0.161759 1.4522  
1.6875 0.158207 1.45319  
1.69063 0.154649 1.45415  
1.69375 0.151086 1.4551  
1.69688 0.147518 1.45602  
1.7 0.143945 1.45692  
1.70313 0.140367 1.4578  
1.70625 0.136785 1.45865  
1.70938 0.133198 1.45948  
1.7125 0.129606 1.46029  
1.71563 0.126011 1.46108  
1.71875 0.122411 1.46185  
1.72188 0.118807 1.46259  
1.725 0.115199 1.46331  
1.72813 0.111587 1.46401  
1.73125 0.107972 1.46468  
1.73438 0.104353 1.46533  
1.7375 0.10073 1.46596  
1.74063 0.0971044 1.46657  
1.74375 0.0934754 1.46715  
1.74688 0.0898433 1.46771  
1.75 0.0862083 1.46825  
1.75313 0.0825705 1.46877  
1.75625 0.07893 1.46926  
1.75938 0.0752869 1.46973  
1.7625 0.0716414 1.47018  
1.76563 0.0679936 1.47061  
1.76875 0.0643435 1.47101  
1.77188 0.0606915 1.47139  
1.775 0.0570375 1.47174  
1.77813 0.0533816 1.47208  
1.78125 0.0497241 1.47239  
1.78438 0.0460651 1.47268  
1.7875 0.0424046 1.47294  
1.79063 0.0387428 1.47318  
1.79375 0.0350799 1.4734  
1.79688 0.0314159 1.4736  
1.8 0.0277509 1.47377  
1.80313 0.0240852 1.47392  
1.80625 0.0204188 1.47405  
1.80938 0.0167519 1.47416  
1.8125 0.0130846 1.47424  
1.81563 0.00941695 1.4743  
1.81875 0.00574918 1.47433  
1.82188 0.00208138 1.47435  
1.825 -0.00158633 1.47434  
1.82813 -0.00525382 1.4743  
1.83125 -0.00892095 1.47425  
1.83438 -0.0125876 1.47417  
1.8375 -0.0162537 1.47407  
1.84063 -0.019919 1.47394  
1.84375 -0.0235834 1.47379  
1.84688 -0.0272469 1.47362  
1.85 -0.0309092 1.47343  
1.85313 -0.0345704 1.47321  
1.85625 -0.0382301 1.47298  
1.85938 -0.0418884 1.47271  
1.8625 -0.045545 1.47243  
1.86563 -0.0491999 1.47212  
1.86875 -0.0528529 1.47179  
1.87188 -0.0565039 1.47144  
1.875 -0.0601528 1.47106  
1.87813 -0.0637994 1.47066  
1.88125 -0.0674437 1.47024  
1.88438 -0.0710854 1.4698  
1.8875 -0.0747245 1.46933  
1.89063 -0.0783609 1.46884  
1.89375 -0.0819944 1.46833  
1.89688 -0.0856248 1.46779  
1.9 -0.0892522 1.46724  
1.90313 -0.0928763 1.46666  
1.90625 -0.0964969 1.46605  
1.90938 -0.100114 1.46543  
1.9125 -0.103728 1.46478  
1.91563 -0.107337 1.46411  
1.91875 -0.110943 1.46341  
1.92188 -0.114545 1.4627  
1.925 -0.118143 1.46196  
1.92813 -0.121737 1.4612  
1.93125 -0.125326 1.46042  
1.93438 -0.12891 1.45961  
1.9375 -0.13249 1.45878  
1.94063 -0.136065 1.45793  
1.94375 -0.139636 1.45706  
1.94688 -0.143201 1.45616  
1.95 -0.146761 1.45525  
1.95313 -0.150316 1.45431  
1.95625 -0.153866 1.45335  
1.95938 -0.15741 1.45236  
1.9625 -0.160949 1.45136  
1.96563 -0.164482 1.45033  
1.96875 -0.168009 1.44928  
1.97188 -0.17153 1.44821  
1.975 -0.175045 1.44711  
1.97813 -0.178553 1.446  
1.98125 -0.182056 1.44486  
1.98438 -0.185552 1.4437  
1.9875 -0.189041 1.44252  
1.99063 -0.192524 1.44131  
1.99375 -0.195999 1.44009  
1.99688 -0.199468 1.43884  
