0
0 0  
0.05
0.0498744 0.00498744  
0.1
0.0993695 0.0149244  
0.15
0.148227 0.0297471  
0.2
0.196181 0.0493651  
0.25
0.242958 0.0736609  
0.3
0.288277 0.102489  
0.35
0.331851 0.135674  
0.4
0.373383 0.173012  
0.45
0.412577 0.21427  
0.5
0.449132 0.259183  
0.55
0.482753 0.307458  
0.6
0.513151 0.358773  
0.65
0.540049 0.412778  
0.7
0.563187 0.469097  
0.75
0.582328 0.52733  
0.8
0.59726 0.587056  
0.85
0.607805 0.647836  
0.9
0.613817 0.709218  
0.95
0.615192 0.770737  
1
0.611868 0.831924  
1.05
0.603827 0.892307  
1.1
0.591097 0.951416  
1.15
0.573755 1.00879  
1.2
0.551921 1.06398  
1.25
0.525764 1.11656  
1.3
0.495497 1.16611  
1.35
0.461377 1.21225  
1.4
0.423698 1.25462  
1.45
0.382792 1.2929  
1.5
0.339025 1.3268  
1.55
0.292792 1.35608  
1.6
0.244509 1.38053  
1.65
0.194617 1.39999  
1.7
0.143567 1.41435  
1.75
0.0918237 1.42353  
1.8
0.0398543 1.42752  
1.85
-0.0118734 1.42633  
1.9
-0.0628966 1.42004  
1.95
-0.112763 1.40876  
