0 0 0  
0.0125 0.012498 0.000312451  
0.025 0.0249902 0.000937207  
0.0375 0.0374726 0.00187402  
0.05 0.0499413 0.00312256  
0.0625 0.0623924 0.00468237  
0.075 0.0748219 0.00655291  
0.0875 0.0872258 0.00873356  
0.1 0.0996002 0.0112236  
0.1125 0.111941 0.0140221  
0.125 0.124245 0.0171282  
0.1375 0.136506 0.0205409  
0.15 0.148722 0.0242589  
0.1625 0.160889 0.0282812  
0.175 0.173002 0.0326062  
0.1875 0.185056 0.0372326  
0.2 0.197049 0.0421588  
0.2125 0.208975 0.0473832  
0.225 0.22083 0.0529039  
0.2375 0.232611 0.0587192  
0.25 0.244312 0.064827  
0.2625 0.25593 0.0712252  
0.275 0.26746 0.0779117  
0.2875 0.278897 0.0848842  
0.3 0.290238 0.0921401  
0.3125 0.301478 0.0996771  
0.325 0.312612 0.107492  
0.3375 0.323636 0.115583  
0.35 0.334545 0.123947  
0.3625 0.345334 0.13258  
0.375 0.356 0.14148  
0.3875 0.366537 0.150644  
0.4 0.376941 0.160067  
0.4125 0.387206 0.169747  
0.425 0.397329 0.179681  
0.4375 0.407305 0.189863  
0.45 0.417129 0.200291  
0.4625 0.426795 0.210961  
0.475 0.436301 0.221869  
0.4875 0.445639 0.23301  
0.5 0.454807 0.24438  
0.5125 0.463799 0.255975  
0.525 0.472611 0.26779  
0.5375 0.481237 0.279821  
0.55 0.489674 0.292063  
0.5625 0.497916 0.304511  
0.575 0.505958 0.31716  
0.5875 0.513797 0.330005  
0.6 0.521428 0.34304  
0.6125 0.528845 0.356262  
0.625 0.536045 0.369663  
0.6375 0.543023 0.383238  
0.65 0.549775 0.396983  
0.6625 0.556297 0.41089  
0.675 0.562583 0.424955  
0.6875 0.56863 0.43917  
0.7 0.574435 0.453531  
0.7125 0.579992 0.468031  
0.725 0.585297 0.482664  
0.7375 0.590348 0.497422  
0.75 0.59514 0.512301  
0.7625 0.59967 0.527292  
0.775 0.603933 0.542391  
0.7875 0.607927 0.557589  
0.8 0.611648 0.57288  
0.8125 0.615093 0.588258  
0.825 0.618259 0.603714  
0.8375 0.621143 0.619243  
0.85 0.623743 0.634836  
0.8625 0.626054 0.650488  
0.875 0.628075 0.666189  
0.8875 0.629804 0.681935  
0.9 0.631239 0.697715  
0.9125 0.632376 0.713525  
0.925 0.633214 0.729355  
0.9375 0.633752 0.745199  
0.95 0.633988 0.761049  
0.9625 0.63392 0.776897  
0.975 0.633548 0.792735  
0.9875 0.632869 0.808557  
1 0.631884 0.824354  
1.0125 0.630591 0.840119  
1.025 0.628989 0.855844  
1.0375 0.62708 0.871521  
1.05 0.624861 0.887142  
1.0625 0.622334 0.902701  
1.075 0.619498 0.918188  
1.0875 0.616355 0.933597  
1.1 0.612904 0.94892  
1.1125 0.609146 0.964148  
1.125 0.605082 0.979275  
1.1375 0.600713 0.994293  
1.15 0.596042 1.00919  
1.1625 0.591068 1.02397  
1.175 0.585795 1.03862  
1.1875 0.580223 1.05312  
1.2 0.574356 1.06748  
1.2125 0.568195 1.08168  
1.225 0.561742 1.09573  
1.2375 0.555002 1.1096  
1.25 0.547976 1.1233  
1.2625 0.540667 1.13682  
1.275 0.53308 1.15015  
1.2875 0.525216 1.16328  
1.3 0.517081 1.1762  
1.3125 0.508677 1.18892  
1.325 0.500009 1.20142  
1.3375 0.491082 1.2137  
1.35 0.481898 1.22575  
1.3625 0.472464 1.23756  
1.375 0.462782 1.24913  
1.3875 0.45286 1.26045  
1.4 0.442701 1.27152  
1.4125 0.43231 1.28232  
1.425 0.421693 1.29287  
1.4375 0.410856 1.30314  
1.45 0.399804 1.31313  
1.4625 0.388543 1.32285  
1.475 0.377079 1.33227  
1.4875 0.365418 1.34141  
1.5 0.353565 1.35025  
1.5125 0.341529 1.35879  
1.525 0.329314 1.36702  
1.5375 0.316927 1.37494  
1.55 0.304376 1.38255  
1.5625 0.291667 1.38984  
1.575 0.278807 1.39681  
1.5875 0.265803 1.40346  
1.6 0.252661 1.40977  
1.6125 0.23939 1.41576  
1.625 0.225997 1.42141  
1.6375 0.212488 1.42672  
1.65 0.198872 1.43169  
1.6625 0.185156 1.43632  
1.675 0.171347 1.44061  
1.6875 0.157453 1.44454  
1.7 0.143482 1.44813  
1.7125 0.129442 1.45137  
1.725 0.11534 1.45425  
1.7375 0.101185 1.45678  
1.75 0.0869835 1.45895  
1.7625 0.0727441 1.46077  
1.775 0.0584748 1.46223  
1.7875 0.0441834 1.46334  
1.8 0.0298779 1.46409  
1.8125 0.0155664 1.46447  
1.825 0.00125662 1.46451  
1.8375 -0.0130433 1.46418  
1.85 -0.0273254 1.4635  
1.8625 -0.0415818 1.46246  
1.875 -0.0558045 1.46106  
1.8875 -0.0699856 1.45931  
1.9 -0.0841173 1.45721  
1.9125 -0.0981917 1.45475  
1.925 -0.112201 1.45195  
1.9375 -0.126138 1.4488  
1.95 -0.139993 1.4453  
1.9625 -0.153761 1.44145  
1.975 -0.167433 1.43727  
1.9875 -0.181002 1.43274  
2 -0.19446 1.42788  
