0 0 0  
0.003125 0.003125 0  
0.00625 0.00624997 1.95313e-05  
0.009375 0.00937485 5.85936e-05  
0.0125 0.0124996 0.000117186  
0.015625 0.0156241 0.000195309  
0.01875 0.0187483 0.000292959  
0.021875 0.0218722 0.000410136  
0.025 0.0249957 0.000546838  
0.028125 0.0281188 0.000703061  
0.03125 0.0312413 0.000878803  
0.034375 0.0343632 0.00107406  
0.0375 0.0374846 0.00128883  
0.040625 0.0406052 0.00152311  
0.04375 0.043725 0.00177689  
0.046875 0.046844 0.00205017  
0.05 0.0499621 0.00234295  
0.053125 0.0530793 0.00265521  
0.05625 0.0561955 0.00298696  
0.059375 0.0593106 0.00333818  
0.0625 0.0624246 0.00370887  
0.065625 0.0655374 0.00409902  
0.06875 0.0686489 0.00450863  
0.071875 0.0717591 0.00493769  
0.075 0.0748679 0.00538618  
0.078125 0.0779753 0.00585411  
0.08125 0.0810812 0.00634145  
0.084375 0.0841855 0.00684821  
0.0875 0.0872882 0.00737437  
0.090625 0.0903893 0.00791992  
0.09375 0.0934885 0.00848485  
0.096875 0.096586 0.00906916  
0.1 0.0996816 0.00967282  
0.103125 0.102775 0.0102958  
0.10625 0.105867 0.0109382  
0.109375 0.108957 0.0115998  
0.1125 0.112044 0.0122808  
0.115625 0.115129 0.0129811  
0.11875 0.118212 0.0137007  
0.121875 0.121293 0.0144395  
0.125 0.124371 0.0151976  
0.128125 0.127447 0.0159749  
0.13125 0.130521 0.0167714  
0.134375 0.133592 0.0175872  
0.1375 0.13666 0.0184221  
0.140625 0.139726 0.0192763  
0.14375 0.142788 0.0201495  
0.146875 0.145848 0.021042  
0.15 0.148906 0.0219535  
0.153125 0.15196 0.0228842  
0.15625 0.155011 0.0238339  
0.159375 0.158059 0.0248028  
0.1625 0.161104 0.0257906  
0.165625 0.164146 0.0267975  
0.16875 0.167184 0.0278234  
0.171875 0.17022 0.0288683  
0.175 0.173252 0.0299322  
0.178125 0.17628 0.031015  
0.18125 0.179305 0.0321168  
0.184375 0.182326 0.0332374  
0.1875 0.185344 0.034377  
0.190625 0.188358 0.0355354  
0.19375 0.191368 0.0367126  
0.196875 0.194374 0.0379087  
0.2 0.197377 0.0391235  
0.203125 0.200375 0.0403571  
0.20625 0.20337 0.0416094  
0.209375 0.20636 0.0428805  
0.2125 0.209346 0.0441703  
0.215625 0.212328 0.0454787  
0.21875 0.215306 0.0468057  
0.221875 0.218279 0.0481514  
0.225 0.221248 0.0495156  
0.228125 0.224212 0.0508984  
0.23125 0.227172 0.0522998  
0.234375 0.230127 0.0537196  
0.2375 0.233078 0.0551579  
0.240625 0.236023 0.0566146  
0.24375 0.238964 0.0580898  
0.246875 0.2419 0.0595833  
0.25 0.244831 0.0610952  
0.253125 0.247757 0.0626254  
0.25625 0.250678 0.0641738  
0.259375 0.253594 0.0657406  
0.2625 0.256505 0.0673255  
0.265625 0.25941 0.0689287  
0.26875 0.26231 0.07055  
0.271875 0.265204 0.0721894  
0.275 0.268093 0.073847  
0.278125 0.270976 0.0755226  
0.28125 0.273854 0.0772162  
0.284375 0.276726 0.0789277  
0.2875 0.279592 0.0806573  
0.290625 0.282453 0.0824047  
0.29375 0.285307 0.0841701  
0.296875 0.288156 0.0859532  
0.3 0.290998 0.0877542  
0.303125 0.293834 0.089573  
0.30625 0.296665 0.0914094  
0.309375 0.299488 0.0932636  
0.3125 0.302306 0.0951354  
0.315625 0.305117 0.0970248  
0.31875 0.307922 0.0989318  
0.321875 0.31072 0.100856  
0.325 0.313511 0.102798  
0.328125 0.316296 0.104758  
0.33125 0.319074 0.106735  
0.334375 0.321846 0.108729  
0.3375 0.32461 0.11074  
0.340625 0.327367 0.112769  
0.34375 0.330118 0.114815  
0.346875 0.332861 0.116878  
0.35 0.335597 0.118959  
0.353125 0.338326 0.121056  
0.35625 0.341047 0.123171  
0.359375 0.343761 0.125302  
0.3625 0.346468 0.127451  
0.365625 0.349167 0.129616  
0.36875 0.351859 0.131799  
0.371875 0.354542 0.133998  
0.375 0.357219 0.136214  
0.378125 0.359887 0.138446  
0.38125 0.362547 0.140696  
0.384375 0.3652 0.142961  
0.3875 0.367844 0.145244  
0.390625 0.37048 0.147543  
0.39375 0.373108 0.149858  
0.396875 0.375728 0.15219  
0.4 0.378339 0.154539  
0.403125 0.380942 0.156903  
0.40625 0.383537 0.159284  
0.409375 0.386123 0.161681  
0.4125 0.3887 0.164095  
0.415625 0.391269 0.166524  
0.41875 0.393829 0.168969  
0.421875 0.39638 0.171431  
0.425 0.398922 0.173908  
0.428125 0.401456 0.176401  
0.43125 0.40398 0.178911  
0.434375 0.406495 0.181435  
0.4375 0.409 0.183976  
0.440625 0.411497 0.186532  
0.44375 0.413984 0.189104  
0.446875 0.416462 0.191692  
0.45 0.41893 0.194294  
0.453125 0.421388 0.196913  
0.45625 0.423837 0.199546  
0.459375 0.426277 0.202195  
0.4625 0.428706 0.20486  
0.465625 0.431125 0.207539  
0.46875 0.433535 0.210234  
0.471875 0.435935 0.212943  
0.475 0.438324 0.215668  
0.478125 0.440703 0.218407  
0.48125 0.443072 0.221162  
0.484375 0.445431 0.223931  
0.4875 0.447779 0.226715  
0.490625 0.450117 0.229513  
0.49375 0.452444 0.232327  
0.496875 0.454761 0.235154  
0.5 0.457067 0.237997  
0.503125 0.459362 0.240853  
0.50625 0.461646 0.243724  
0.509375 0.46392 0.24661  
0.5125 0.466182 0.249509  
0.515625 0.468433 0.252423  
0.51875 0.470673 0.25535  
0.521875 0.472902 0.258292  
0.525 0.47512 0.261248  
0.528125 0.477326 0.264217  
0.53125 0.479521 0.267201  
0.534375 0.481704 0.270198  
0.5375 0.483876 0.273208  
0.540625 0.486036 0.276233  
0.54375 0.488185 0.27927  
0.546875 0.490321 0.282321  
0.55 0.492446 0.285386  
0.553125 0.494558 0.288464  
0.55625 0.496659 0.291555  
0.559375 0.498748 0.294659  
0.5625 0.500824 0.297776  
0.565625 0.502888 0.300906  
0.56875 0.50494 0.304049  
0.571875 0.506979 0.307205  
0.575 0.509006 0.310374  
0.578125 0.51102 0.313555  
0.58125 0.513022 0.316749  
0.584375 0.515011 0.319955  
0.5875 0.516987 0.323174  
0.590625 0.518951 0.326405  
0.59375 0.520901 0.329649  
0.596875 0.522838 0.332904  
0.6 0.524763 0.336172  
0.603125 0.526674 0.339452  
0.60625 0.528572 0.342743  
0.609375 0.530457 0.346047  
0.6125 0.532329 0.349362  
0.615625 0.534187 0.352689  
0.61875 0.536031 0.356028  
0.621875 0.537862 0.359378  
0.625 0.539679 0.36274  
0.628125 0.541483 0.366113  
0.63125 0.543273 0.369497  
0.634375 0.545049 0.372893  
0.6375 0.546811 0.376299  
0.640625 0.548559 0.379717  
0.64375 0.550293 0.383145  
0.646875 0.552013 0.386585  
0.65 0.553719 0.390035  
0.653125 0.55541 0.393495  
0.65625 0.557087 0.396967  
0.659375 0.55875 0.400449  
0.6625 0.560398 0.403941  
0.665625 0.562032 0.407443  
0.66875 0.563651 0.410956  
0.671875 0.565256 0.414479  
0.675 0.566845 0.418012  
0.678125 0.56842 0.421554  
0.68125 0.56998 0.425107  
0.684375 0.571525 0.428669  
0.6875 0.573055 0.432241  
0.690625 0.57457 0.435823  
0.69375 0.57607 0.439414  
0.696875 0.577554 0.443015  
0.7 0.579024 0.446624  
0.703125 0.580478 0.450243  
0.70625 0.581916 0.453871  
0.709375 0.583339 0.457508  
0.7125 0.584747 0.461154  
0.715625 0.586139 0.464809  
0.71875 0.587515 0.468472  
0.721875 0.588875 0.472144  
0.725 0.59022 0.475824  
0.728125 0.591549 0.479513  
0.73125 0.592862 0.483211  
0.734375 0.594159 0.486916  
0.7375 0.59544 0.490629  
0.740625 0.596704 0.494351  
0.74375 0.597953 0.49808  
0.746875 0.599185 0.501817  
0.75 0.600402 0.505562  
0.753125 0.601601 0.509315  
0.75625 0.602785 0.513075  
0.759375 0.603952 0.516842  
0.7625 0.605102 0.520617  
0.765625 0.606236 0.524399  
0.76875 0.607353 0.528188  
0.771875 0.608453 0.531984  
0.775 0.609537 0.535787  
0.778125 0.610604 0.539596  
0.78125 0.611654 0.543413  
0.784375 0.612687 0.547235  
0.7875 0.613703 0.551065  
0.790625 0.614702 0.5549  
0.79375 0.615684 0.558742  
0.796875 0.616649 0.56259  
0.8 0.617596 0.566444  
0.803125 0.618527 0.570304  
0.80625 0.61944 0.57417  
0.809375 0.620336 0.578042  
0.8125 0.621214 0.581919  
0.815625 0.622075 0.585801  
0.81875 0.622918 0.589689  
0.821875 0.623744 0.593582  
0.825 0.624552 0.597481  
0.828125 0.625342 0.601384  
0.83125 0.626115 0.605293  
0.834375 0.62687 0.609206  
0.8375 0.627607 0.613124  
0.840625 0.628327 0.617046  
0.84375 0.629028 0.620973  
0.846875 0.629712 0.624905  
0.85 0.630377 0.628841  
0.853125 0.631025 0.63278  
0.85625 0.631654 0.636724  
0.859375 0.632265 0.640672  
0.8625 0.632858 0.644624  
0.865625 0.633433 0.648579  
0.86875 0.63399 0.652538  
0.871875 0.634528 0.656501  
0.875 0.635048 0.660466  
0.878125 0.635549 0.664435  
0.88125 0.636033 0.668408  
0.884375 0.636497 0.672383  
0.8875 0.636943 0.676361  
0.890625 0.637371 0.680342  
0.89375 0.63778 0.684325  
0.896875 0.63817 0.688312  
0.9 0.638542 0.6923  
0.903125 0.638895 0.696291  
0.90625 0.63923 0.700284  
0.909375 0.639545 0.704279  
0.9125 0.639842 0.708276  
0.915625 0.64012 0.712275  
0.91875 0.640379 0.716276  
0.921875 0.640619 0.720279  
0.925 0.640841 0.724282  
0.928125 0.641043 0.728288  
0.93125 0.641226 0.732294  
0.934375 0.64139 0.736302  
0.9375 0.641536 0.740311  
0.940625 0.641662 0.74432  
0.94375 0.641769 0.748331  
0.946875 0.641857 0.752342  
0.95 0.641926 0.756353  
0.953125 0.641975 0.760365  
0.95625 0.642006 0.764378  
0.959375 0.642017 0.76839  
0.9625 0.642008 0.772403  
0.965625 0.641981 0.776415  
0.96875 0.641934 0.780428  
0.971875 0.641868 0.78444  
0.975 0.641783 0.788451  
0.978125 0.641678 0.792463  
0.98125 0.641554 0.796473  
0.984375 0.64141 0.800483  
0.9875 0.641247 0.804492  
0.990625 0.641065 0.808499  
0.99375 0.640863 0.812506  
0.996875 0.640641 0.816511  
1 0.6404 0.820515  
1.00313 0.64014 0.824518  
1.00625 0.63986 0.828519  
1.00938 0.63956 0.832518  
1.0125 0.639241 0.836515  
1.01563 0.638902 0.84051  
1.01875 0.638544 0.844504  
1.02188 0.638166 0.848494  
1.025 0.637769 0.852483  
1.02813 0.637351 0.856469  
1.03125 0.636915 0.860452  
1.03438 0.636458 0.864433  
1.0375 0.635982 0.868411  
1.04063 0.635487 0.872386  
1.04375 0.634971 0.876358  
1.04688 0.634436 0.880326  
1.05 0.633882 0.884292  
1.05313 0.633307 0.888253  
1.05625 0.632713 0.892211  
1.05938 0.6321 0.896166  
1.0625 0.631466 0.900117  
1.06563 0.630813 0.904063  
1.06875 0.630141 0.908006  
1.07188 0.629448 0.911944  
1.075 0.628736 0.915878  
1.07813 0.628005 0.919808  
1.08125 0.627253 0.923733  
1.08438 0.626482 0.927653  
1.0875 0.625692 0.931569  
1.09063 0.624881 0.935479  
1.09375 0.624051 0.939385  
1.09688 0.623202 0.943285  
1.1 0.622332 0.94718  
1.10313 0.621443 0.95107  
1.10625 0.620535 0.954954  
1.10938 0.619607 0.958832  
1.1125 0.618659 0.962705  
1.11563 0.617692 0.966571  
1.11875 0.616705 0.970432  
1.12188 0.615698 0.974286  
1.125 0.614672 0.978134  
1.12813 0.613627 0.981976  
1.13125 0.612562 0.985811  
1.13438 0.611477 0.98964  
1.1375 0.610373 0.993461  
1.14063 0.60925 0.997276  
1.14375 0.608107 1.00108  
1.14688 0.606944 1.00488  
1.15 0.605763 1.00868  
1.15313 0.604561 1.01246  
1.15625 0.603341 1.01624  
1.15938 0.602101 1.02001  
1.1625 0.600842 1.02378  
1.16563 0.599563 1.02753  
1.16875 0.598265 1.03128  
1.17188 0.596948 1.03502  
1.175 0.595612 1.03875  
1.17813 0.594257 1.04247  
1.18125 0.592882 1.04619  
1.18438 0.591488 1.04989  
1.1875 0.590075 1.05359  
1.19063 0.588643 1.05728  
1.19375 0.587192 1.06096  
1.19688 0.585722 1.06463  
1.2 0.584233 1.06829  
1.20313 0.582725 1.07194  
1.20625 0.581198 1.07558  
1.20938 0.579652 1.07921  
1.2125 0.578088 1.08283  
1.21563 0.576504 1.08645  
1.21875 0.574902 1.09005  
1.22188 0.573281 1.09364  
1.225 0.571641 1.09723  
1.22813 0.569983 1.1008  
1.23125 0.568306 1.10436  
1.23438 0.56661 1.10791  
1.2375 0.564896 1.11146  
1.24063 0.563163 1.11499  
1.24375 0.561412 1.11851  
1.24688 0.559643 1.12201  
1.25 0.557855 1.12551  
1.25313 0.556049 1.129  
1.25625 0.554224 1.13247  
1.25938 0.552382 1.13594  
1.2625 0.550521 1.13939  
1.26563 0.548642 1.14283  
1.26875 0.546745 1.14626  
1.27188 0.54483 1.14968  
1.275 0.542896 1.15308  
1.27813 0.540945 1.15648  
1.28125 0.538976 1.15986  
1.28438 0.53699 1.16323  
1.2875 0.534985 1.16658  
1.29063 0.532963 1.16993  
1.29375 0.530923 1.17326  
1.29688 0.528865 1.17657  
1.3 0.52679 1.17988  
1.30313 0.524698 1.18317  
1.30625 0.522588 1.18645  
1.30938 0.52046 1.18972  
1.3125 0.518316 1.19297  
1.31563 0.516154 1.19621  
1.31875 0.513975 1.19944  
1.32188 0.511778 1.20265  
1.325 0.509565 1.20585  
1.32813 0.507334 1.20903  
1.33125 0.505087 1.2122  
1.33438 0.502823 1.21536  
1.3375 0.500542 1.2185  
1.34063 0.498244 1.22163  
1.34375 0.49593 1.22474  
1.34688 0.493599 1.22784  
1.35 0.491251 1.23093  
1.35313 0.488887 1.234  
1.35625 0.486506 1.23706  
1.35938 0.484109 1.2401  
1.3625 0.481696 1.24312  
1.36563 0.479267 1.24613  
1.36875 0.476822 1.24913  
1.37188 0.47436 1.25211  
1.375 0.471883 1.25507  
1.37813 0.469389 1.25802  
1.38125 0.46688 1.26096  
1.38438 0.464355 1.26387  
1.3875 0.461814 1.26678  
1.39063 0.459258 1.26966  
1.39375 0.456686 1.27253  
1.39688 0.454099 1.27539  
1.4 0.451497 1.27822  
1.40313 0.448879 1.28105  
1.40625 0.446246 1.28385  
1.40938 0.443598 1.28664  
1.4125 0.440934 1.28941  
1.41563 0.438256 1.29217  
1.41875 0.435563 1.29491  
1.42188 0.432855 1.29763  
1.425 0.430133 1.30034  
1.42813 0.427396 1.30302  
1.43125 0.424644 1.3057  
1.43438 0.421878 1.30835  
1.4375 0.419097 1.31099  
1.44063 0.416303 1.31361  
1.44375 0.413494 1.31621  
1.44688 0.410671 1.31879  
1.45 0.407834 1.32136  
1.45313 0.404983 1.32391  
1.45625 0.402118 1.32644  
1.45938 0.399239 1.32895  
1.4625 0.396347 1.33145  
1.46563 0.393441 1.33392  
1.46875 0.390522 1.33638  
1.47188 0.387589 1.33882  
1.475 0.384644 1.34125  
1.47813 0.381685 1.34365  
1.48125 0.378712 1.34604  
1.48438 0.375727 1.3484  
1.4875 0.372729 1.35075  
1.49063 0.369719 1.35308  
1.49375 0.366695 1.35539  
1.49688 0.363659 1.35768  
1.5 0.36061 1.35996  
1.50313 0.357549 1.36221  
1.50625 0.354476 1.36444  
1.50938 0.351391 1.36666  
1.5125 0.348293 1.36886  
1.51563 0.345183 1.37103  
1.51875 0.342062 1.37319  
1.52188 0.338928 1.37533  
1.525 0.335783 1.37745  
1.52813 0.332627 1.37955  
1.53125 0.329459 1.38162  
1.53438 0.326279 1.38368  
1.5375 0.323089 1.38572  
1.54063 0.319887 1.38774  
1.54375 0.316674 1.38974  
1.54688 0.31345 1.39172  
1.55 0.310215 1.39368  
1.55313 0.306969 1.39562  
1.55625 0.303713 1.39754  
1.55938 0.300446 1.39944  
1.5625 0.297169 1.40131  
1.56563 0.293882 1.40317  
1.56875 0.290584 1.40501  
1.57188 0.287276 1.40682  
1.575 0.283959 1.40862  
1.57813 0.280631 1.41039  
1.58125 0.277294 1.41215  
1.58438 0.273947 1.41388  
1.5875 0.27059 1.41559  
1.59063 0.267224 1.41728  
1.59375 0.263849 1.41895  
1.59688 0.260464 1.4206  
1.6 0.257071 1.42223  
1.60313 0.253668 1.42384  
1.60625 0.250257 1.42542  
1.60938 0.246836 1.42699  
1.6125 0.243408 1.42853  
1.61563 0.23997 1.43005  
1.61875 0.236524 1.43155  
1.62188 0.23307 1.43303  
1.625 0.229608 1.43449  
1.62813 0.226138 1.43592  
1.63125 0.22266 1.43733  
1.63438 0.219174 1.43873  
1.6375 0.21568 1.4401  
1.64063 0.212179 1.44144  
1.64375 0.20867 1.44277  
1.64688 0.205154 1.44407  
1.65 0.201631 1.44536  
1.65313 0.198101 1.44662  
1.65625 0.194563 1.44785  
1.65938 0.191019 1.44907  
1.6625 0.187468 1.45026  
1.66563 0.183911 1.45144  
1.66875 0.180347 1.45259  
1.67188 0.176776 1.45371  
1.675 0.1732 1.45482  
1.67813 0.169617 1.4559  
1.68125 0.166028 1.45696  
1.68438 0.162433 1.458  
1.6875 0.158833 1.45901  
1.69063 0.155227 1.46001  
1.69375 0.151615 1.46098  
1.69688 0.147998 1.46192  
1.7 0.144376 1.46285  
1.70313 0.140749 1.46375  
1.70625 0.137116 1.46463  
1.70938 0.133479 1.46549  
1.7125 0.129837 1.46632  
1.71563 0.12619 1.46713  
1.71875 0.122539 1.46792  
1.72188 0.118883 1.46869  
1.725 0.115223 1.46943  
1.72813 0.111559 1.47015  
1.73125 0.107891 1.47085  
1.73438 0.104219 1.47152  
1.7375 0.100543 1.47217  
1.74063 0.0968639 1.4728  
1.74375 0.093181 1.47341  
1.74688 0.0894947 1.47399  
1.75 0.0858051 1.47455  
1.75313 0.0821124 1.47509  
1.75625 0.0784167 1.4756  
1.75938 0.0747182 1.47609  
1.7625 0.0710168 1.47656  
1.76563 0.0673129 1.477  
1.76875 0.0636065 1.47742  
1.77188 0.0598976 1.47782  
1.775 0.0561866 1.47819  
1.77813 0.0524734 1.47854  
1.78125 0.0487583 1.47887  
1.78438 0.0450413 1.47918  
1.7875 0.0413226 1.47946  
1.79063 0.0376023 1.47972  
1.79375 0.0338805 1.47995  
1.79688 0.0301573 1.48016  
1.8 0.026433 1.48035  
1.80313 0.0227075 1.48052  
1.80625 0.0189811 1.48066  
1.80938 0.0152539 1.48078  
1.8125 0.011526 1.48087  
1.81563 0.00779751 1.48094  
1.81875 0.00406858 1.48099  
1.82188 0.000339331 1.48102  
1.825 -0.0033901 1.48102  
1.82813 -0.00711958 1.481  
1.83125 -0.010849 1.48096  
1.83438 -0.0145782 1.48089  
1.8375 -0.0183071 1.4808  
1.84063 -0.0220355 1.48068  
1.84375 -0.0257633 1.48054  
1.84688 -0.0294904 1.48038  
1.85 -0.0332167 1.4802  
1.85313 -0.036942 1.47999  
1.85625 -0.0406662 1.47976  
1.85938 -0.0443891 1.47951  
1.8625 -0.0481107 1.47923  
1.86563 -0.0518308 1.47893  
1.86875 -0.0555493 1.4786  
1.87188 -0.059266 1.47826  
1.875 -0.0629809 1.47789  
1.87813 -0.0666938 1.47749  
1.88125 -0.0704045 1.47708  
1.88438 -0.074113 1.47664  
1.8875 -0.077819 1.47617  
1.89063 -0.0815226 1.47569  
1.89375 -0.0852235 1.47518  
1.89688 -0.0889217 1.47464  
1.9 -0.092617 1.47409  
1.90313 -0.0963092 1.47351  
1.90625 -0.0999983 1.47291  
1.90938 -0.103684 1.47228  
1.9125 -0.107366 1.47163  
1.91563 -0.111045 1.47096  
1.91875 -0.114721 1.47027  
1.92188 -0.118392 1.46955  
1.925 -0.122059 1.46881  
1.92813 -0.125723 1.46805  
1.93125 -0.129382 1.46726  
1.93438 -0.133037 1.46646  
1.9375 -0.136688 1.46562  
1.94063 -0.140334 1.46477  
1.94375 -0.143975 1.46389  
1.94688 -0.147612 1.46299  
1.95 -0.151244 1.46207  
1.95313 -0.15487 1.46112  
1.95625 -0.158492 1.46016  
1.95938 -0.162108 1.45917  
1.9625 -0.165719 1.45815  
1.96563 -0.169324 1.45712  
1.96875 -0.172923 1.45606  
1.97188 -0.176517 1.45498  
1.975 -0.180105 1.45388  
1.97813 -0.183687 1.45275  
1.98125 -0.187263 1.4516  
1.98438 -0.190832 1.45043  
1.9875 -0.194395 1.44924  
1.99063 -0.197952 1.44802  
1.99375 -0.201501 1.44679  
1.99688 -0.205045 1.44553  
