0
0 0  
0.0125
0.0125 0  
0.025
0.024998 0.0003125  
0.0375
0.0374902 0.000937451  
0.05
0.0499727 0.00187471  
0.0625
0.0624414 0.00312402  
0.075
0.0748925 0.00468506  
0.0875
0.0873222 0.00655737  
0.1
0.0997263 0.00874043  
0.1125
0.112101 0.0112336  
0.125
0.124442 0.0140361  
0.1375
0.136746 0.0171472  
0.15
0.149009 0.0205658  
0.1625
0.161226 0.024291  
0.175
0.173394 0.0283217  
0.1875
0.185508 0.0326565  
0.2
0.197564 0.0372942  
0.2125
0.209559 0.0422334  
0.225
0.221488 0.0474723  
0.2375
0.233347 0.0530095  
0.25
0.245131 0.0588432  
0.2625
0.256836 0.0649715  
0.275
0.268459 0.0713924  
0.2875
0.279994 0.0781039  
0.3
0.291438 0.0851037  
0.3125
0.302786 0.0923897  
0.325
0.314033 0.0999593  
0.3375
0.325176 0.10781  
0.35
0.336209 0.11594  
0.3625
0.347128 0.124345  
0.375
0.357928 0.133023  
0.3875
0.368606 0.141971  
0.4
0.379155 0.151186  
0.4125
0.389573 0.160665  
0.425
0.399853 0.170405  
0.4375
0.409991 0.180401  
0.45
0.419983 0.190651  
0.4625
0.429824 0.20115  
0.475
0.439509 0.211896  
0.4875
0.449033 0.222884  
0.5
0.458392 0.234109  
0.5125
0.46758 0.245569  
0.525
0.476594 0.257259  
0.5375
0.485427 0.269173  
0.55
0.494076 0.281309  
0.5625
0.502535 0.293661  
0.575
0.510801 0.306224  
0.5875
0.518867 0.318994  
0.6
0.52673 0.331966  
0.6125
0.534384 0.345134  
0.625
0.541826 0.358494  
0.6375
0.549049 0.37204  
0.65
0.556051 0.385766  
0.6625
0.562826 0.399667  
0.675
0.56937 0.413738  
0.6875
0.575678 0.427972  
0.7
0.581746 0.442364  
0.7125
0.587569 0.456908  
0.725
0.593144 0.471597  
0.7375
0.598466 0.486425  
0.75
0.603532 0.501387  
0.7625
0.608336 0.516475  
0.775
0.612876 0.531684  
0.7875
0.617147 0.547006  
0.8
0.621146 0.562434  
0.8125
0.624869 0.577963  
0.825
0.628313 0.593585  
0.8375
0.631474 0.609293  
0.85
0.634349 0.625079  
0.8625
0.636935 0.640938  
0.875
0.639229 0.656861  
0.8875
0.641228 0.672842  
0.9
0.642929 0.688873  
0.9125
0.64433 0.704946  
0.925
0.645429 0.721054  
0.9375
0.646223 0.73719  
0.95
0.64671 0.753346  
0.9625
0.646887 0.769513  
0.975
0.646755 0.785686  
0.9875
0.64631 0.801854  
1
0.645551 0.818012  
1.0125
0.644478 0.834151  
1.025
0.643088 0.850263  
1.0375
0.641382 0.86634  
1.05
0.639358 0.882375  
1.0625
0.637016 0.898359  
1.075
0.634355 0.914284  
1.0875
0.631376 0.930143  
1.1
0.628079 0.945927  
1.1125
0.624463 0.961629  
1.125
0.62053 0.977241  
1.1375
0.616279 0.992754  
1.15
0.611712 1.00816  
1.1625
0.60683 1.02345  
1.175
0.601633 1.03862  
1.1875
0.596125 1.05367  
1.2
0.590305 1.06857  
1.2125
0.584176 1.08333  
1.225
0.57774 1.09793  
1.2375
0.571 1.11237  
1.25
0.563957 1.12665  
1.2625
0.556615 1.14075  
1.275
0.548976 1.15466  
1.2875
0.541043 1.16839  
1.3
0.53282 1.18191  
1.3125
0.52431 1.19523  
1.325
0.515516 1.20834  
1.3375
0.506443 1.22123  
1.35
0.497094 1.23389  
1.3625
0.487475 1.24632  
1.375
0.477588 1.25851  
1.3875
0.467439 1.27045  
1.4
0.457032 1.28213  
1.4125
0.446373 1.29356  
1.425
0.435466 1.30472  
1.4375
0.424317 1.3156  
1.45
0.412931 1.32621  
1.4625
0.401315 1.33653  
1.475
0.389472 1.34657  
1.4875
0.377411 1.3563  
1.5
0.365136 1.36574  
1.5125
0.352654 1.37487  
1.525
0.339971 1.38368  
1.5375
0.327094 1.39218  
1.55
0.314029 1.40036  
1.5625
0.300784 1.40821  
1.575
0.287365 1.41573  
1.5875
0.273779 1.42291  
1.6
0.260034 1.42976  
1.6125
0.246136 1.43626  
1.625
0.232093 1.44241  
1.6375
0.217913 1.44822  
1.65
0.203602 1.45366  
1.6625
0.18917 1.45875  
1.675
0.174623 1.46348  
1.6875
0.15997 1.46785  
1.7
0.145218 1.47185  
1.7125
0.130375 1.47548  
1.725
0.115449 1.47874  
1.7375
0.100449 1.48162  
1.75
0.0853832 1.48413  
1.7625
0.0702589 1.48627  
1.775
0.0550847 1.48803  
1.7875
0.039869 1.4894  
1.8
0.0246201 1.4904  
1.8125
0.00934637 1.49102  
1.825
-0.0059438 1.49125  
1.8375
-0.021242 1.4911  
1.85
-0.0365399 1.49057  
1.8625
-0.0518291 1.48966  
1.875
-0.0671011 1.48836  
1.8875
-0.0823476 1.48668  
1.9
-0.0975602 1.48462  
1.9125
-0.11273 1.48218  
1.925
-0.12785 1.47937  
1.9375
-0.142911 1.47617  
1.95
-0.157905 1.4726  
1.9625
-0.172823 1.46865  
1.975
-0.187658 1.46433  
1.9875
-0.202402 1.45964  
2
-0.217046 1.45458  
