0 0 0  
0.025 0.0249844 0.00124922  
0.05 0.0499217 0.0037453  
0.075 0.0747805 0.00748433  
0.1 0.099529 0.0124608  
0.125 0.124135 0.0186675  
0.15 0.148566 0.0260958  
0.175 0.17279 0.0347353  
0.2 0.196772 0.0445739  
0.225 0.220479 0.0555979  
0.25 0.243878 0.0677918  
0.275 0.266932 0.0811384  
0.3 0.289606 0.0956187  
0.325 0.311866 0.111212  
0.35 0.333673 0.127896  
0.375 0.354992 0.145645  
0.4 0.375786 0.164435  
0.425 0.396017 0.184235  
0.45 0.415647 0.205018  
0.475 0.434639 0.22675  
0.5 0.452955 0.249397  
0.525 0.470557 0.272925  
0.55 0.487408 0.297296  
0.575 0.503471 0.322469  
0.6 0.51871 0.348405  
0.625 0.533089 0.375059  
0.65 0.546572 0.402388  
0.675 0.559127 0.430344  
0.7 0.57072 0.45888  
0.725 0.581319 0.487946  
0.75 0.590895 0.517491  
0.775 0.59942 0.547462  
0.8 0.606866 0.577805  
0.825 0.61321 0.608466  
0.85 0.618428 0.639387  
0.875 0.622501 0.670512  
0.9 0.62541 0.701783  
0.925 0.62714 0.733139  
0.95 0.627678 0.764523  
0.975 0.627014 0.795874  
1 0.62514 0.827131  
1.025 0.622052 0.858234  
1.05 0.617749 0.889121  
1.075 0.61223 0.919733  
1.1 0.605502 0.950008  
1.125 0.59757 0.979886  
1.15 0.588446 1.00931  
1.175 0.578142 1.03822  
1.2 0.566676 1.06655  
1.225 0.554066 1.09425  
1.25 0.540336 1.12127  
1.275 0.525511 1.14755  
1.3 0.509618 1.17303  
1.325 0.49269 1.19766  
1.35 0.47476 1.2214  
1.375 0.455864 1.24419  
1.4 0.436042 1.26599  
1.425 0.415336 1.28676  
1.45 0.393789 1.30645  
1.475 0.371447 1.32502  
1.5 0.34836 1.34244  
1.525 0.324576 1.35867  
1.55 0.30015 1.37368  
1.575 0.275133 1.38743  
1.6 0.249582 1.39991  
1.625 0.223553 1.41109  
1.65 0.197104 1.42095  
1.675 0.170296 1.42946  
1.7 0.143186 1.43662  
1.725 0.115837 1.44241  
1.75 0.0883093 1.44683  
1.775 0.060665 1.44986  
1.8 0.0329659 1.45151  
1.825 0.00527416 1.45177  
1.85 -0.0223483 1.45065  
1.875 -0.0498397 1.44816  
1.9 -0.077139 1.44431  
1.925 -0.104185 1.4391  
1.95 -0.130919 1.43255  
1.975 -0.15728 1.42469  
2 -0.183212 1.41553  
