0 0 0  
0.025 0.025 0  
0.05 0.0499844 0.00125  
0.075 0.0749219 0.00374922  
0.1 0.0997812 0.00749531  
0.125 0.124531 0.0124844  
0.15 0.149139 0.0187109  
0.175 0.173574 0.0261679  
0.2 0.197804 0.0348466  
0.225 0.221796 0.0447368  
0.25 0.245516 0.0558266  
0.275 0.268931 0.0681024  
0.3 0.292007 0.0815489  
0.325 0.314709 0.0961493  
0.35 0.337002 0.111885  
0.375 0.35885 0.128735  
0.4 0.380216 0.146677  
0.425 0.401064 0.165688  
0.45 0.421356 0.185741  
0.475 0.441055 0.206809  
0.5 0.460123 0.228862  
0.525 0.478521 0.251868  
0.55 0.49621 0.275794  
0.575 0.513153 0.300605  
0.6 0.529311 0.326262  
0.625 0.544645 0.352728  
0.65 0.559119 0.37996  
0.675 0.572694 0.407916  
0.7 0.585335 0.436551  
0.725 0.597005 0.465817  
0.75 0.60767 0.495668  
0.775 0.617296 0.526051  
0.8 0.625852 0.556916  
0.825 0.633306 0.588209  
0.85 0.639629 0.619874  
0.875 0.644795 0.651855  
0.9 0.648778 0.684095  
0.925 0.651555 0.716534  
0.95 0.653107 0.749112  
0.975 0.653414 0.781767  
1 0.652461 0.814438  
1.025 0.650236 0.847061  
1.05 0.646728 0.879572  
1.075 0.64193 0.911909  
1.1 0.635839 0.944005  
1.125 0.628453 0.975797  
1.15 0.619775 1.00722  
1.175 0.609809 1.03821  
1.2 0.598566 1.0687  
1.225 0.586056 1.09863  
1.25 0.572295 1.12793  
1.275 0.557301 1.15654  
1.3 0.541096 1.18441  
1.325 0.523706 1.21146  
1.35 0.505158 1.23765  
1.375 0.485484 1.26291  
1.4 0.464718 1.28718  
1.425 0.442898 1.31042  
1.45 0.420064 1.33256  
1.475 0.39626 1.35357  
1.5 0.371531 1.37338  
1.525 0.345926 1.39196  
1.55 0.319496 1.40925  
1.575 0.292294 1.42523  
1.6 0.264376 1.43984  
1.625 0.2358 1.45306  
1.65 0.206626 1.46485  
1.675 0.176914 1.47518  
1.7 0.146727 1.48403  
1.725 0.11613 1.49136  
1.75 0.0851891 1.49717  
1.775 0.0539697 1.50143  
1.8 0.0225396 1.50413  
1.825 -0.00903315 1.50526  
1.85 -0.04068 1.5048  
1.875 -0.0723322 1.50277  
1.9 -0.103921 1.49915  
1.925 -0.135377 1.49396  
1.95 -0.166633 1.48719  
1.975 -0.197621 1.47886  
2 -0.228272 1.46898  
