0
0 0  
0.00625
0.00625 0  
0.0125
0.0124998 7.8125e-05  
0.01875
0.0187488 0.000234372  
0.025
0.0249966 0.000468732  
0.03125
0.0312427 0.000781189  
0.0375
0.0374866 0.00117172  
0.04375
0.0437278 0.0016403  
0.05
0.0499658 0.0021869  
0.05625
0.0562002 0.00281147  
0.0625
0.0624304 0.00351398  
0.06875
0.068656 0.00429436  
0.075
0.0748764 0.00515256  
0.08125
0.0810912 0.00608851  
0.0875
0.0872998 0.00710215  
0.09375
0.0935019 0.0081934  
0.1
0.0996968 0.00936217  
0.10625
0.105884 0.0106084  
0.1125
0.112063 0.0119319  
0.11875
0.118234 0.0133327  
0.125
0.124396 0.0148107  
0.13125
0.130547 0.0163656  
0.1375
0.136689 0.0179974  
0.14375
0.14282 0.0197061  
0.15
0.148941 0.0214913  
0.15625
0.155049 0.0233531  
0.1625
0.161145 0.0252912  
0.16875
0.167229 0.0273055  
0.175
0.1733 0.0293959  
0.18125
0.179357 0.0315621  
0.1875
0.185399 0.0338041  
0.19375
0.191427 0.0361216  
0.2
0.19744 0.0385144  
0.20625
0.203437 0.0409824  
0.2125
0.209418 0.0435254  
0.21875
0.215382 0.0461431  
0.225
0.221329 0.0488354  
0.23125
0.227258 0.051602  
0.2375
0.233168 0.0544427  
0.24375
0.23906 0.0573573  
0.25
0.244932 0.0603455  
0.25625
0.250785 0.0634072  
0.2625
0.256616 0.066542  
0.26875
0.262427 0.0697497  
0.275
0.268216 0.07303  
0.28125
0.273983 0.0763827  
0.2875
0.279728 0.0798075  
0.29375
0.285449 0.0833041  
0.3
0.291146 0.0868722  
0.30625
0.296819 0.0905116  
0.3125
0.302467 0.0942218  
0.31875
0.30809 0.0980027  
0.325
0.313687 0.101854  
0.33125
0.319257 0.105775  
0.3375
0.3248 0.109766  
0.34375
0.330315 0.113826  
0.35
0.335802 0.117955  
0.35625
0.341261 0.122152  
0.3625
0.34669 0.126418  
0.36875
0.352089 0.130751  
0.375
0.357457 0.135153  
0.38125
0.362794 0.139621  
0.3875
0.3681 0.144156  
0.39375
0.373373 0.148757  
0.4
0.378613 0.153424  
0.40625
0.38382 0.158157  
0.4125
0.388993 0.162955  
0.41875
0.394132 0.167817  
0.425
0.399235 0.172744  
0.43125
0.404302 0.177734  
0.4375
0.409333 0.182788  
0.44375
0.414327 0.187904  
0.45
0.419283 0.193084  
0.45625
0.424202 0.198325  
0.4625
0.429081 0.203627  
0.46875
0.433921 0.208991  
0.475
0.438721 0.214415  
0.48125
0.443481 0.219899  
0.4875
0.4482 0.225442  
0.49375
0.452876 0.231045  
0.5
0.457511 0.236706  
0.50625
0.462103 0.242424  
0.5125
0.466651 0.248201  
0.51875
0.471155 0.254034  
0.525
0.475614 0.259923  
0.53125
0.480028 0.265868  
0.5375
0.484396 0.271869  
0.54375
0.488717 0.277924  
0.55
0.492992 0.284033  
0.55625
0.497219 0.290195  
0.5625
0.501397 0.29641  
0.56875
0.505527 0.302678  
0.575
0.509607 0.308997  
0.58125
0.513637 0.315367  
0.5875
0.517617 0.321787  
0.59375
0.521545 0.328258  
0.6
0.525421 0.334777  
0.60625
0.529245 0.341345  
0.6125
0.533017 0.34796  
0.61875
0.536734 0.354623  
0.625
0.540398 0.361332  
0.63125
0.544007 0.368087  
0.6375
0.54756 0.374887  
0.64375
0.551058 0.381732  
0.65
0.554499 0.38862  
0.65625
0.557884 0.395551  
0.6625
0.56121 0.402525  
0.66875
0.564479 0.40954  
0.675
0.56769 0.416596  
0.68125
0.570841 0.423692  
0.6875
0.573932 0.430828  
0.69375
0.576963 0.438002  
0.7
0.579934 0.445214  
0.70625
0.582843 0.452463  
0.7125
0.58569 0.459748  
0.71875
0.588475 0.46707  
0.725
0.591197 0.474426  
0.73125
0.593856 0.481815  
0.7375
0.596451 0.489239  
0.74375
0.598982 0.496694  
0.75
0.601447 0.504182  
0.75625
0.603848 0.5117  
0.7625
0.606182 0.519248  
0.76875
0.608451 0.526825  
0.775
0.610652 0.534431  
0.78125
0.612786 0.542064  
0.7875
0.614853 0.549724  
0.79375
0.616851 0.557409  
0.8
0.618781 0.56512  
0.80625
0.620642 0.572855  
0.8125
0.622434 0.580613  
0.81875
0.624156 0.588393  
0.825
0.625807 0.596195  
0.83125
0.627388 0.604018  
0.8375
0.628897 0.61186  
0.84375
0.630336 0.619721  
0.85
0.631702 0.6276  
0.85625
0.632996 0.635497  
0.8625
0.634218 0.643409  
0.86875
0.635366 0.651337  
0.875
0.636442 0.659279  
0.88125
0.637444 0.667235  
0.8875
0.638372 0.675203  
0.89375
0.639225 0.683182  
0.9
0.640004 0.691173  
0.90625
0.640709 0.699173  
0.9125
0.641338 0.707181  
0.91875
0.641891 0.715198  
0.925
0.642369 0.723222  
0.93125
0.642771 0.731251  
0.9375
0.643097 0.739286  
0.94375
0.643346 0.747325  
0.95
0.643519 0.755367  
0.95625
0.643614 0.763411  
0.9625
0.643633 0.771456  
0.96875
0.643574 0.779501  
0.975
0.643438 0.787546  
0.98125
0.643224 0.795589  
0.9875
0.642932 0.803629  
0.99375
0.642562 0.811666  
1
0.642114 0.819698  
1.00625
0.641588 0.827724  
1.0125
0.640983 0.835744  
1.01875
0.6403 0.843756  
1.025
0.639538 0.85176  
1.03125
0.638697 0.859754  
1.0375
0.637778 0.867738  
1.04375
0.636779 0.87571  
1.05
0.635702 0.88367  
1.05625
0.634546 0.891616  
1.0625
0.633311 0.899548  
1.06875
0.631996 0.907464  
1.075
0.630603 0.915364  
1.08125
0.629131 0.923247  
1.0875
0.62758 0.931111  
1.09375
0.62595 0.938956  
1.1
0.624241 0.94678  
1.10625
0.622453 0.954583  
1.1125
0.620586 0.962364  
1.11875
0.618641 0.970121  
1.125
0.616616 0.977854  
1.13125
0.614514 0.985562  
1.1375
0.612333 0.993243  
1.14375
0.610074 1.0009  
1.15
0.607736 1.00852  
1.15625
0.605321 1.01612  
1.1625
0.602828 1.02369  
1.16875
0.600257 1.03122  
1.175
0.597608 1.03873  
1.18125
0.594883 1.0462  
1.1875
0.59208 1.05363  
1.19375
0.589201 1.06103  
1.2
0.586245 1.0684  
1.20625
0.583213 1.07573  
1.2125
0.580105 1.08302  
1.21875
0.576921 1.09027  
1.225
0.573661 1.09748  
1.23125
0.570326 1.10465  
1.2375
0.566917 1.11178  
1.24375
0.563433 1.11886  
1.25
0.559875 1.12591  
1.25625
0.556243 1.13291  
1.2625
0.552537 1.13986  
1.26875
0.548758 1.14677  
1.275
0.544907 1.15363  
1.28125
0.540984 1.16044  
1.2875
0.536988 1.1672  
1.29375
0.532921 1.17391  
1.3
0.528783 1.18057  
1.30625
0.524575 1.18718  
1.3125
0.520296 1.19374  
1.31875
0.515948 1.20024  
1.325
0.51153 1.20669  
1.33125
0.507044 1.21309  
1.3375
0.50249 1.21942  
1.34375
0.497868 1.22571  
1.35
0.493179 1.23193  
1.35625
0.488424 1.23809  
1.3625
0.483602 1.2442  
1.36875
0.478716 1.25024  
1.375
0.473764 1.25623  
1.38125
0.468748 1.26215  
1.3875
0.463668 1.26801  
1.39375
0.458525 1.27381  
1.4
0.45332 1.27954  
1.40625
0.448053 1.2852  
1.4125
0.442725 1.2908  
1.41875
0.437336 1.29634  
1.425
0.431888 1.30181  
1.43125
0.42638 1.3072  
1.4375
0.420814 1.31253  
1.44375
0.41519 1.31779  
1.45
0.409509 1.32298  
1.45625
0.403772 1.3281  
1.4625
0.397979 1.33315  
1.46875
0.392131 1.33812  
1.475
0.386229 1.34303  
1.48125
0.380273 1.34785  
1.4875
0.374265 1.35261  
1.49375
0.368205 1.35729  
1.5
0.362093 1.36189  
1.50625
0.355932 1.36641  
1.5125
0.349721 1.37086  
1.51875
0.343461 1.37523  
1.525
0.337153 1.37953  
1.53125
0.330798 1.38374  
1.5375
0.324397 1.38788  
1.54375
0.317951 1.39193  
1.55
0.31146 1.39591  
1.55625
0.304925 1.3998  
1.5625
0.298347 1.40361  
1.56875
0.291728 1.40734  
1.575
0.285067 1.41099  
1.58125
0.278366 1.41455  
1.5875
0.271626 1.41803  
1.59375
0.264847 1.42143  
1.6
0.258031 1.42474  
1.60625
0.251178 1.42796  
1.6125
0.24429 1.4311  
1.61875
0.237366 1.43416  
1.625
0.230409 1.43712  
1.63125
0.223419 1.44  
1.6375
0.216397 1.4428  
1.64375
0.209344 1.4455  
1.65
0.202261 1.44812  
1.65625
0.195149 1.45065  
1.6625
0.188008 1.45308  
1.66875
0.180841 1.45543  
1.675
0.173647 1.4577  
1.68125
0.166428 1.45987  
1.6875
0.159185 1.46195  
1.69375
0.151919 1.46394  
1.7
0.14463 1.46583  
1.70625
0.13732 1.46764  
1.7125
0.12999 1.46936  
1.71875
0.12264 1.47098  
1.725
0.115273 1.47252  
1.73125
0.107888 1.47396  
1.7375
0.100486 1.47531  
1.74375
0.0930701 1.47656  
1.75
0.0856394 1.47773  
1.75625
0.0781956 1.4788  
1.7625
0.0707397 1.47977  
1.76875
0.0632726 1.48066  
1.775
0.0557954 1.48145  
1.78125
0.0483091 1.48215  
1.7875
0.0408148 1.48275  
1.79375
0.0333134 1.48326  
1.8
0.0258061 1.48368  
1.80625
0.0182938 1.484  
1.8125
0.0107776 1.48423  
1.81875
0.00325856 1.48436  
1.825
-0.00426234 1.4844  
1.83125
-0.011784 1.48435  
1.8375
-0.0193055 1.4842  
1.84375
-0.0268257 1.48396  
1.85
-0.0343436 1.48363  
1.85625
-0.0418582 1.4832  
1.8625
-0.0493683 1.48267  
1.86875
-0.0568731 1.48206  
1.875
-0.0643714 1.48135  
1.88125
-0.0718622 1.48054  
1.8875
-0.0793445 1.47964  
1.89375
-0.0868172 1.47865  
1.9
-0.0942794 1.47757  
1.90625
-0.10173 1.47639  
1.9125
-0.109168 1.47512  
1.91875
-0.116592 1.47375  
1.925
-0.124002 1.47229  
1.93125
-0.131396 1.47074  
1.9375
-0.138773 1.4691  
1.94375
-0.146132 1.46737  
1.95
-0.153473 1.46554  
1.95625
-0.160794 1.46362  
1.9625
-0.168094 1.46161  
1.96875
-0.175373 1.45951  
1.975
-0.182629 1.45732  
1.98125
-0.189861 1.45504  
1.9875
-0.197068 1.45266  
1.99375
-0.20425 1.4502  
