0 0 0  
0.05 0.0499583 0.00249896  
0.1 0.099666 0.00998331  
0.15 0.14887 0.0224154  
0.2 0.197313 0.039732  
0.25 0.244729 0.0618438  
0.3 0.290849 0.0886346  
0.35 0.33539 0.119961  
0.4 0.378063 0.15565  
0.45 0.418574 0.195501  
0.5 0.45662 0.239283  
0.55 0.491897 0.286733  
0.6 0.524102 0.33756  
0.65 0.552936 0.391441  
0.7 0.578112 0.448025  
0.75 0.599354 0.506932  
0.8 0.616411 0.567756  
0.85 0.629053 0.630067  
0.9 0.637082 0.693413  
0.95 0.640336 0.757324  
1 0.638691 0.821317  
1.05 0.632068 0.884897  
1.1 0.620433 0.947563  
1.15 0.6038 1.00882  
1.2 0.582234 1.06816  
1.25 0.555851 1.1251  
1.3 0.524815 1.17917  
1.35 0.489342 1.22992  
1.4 0.449695 1.2769  
1.45 0.406181 1.31973  
1.5 0.359152 1.35802  
1.55 0.308995 1.39146  
1.6 0.256136 1.41973  
1.65 0.201026 1.44261  
1.7 0.144146 1.45988  
1.75 0.0859924 1.47139  
1.8 0.0270785 1.47705  
1.85 -0.0320751 1.4768  
1.9 -0.0909449 1.47065  
1.95 -0.14901 1.45864  
2 -0.20576 1.44089  
