0 0 0  
0.025 0.0249948 0.000624935  
0.05 0.0499583 0.00249896  
0.075 0.0748592 0.00561972  
0.1 0.099666 0.00998331  
0.125 0.124347 0.0155842  
0.15 0.14887 0.0224154  
0.175 0.173203 0.0304681  
0.2 0.197313 0.0397319  
0.225 0.221166 0.050195  
0.25 0.24473 0.0618437  
0.275 0.267969 0.0746626  
0.3 0.290849 0.0886346  
0.325 0.313334 0.103741  
0.35 0.33539 0.119961  
0.375 0.356978 0.137272  
0.4 0.378064 0.15565  
0.425 0.398608 0.175069  
0.45 0.418574 0.195501  
0.475 0.437924 0.216917  
0.5 0.45662 0.239283  
0.525 0.474623 0.262567  
0.55 0.491897 0.286733  
0.575 0.508402 0.311744  
0.6 0.524102 0.33756  
0.625 0.538958 0.36414  
0.65 0.552936 0.391441  
0.675 0.565998 0.419418  
0.7 0.578111 0.448025  
0.725 0.58924 0.477213  
0.75 0.599354 0.506932  
0.775 0.60842 0.537131  
0.8 0.61641 0.567756  
0.825 0.623296 0.598754  
0.85 0.629051 0.630067  
0.875 0.633654 0.661639  
0.9 0.637081 0.693413  
0.925 0.639313 0.725328  
0.95 0.640334 0.757324  
0.975 0.64013 0.789341  
1 0.63869 0.821316  
1.025 0.636004 0.853189  
1.05 0.632067 0.884896  
1.075 0.626876 0.916375  
1.1 0.620432 0.947563  
1.125 0.612737 0.978397  
1.15 0.603799 1.00882  
1.175 0.593627 1.03876  
1.2 0.582233 1.06816  
1.225 0.569635 1.09696  
1.25 0.55585 1.1251  
1.275 0.540901 1.15253  
1.3 0.524815 1.17917  
1.325 0.507618 1.20499  
1.35 0.489342 1.22992  
1.375 0.470022 1.2539  
1.4 0.449695 1.2769  
1.425 0.4284 1.29886  
1.45 0.406181 1.31973  
1.475 0.383083 1.33946  
1.5 0.359152 1.35802  
1.525 0.334439 1.37536  
1.55 0.308996 1.39145  
1.575 0.282877 1.40625  
1.6 0.256137 1.41973  
1.625 0.228834 1.43186  
1.65 0.201028 1.44261  
1.675 0.172778 1.45195  
1.7 0.144148 1.45988  
1.725 0.115199 1.46636  
1.75 0.0859948 1.47139  
1.775 0.0566007 1.47496  
1.8 0.0270813 1.47705  
1.825 -0.00249805 1.47766  
1.85 -0.0320719 1.4768  
1.875 -0.0615747 1.47446  
1.9 -0.0909412 1.47065  
1.925 -0.120107 1.46537  
1.95 -0.149006 1.45864  
1.975 -0.177577 1.45047  
2 -0.205756 1.44089  
2.025 -0.233481 1.4299  
