0 0 0  
0.0125 0.0124993 0.000156246  
0.025 0.0249948 0.000624935  
0.0375 0.0374824 0.00140592  
0.05 0.0499583 0.00249896  
0.0625 0.0624186 0.00390371  
0.075 0.0748592 0.00561972  
0.0875 0.0872764 0.00764647  
0.1 0.099666 0.00998331  
0.1125 0.112024 0.0126295  
0.125 0.124347 0.0155842  
0.1375 0.13663 0.0188465  
0.15 0.14887 0.0224154  
0.1625 0.161062 0.0262896  
0.175 0.173203 0.0304681  
0.1875 0.185288 0.0349493  
0.2 0.197313 0.0397319  
0.2125 0.209274 0.0448144  
0.225 0.221166 0.0501951  
0.2375 0.232986 0.0558721  
0.25 0.24473 0.0618437  
0.2625 0.256392 0.0681079  
0.275 0.267969 0.0746626  
0.2875 0.279456 0.0815056  
0.3 0.290849 0.0886346  
0.3125 0.302143 0.0960472  
0.325 0.313334 0.103741  
0.3375 0.324418 0.111713  
0.35 0.33539 0.119961  
0.3625 0.346245 0.128482  
0.375 0.356978 0.137272  
0.3875 0.367586 0.146329  
0.4 0.378064 0.15565  
0.4125 0.388406 0.165231  
0.425 0.398608 0.175069  
0.4375 0.408666 0.185161  
0.45 0.418574 0.195501  
0.4625 0.428328 0.206088  
0.475 0.437924 0.216917  
0.4875 0.447356 0.227983  
0.5 0.45662 0.239283  
0.5125 0.465711 0.250812  
0.525 0.474623 0.262567  
0.5375 0.483354 0.274542  
0.55 0.491897 0.286733  
0.5625 0.500248 0.299135  
0.575 0.508402 0.311744  
0.5875 0.516355 0.324554  
0.6 0.524101 0.33756  
0.6125 0.531638 0.350757  
0.625 0.538958 0.36414  
0.6375 0.546059 0.377703  
0.65 0.552936 0.391441  
0.6625 0.559584 0.405348  
0.675 0.565998 0.419418  
0.6875 0.572176 0.433646  
0.7 0.578111 0.448025  
0.7125 0.583801 0.46255  
0.725 0.58924 0.477213  
0.7375 0.594426 0.492009  
0.75 0.599354 0.506932  
0.7625 0.60402 0.521975  
0.775 0.60842 0.537131  
0.7875 0.612551 0.552394  
0.8 0.61641 0.567756  
0.8125 0.619992 0.583212  
0.825 0.623296 0.598754  
0.8375 0.626316 0.614374  
0.85 0.629051 0.630067  
0.8625 0.631498 0.645824  
0.875 0.633654 0.661639  
0.8875 0.635515 0.677505  
0.9 0.63708 0.693413  
0.9125 0.638347 0.709356  
0.925 0.639313 0.725328  
0.9375 0.639976 0.741319  
0.95 0.640334 0.757324  
0.9625 0.640386 0.773334  
0.975 0.64013 0.789341  
0.9875 0.639565 0.805337  
1 0.63869 0.821316  
1.0125 0.637503 0.837269  
1.025 0.636004 0.853189  
1.0375 0.634192 0.869067  
1.05 0.632067 0.884896  
1.0625 0.629628 0.900668  
1.075 0.626876 0.916375  
1.0875 0.62381 0.932009  
1.1 0.620431 0.947562  
1.1125 0.61674 0.963028  
1.125 0.612737 0.978397  
1.1375 0.608423 0.993662  
1.15 0.603799 1.00882  
1.1625 0.598866 1.02385  
1.175 0.593627 1.03876  
1.1875 0.588082 1.05353  
1.2 0.582233 1.06816  
1.2125 0.576083 1.08264  
1.225 0.569635 1.09696  
1.2375 0.562889 1.11112  
1.25 0.55585 1.1251  
1.2625 0.54852 1.13891  
1.275 0.540901 1.15253  
1.2875 0.532999 1.16595  
1.3 0.524815 1.17917  
1.3125 0.516353 1.19219  
1.325 0.507618 1.20499  
1.3375 0.498612 1.21757  
1.35 0.489342 1.22992  
1.3625 0.47981 1.24203  
1.375 0.470022 1.2539  
1.3875 0.459982 1.26553  
1.4 0.449695 1.2769  
1.4125 0.439166 1.28801  
1.425 0.428401 1.29886  
1.4375 0.417404 1.30943  
1.45 0.406181 1.31973  
1.4625 0.394739 1.32974  
1.475 0.383083 1.33946  
1.4875 0.371219 1.34889  
1.5 0.359152 1.35802  
1.5125 0.34689 1.36685  
1.525 0.334439 1.37536  
1.5375 0.321806 1.38357  
1.55 0.308996 1.39145  
1.5625 0.296018 1.39902  
1.575 0.282877 1.40625  
1.5875 0.269581 1.41316  
1.6 0.256137 1.41973  
1.6125 0.242552 1.42596  
1.625 0.228834 1.43186  
1.6375 0.21499 1.4374  
1.65 0.201028 1.4426  
1.6625 0.186955 1.44745  
1.675 0.172779 1.45195  
1.6875 0.158507 1.45609  
1.7 0.144148 1.45988  
1.7125 0.129709 1.4633  
1.725 0.115199 1.46636  
1.7375 0.100625 1.46906  
1.75 0.0859949 1.47139  
1.7625 0.0713176 1.47336  
1.775 0.0566009 1.47496  
1.7875 0.0418528 1.47619  
1.8 0.0270815 1.47705  
1.8125 0.0122952 1.47754  
1.825 -0.00249785 1.47766  
1.8375 -0.0172895 1.47742  
1.85 -0.0320716 1.4768  
1.8625 -0.046836 1.47581  
1.875 -0.0615744 1.47446  
1.8875 -0.0762788 1.47274  
1.9 -0.0909409 1.47065  
1.9125 -0.105553 1.46819  
1.925 -0.120106 1.46537  
1.9375 -0.134593 1.46218  
1.95 -0.149006 1.45864  
1.9625 -0.163336 1.45473  
1.975 -0.177577 1.45047  
1.9875 -0.191719 1.44586  
2 -0.205756 1.44089  
