0
0 0  
0.05
0.0499688 0.0025  
0.1
0.099687 0.00999062  
0.15
0.148902 0.0224342  
0.2
0.197355 0.0397677  
0.25
0.244782 0.0619018  
0.3
0.290911 0.0887206  
0.35
0.33546 0.12008  
0.4
0.378141 0.155809  
0.45
0.418657 0.195705  
0.5
0.456704 0.239537  
0.55
0.491978 0.287042  
0.6
0.524175 0.337929  
0.65
0.552995 0.391874  
0.7
0.578148 0.448525  
0.75
0.59936 0.507501  
0.8
0.616376 0.568395  
0.85
0.628966 0.630775  
0.9
0.636933 0.694188  
0.95
0.640113 0.758163  
1
0.638383 0.822213  
1.05
0.631663 0.885842  
1.1
0.619918 0.948549  
1.15
0.603166 1.00983  
1.2
0.58147 1.06919  
1.25
0.554948 1.12613  
1.3
0.523767 1.18019  
1.35
0.488143 1.2309  
1.4
0.448341 1.27783  
1.45
0.404672 1.32058  
1.5
0.357488 1.35877  
1.55
0.307181 1.39209  
1.6
0.254177 1.42022  
1.65
0.198933 1.44294  
1.7
0.141929 1.46003  
1.75
0.0836661 1.47134  
1.8
0.0246597 1.47678  
1.85
-0.0345673 1.47629  
1.9
-0.0934893 1.46988  
1.95
-0.151584 1.45761  
