0 0 0  
0.003125 0.00312499 9.76563e-06  
0.00625 0.00624992 3.90624e-05  
0.009375 0.00937473 8.78896e-05  
0.0125 0.0124994 0.000156246  
0.015625 0.0156237 0.000244132  
0.01875 0.0187478 0.000351543  
0.021875 0.0218715 0.000478479  
0.025 0.0249948 0.000624937  
0.028125 0.0281176 0.000790914  
0.03125 0.0312399 0.000976407  
0.034375 0.0343615 0.00118141  
0.0375 0.0374824 0.00140593  
0.040625 0.0406027 0.00164994  
0.04375 0.0437221 0.00191346  
0.046875 0.0468407 0.00219647  
0.05 0.0499584 0.00249897  
0.053125 0.053075 0.00282095  
0.05625 0.0561907 0.00316241  
0.059375 0.0593052 0.00352333  
0.0625 0.0624186 0.00390372  
0.065625 0.0655308 0.00430356  
0.06875 0.0686416 0.00472286  
0.071875 0.0717512 0.00516159  
0.075 0.0748593 0.00561974  
0.078125 0.0779659 0.00609733  
0.08125 0.081071 0.00659432  
0.084375 0.0841746 0.00711071  
0.0875 0.0872764 0.0076465  
0.090625 0.0903766 0.00820167  
0.09375 0.0934749 0.00877621  
0.096875 0.0965715 0.00937011  
0.1 0.0996661 0.00998335  
0.103125 0.102759 0.0106159  
0.10625 0.105849 0.0112678  
0.109375 0.108938 0.011939  
0.1125 0.112024 0.0126296  
0.115625 0.115108 0.0133394  
0.11875 0.11819 0.0140684  
0.121875 0.12127 0.0148167  
0.125 0.124347 0.0155843  
0.128125 0.127422 0.0163711  
0.13125 0.130494 0.0171771  
0.134375 0.133563 0.0180022  
0.1375 0.13663 0.0188466  
0.140625 0.139695 0.0197101  
0.14375 0.142756 0.0205928  
0.146875 0.145814 0.0214946  
0.15 0.14887 0.0224155  
0.153125 0.151923 0.0233554  
0.15625 0.154972 0.0243145  
0.159375 0.158019 0.0252926  
0.1625 0.161062 0.0262897  
0.165625 0.164103 0.0273059  
0.16875 0.167139 0.028341  
0.171875 0.170173 0.0293951  
0.175 0.173203 0.0304682  
0.178125 0.17623 0.0315602  
0.18125 0.179253 0.0326711  
0.184375 0.182272 0.0338008  
0.1875 0.185288 0.0349495  
0.190625 0.1883 0.0361169  
0.19375 0.191308 0.0373032  
0.196875 0.194312 0.0385083  
0.2 0.197313 0.0397321  
0.203125 0.200309 0.0409747  
0.20625 0.203302 0.042236  
0.209375 0.20629 0.043516  
0.2125 0.209274 0.0448146  
0.215625 0.212253 0.0461319  
0.21875 0.215229 0.0474678  
0.221875 0.2182 0.0488222  
0.225 0.221166 0.0501953  
0.228125 0.224128 0.0515868  
0.23125 0.227086 0.0529969  
0.234375 0.230038 0.0544254  
0.2375 0.232986 0.0558723  
0.240625 0.23593 0.0573377  
0.24375 0.238868 0.0588215  
0.246875 0.241801 0.0603236  
0.25 0.24473 0.061844  
0.253125 0.247653 0.0633827  
0.25625 0.250571 0.0649396  
0.259375 0.253484 0.0665148  
0.2625 0.256392 0.0681082  
0.265625 0.259294 0.0697197  
0.26875 0.262191 0.0713494  
0.271875 0.265083 0.0729971  
0.275 0.267969 0.0746629  
0.278125 0.270849 0.0763467  
0.28125 0.273724 0.0780485  
0.284375 0.276593 0.0797683  
0.2875 0.279456 0.0815059  
0.290625 0.282313 0.0832615  
0.29375 0.285165 0.0850349  
0.296875 0.28801 0.086826  
0.3 0.290849 0.088635  
0.303125 0.293682 0.0904617  
0.30625 0.296509 0.092306  
0.309375 0.299329 0.094168  
0.3125 0.302143 0.0960476  
0.315625 0.304951 0.0979448  
0.31875 0.307752 0.0998595  
0.321875 0.310547 0.101792  
0.325 0.313335 0.103741  
0.328125 0.316116 0.105708  
0.33125 0.31889 0.107693  
0.334375 0.321658 0.109695  
0.3375 0.324418 0.111714  
0.340625 0.327172 0.11375  
0.34375 0.329919 0.115803  
0.346875 0.332658 0.117874  
0.35 0.33539 0.119961  
0.353125 0.338115 0.122066  
0.35625 0.340832 0.124188  
0.359375 0.343542 0.126327  
0.3625 0.346245 0.128482  
0.365625 0.34894 0.130655  
0.36875 0.351627 0.132844  
0.371875 0.354307 0.13505  
0.375 0.356979 0.137273  
0.378125 0.359643 0.139512  
0.38125 0.362299 0.141768  
0.384375 0.364947 0.144041  
0.3875 0.367587 0.14633  
0.390625 0.370218 0.148636  
0.39375 0.372842 0.150958  
0.396875 0.375457 0.153296  
0.4 0.378064 0.155651  
0.403125 0.380662 0.158022  
0.40625 0.383252 0.160409  
0.409375 0.385833 0.162813  
0.4125 0.388406 0.165232  
0.415625 0.39097 0.167668  
0.41875 0.393525 0.170119  
0.421875 0.396071 0.172587  
0.425 0.398608 0.17507  
0.428125 0.401136 0.177569  
0.43125 0.403655 0.180084  
0.434375 0.406165 0.182615  
0.4375 0.408666 0.185161  
0.440625 0.411157 0.187723  
0.44375 0.413639 0.190301  
0.446875 0.416112 0.192894  
0.45 0.418574 0.195502  
0.453125 0.421028 0.198126  
0.45625 0.423471 0.200765  
0.459375 0.425905 0.20342  
0.4625 0.428329 0.206089  
0.465625 0.430743 0.208774  
0.46875 0.433147 0.211473  
0.471875 0.435541 0.214188  
0.475 0.437924 0.216918  
0.478125 0.440298 0.219662  
0.48125 0.442661 0.222421  
0.484375 0.445014 0.225195  
0.4875 0.447356 0.227984  
0.490625 0.449688 0.230787  
0.49375 0.45201 0.233605  
0.496875 0.45432 0.236437  
0.5 0.45662 0.239284  
0.503125 0.458909 0.242145  
0.50625 0.461187 0.24502  
0.509375 0.463455 0.24791  
0.5125 0.465711 0.250814  
0.515625 0.467956 0.253731  
0.51875 0.47019 0.256663  
0.521875 0.472412 0.259609  
0.525 0.474624 0.262568  
0.528125 0.476824 0.265541  
0.53125 0.479012 0.268528  
0.534375 0.481189 0.271529  
0.5375 0.483354 0.274543  
0.540625 0.485508 0.277571  
0.54375 0.487649 0.280612  
0.546875 0.489779 0.283667  
0.55 0.491897 0.286734  
0.553125 0.494003 0.289815  
0.55625 0.496097 0.292909  
0.559375 0.498179 0.296017  
0.5625 0.500248 0.299137  
0.565625 0.502305 0.30227  
0.56875 0.50435 0.305416  
0.571875 0.506382 0.308574  
0.575 0.508402 0.311745  
0.578125 0.51041 0.314929  
0.58125 0.512404 0.318125  
0.584375 0.514386 0.321334  
0.5875 0.516355 0.324555  
0.590625 0.518311 0.327789  
0.59375 0.520254 0.331034  
0.596875 0.522185 0.334292  
0.6 0.524102 0.337561  
0.603125 0.526006 0.340843  
0.60625 0.527896 0.344137  
0.609375 0.529774 0.347442  
0.6125 0.531638 0.350759  
0.615625 0.533488 0.354087  
0.61875 0.535325 0.357427  
0.621875 0.537149 0.360779  
0.625 0.538958 0.364142  
0.628125 0.540754 0.367516  
0.63125 0.542537 0.370901  
0.634375 0.544305 0.374297  
0.6375 0.546059 0.377705  
0.640625 0.5478 0.381123  
0.64375 0.549526 0.384552  
0.646875 0.551238 0.387992  
0.65 0.552936 0.391443  
0.653125 0.55462 0.394904  
0.65625 0.556289 0.398376  
0.659375 0.557943 0.401858  
0.6625 0.559584 0.40535  
0.665625 0.561209 0.408852  
0.66875 0.56282 0.412365  
0.671875 0.564417 0.415888  
0.675 0.565998 0.41942  
0.678125 0.567565 0.422963  
0.68125 0.569117 0.426515  
0.684375 0.570654 0.430077  
0.6875 0.572176 0.433648  
0.690625 0.573682 0.437229  
0.69375 0.575174 0.440819  
0.696875 0.57665 0.444418  
0.7 0.578111 0.448027  
0.703125 0.579557 0.451645  
0.70625 0.580987 0.455272  
0.709375 0.582402 0.458907  
0.7125 0.583801 0.462552  
0.715625 0.585184 0.466205  
0.71875 0.586552 0.469866  
0.721875 0.587904 0.473537  
0.725 0.58924 0.477215  
0.728125 0.590561 0.480902  
0.73125 0.591865 0.484597  
0.734375 0.593154 0.4883  
0.7375 0.594426 0.492012  
0.740625 0.595682 0.495731  
0.74375 0.596922 0.499458  
0.746875 0.598146 0.503192  
0.75 0.599354 0.506934  
0.753125 0.600545 0.510684  
0.75625 0.601719 0.514441  
0.759375 0.602878 0.518206  
0.7625 0.604019 0.521977  
0.765625 0.605145 0.525756  
0.76875 0.606253 0.529542  
0.771875 0.607345 0.533334  
0.775 0.60842 0.537133  
0.778125 0.609478 0.540939  
0.78125 0.610519 0.544752  
0.784375 0.611544 0.548571  
0.7875 0.612551 0.552396  
0.790625 0.613541 0.556228  
0.79375 0.614515 0.560065  
0.796875 0.615471 0.563909  
0.8 0.61641 0.567759  
0.803125 0.617331 0.571614  
0.80625 0.618236 0.575475  
0.809375 0.619123 0.579342  
0.8125 0.619992 0.583214  
0.815625 0.620844 0.587092  
0.81875 0.621679 0.590975  
0.821875 0.622496 0.594863  
0.825 0.623295 0.598756  
0.828125 0.624077 0.602654  
0.83125 0.624841 0.606557  
0.834375 0.625587 0.610465  
0.8375 0.626316 0.614377  
0.840625 0.627027 0.618294  
0.84375 0.627719 0.622215  
0.846875 0.628394 0.62614  
0.85 0.629051 0.63007  
0.853125 0.62969 0.634003  
0.85625 0.630311 0.637941  
0.859375 0.630913 0.641882  
0.8625 0.631498 0.645827  
0.865625 0.632064 0.649776  
0.86875 0.632612 0.653728  
0.871875 0.633142 0.657684  
0.875 0.633653 0.661642  
0.878125 0.634146 0.665604  
0.88125 0.634621 0.669569  
0.884375 0.635077 0.673537  
0.8875 0.635515 0.677508  
0.890625 0.635934 0.681481  
0.89375 0.636334 0.685457  
0.896875 0.636716 0.689435  
0.9 0.63708 0.693416  
0.903125 0.637425 0.697399  
0.90625 0.637751 0.701384  
0.909375 0.638058 0.705371  
0.9125 0.638346 0.709359  
0.915625 0.638616 0.71335  
0.91875 0.638867 0.717342  
0.921875 0.639099 0.721336  
0.925 0.639312 0.725331  
0.928125 0.639506 0.729327  
0.93125 0.639682 0.733325  
0.934375 0.639838 0.737323  
0.9375 0.639975 0.741323  
0.940625 0.640093 0.745323  
0.94375 0.640192 0.749324  
0.946875 0.640272 0.753325  
0.95 0.640333 0.757327  
0.953125 0.640375 0.761329  
0.95625 0.640398 0.765332  
0.959375 0.640401 0.769334  
0.9625 0.640385 0.773337  
0.965625 0.64035 0.777339  
0.96875 0.640296 0.781341  
0.971875 0.640222 0.785343  
0.975 0.640129 0.789344  
0.978125 0.640017 0.793345  
0.98125 0.639885 0.797344  
0.984375 0.639734 0.801343  
0.9875 0.639564 0.805341  
0.990625 0.639374 0.809338  
0.99375 0.639165 0.813333  
0.996875 0.638936 0.817327  
1 0.638688 0.82132  
1.00313 0.638421 0.825311  
1.00625 0.638134 0.8293  
1.00938 0.637827 0.833287  
1.0125 0.637501 0.837273  
1.01563 0.637156 0.841256  
1.01875 0.636791 0.845237  
1.02188 0.636406 0.849216  
1.025 0.636002 0.853192  
1.02813 0.635578 0.857166  
1.03125 0.635135 0.861137  
1.03438 0.634673 0.865105  
1.0375 0.63419 0.869071  
1.04063 0.633688 0.873033  
1.04375 0.633167 0.876992  
1.04688 0.632626 0.880947  
1.05 0.632065 0.884899  
1.05313 0.631485 0.888848  
1.05625 0.630885 0.892793  
1.05938 0.630265 0.896734  
1.0625 0.629626 0.900671  
1.06563 0.628967 0.904604  
1.06875 0.628289 0.908533  
1.07188 0.627591 0.912458  
1.075 0.626874 0.916378  
1.07813 0.626137 0.920294  
1.08125 0.62538 0.924205  
1.08438 0.624604 0.928111  
1.0875 0.623808 0.932013  
1.09063 0.622993 0.935909  
1.09375 0.622158 0.9398  
1.09688 0.621303 0.943686  
1.1 0.620429 0.947566  
1.10313 0.619536 0.951441  
1.10625 0.618623 0.95531  
1.10938 0.61769 0.959174  
1.1125 0.616738 0.963032  
1.11563 0.615766 0.966883  
1.11875 0.614775 0.970729  
1.12188 0.613765 0.974568  
1.125 0.612735 0.978401  
1.12813 0.611685 0.982227  
1.13125 0.610616 0.986047  
1.13438 0.609528 0.98986  
1.1375 0.60842 0.993666  
1.14063 0.607293 0.997465  
1.14375 0.606147 1.00126  
1.14688 0.604981 1.00504  
1.15 0.603796 1.00882  
1.15313 0.602592 1.01259  
1.15625 0.601368 1.01635  
1.15938 0.600126 1.02011  
1.1625 0.598863 1.02385  
1.16563 0.597582 1.02759  
1.16875 0.596282 1.03132  
1.17188 0.594962 1.03505  
1.175 0.593624 1.03876  
1.17813 0.592266 1.04247  
1.18125 0.590889 1.04616  
1.18438 0.589493 1.04985  
1.1875 0.588079 1.05353  
1.19063 0.586645 1.0572  
1.19375 0.585192 1.06087  
1.19688 0.583721 1.06452  
1.2 0.58223 1.06816  
1.20313 0.580721 1.0718  
1.20625 0.579193 1.07542  
1.20938 0.577646 1.07904  
1.2125 0.57608 1.08264  
1.21563 0.574496 1.08624  
1.21875 0.572893 1.08982  
1.22188 0.571271 1.0934  
1.225 0.569631 1.09696  
1.22813 0.567973 1.10052  
1.23125 0.566295 1.10406  
1.23438 0.5646 1.1076  
1.2375 0.562886 1.11112  
1.24063 0.561153 1.11463  
1.24375 0.559403 1.11813  
1.24688 0.557634 1.12163  
1.25 0.555846 1.12511  
1.25313 0.554041 1.12857  
1.25625 0.552217 1.13203  
1.25938 0.550376 1.13548  
1.2625 0.548516 1.13891  
1.26563 0.546638 1.14233  
1.26875 0.544742 1.14574  
1.27188 0.542829 1.14914  
1.275 0.540898 1.15253  
1.27813 0.538948 1.1559  
1.28125 0.536981 1.15927  
1.28438 0.534997 1.16262  
1.2875 0.532995 1.16595  
1.29063 0.530975 1.16928  
1.29375 0.528937 1.17259  
1.29688 0.526883 1.17589  
1.3 0.52481 1.17918  
1.30313 0.522721 1.18245  
1.30625 0.520614 1.18571  
1.30938 0.51849 1.18896  
1.3125 0.516349 1.19219  
1.31563 0.51419 1.19541  
1.31875 0.512015 1.19862  
1.32188 0.509822 1.20181  
1.325 0.507613 1.20499  
1.32813 0.505387 1.20816  
1.33125 0.503144 1.21131  
1.33438 0.500884 1.21445  
1.3375 0.498608 1.21757  
1.34063 0.496315 1.22068  
1.34375 0.494005 1.22377  
1.34688 0.491679 1.22685  
1.35 0.489337 1.22992  
1.35313 0.486978 1.23297  
1.35625 0.484604 1.23601  
1.35938 0.482212 1.23903  
1.3625 0.479805 1.24203  
1.36563 0.477382 1.24503  
1.36875 0.474943 1.248  
1.37188 0.472488 1.25096  
1.375 0.470017 1.25391  
1.37813 0.46753 1.25684  
1.38125 0.465028 1.25975  
1.38438 0.46251 1.26265  
1.3875 0.459977 1.26553  
1.39063 0.457428 1.2684  
1.39375 0.454864 1.27125  
1.39688 0.452284 1.27409  
1.4 0.449689 1.27691  
1.40313 0.44708 1.27971  
1.40625 0.444455 1.28249  
1.40938 0.441815 1.28526  
1.4125 0.43916 1.28802  
1.41563 0.436491 1.29075  
1.41875 0.433807 1.29347  
1.42188 0.431108 1.29618  
1.425 0.428395 1.29886  
1.42813 0.425667 1.30153  
1.43125 0.422925 1.30418  
1.43438 0.420169 1.30682  
1.4375 0.417398 1.30943  
1.44063 0.414613 1.31203  
1.44375 0.411815 1.31462  
1.44688 0.409002 1.31718  
1.45 0.406176 1.31973  
1.45313 0.403335 1.32226  
1.45625 0.400481 1.32477  
1.45938 0.397614 1.32727  
1.4625 0.394733 1.32974  
1.46563 0.391839 1.3322  
1.46875 0.388931 1.33464  
1.47188 0.38601 1.33706  
1.475 0.383077 1.33946  
1.47813 0.38013 1.34185  
1.48125 0.37717 1.34422  
1.48438 0.374197 1.34656  
1.4875 0.371212 1.34889  
1.49063 0.368214 1.3512  
1.49375 0.365204 1.3535  
1.49688 0.362181 1.35577  
1.5 0.359146 1.35802  
1.50313 0.356098 1.36026  
1.50625 0.353039 1.36247  
1.50938 0.349967 1.36467  
1.5125 0.346884 1.36685  
1.51563 0.343788 1.36901  
1.51875 0.340681 1.37115  
1.52188 0.337563 1.37327  
1.525 0.334432 1.37537  
1.52813 0.331291 1.37745  
1.53125 0.328138 1.37951  
1.53438 0.324974 1.38155  
1.5375 0.321799 1.38357  
1.54063 0.318613 1.38557  
1.54375 0.315415 1.38755  
1.54688 0.312208 1.38951  
1.55 0.308989 1.39145  
1.55313 0.30576 1.39338  
1.55625 0.30252 1.39528  
1.55938 0.29927 1.39716  
1.5625 0.29601 1.39902  
1.56563 0.29274 1.40086  
1.56875 0.28946 1.40268  
1.57188 0.286169 1.40448  
1.575 0.282869 1.40625  
1.57813 0.27956 1.40801  
1.58125 0.27624 1.40975  
1.58438 0.272911 1.41146  
1.5875 0.269573 1.41316  
1.59063 0.266226 1.41483  
1.59375 0.262869 1.41649  
1.59688 0.259504 1.41812  
1.6 0.256129 1.41973  
1.60313 0.252746 1.42132  
1.60625 0.249354 1.42289  
1.60938 0.245953 1.42444  
1.6125 0.242544 1.42597  
1.61563 0.239127 1.42747  
1.61875 0.235702 1.42895  
1.62188 0.232268 1.43042  
1.625 0.228826 1.43186  
1.62813 0.225377 1.43328  
1.63125 0.22192 1.43467  
1.63438 0.218455 1.43605  
1.6375 0.214982 1.43741  
1.64063 0.211502 1.43874  
1.64375 0.208015 1.44005  
1.64688 0.204521 1.44134  
1.65 0.20102 1.44261  
1.65313 0.197512 1.44385  
1.65625 0.193997 1.44507  
1.65938 0.190475 1.44628  
1.6625 0.186947 1.44746  
1.66563 0.183412 1.44861  
1.66875 0.179871 1.44975  
1.67188 0.176324 1.45086  
1.675 0.17277 1.45195  
1.67813 0.169211 1.45302  
1.68125 0.165646 1.45407  
1.68438 0.162075 1.45509  
1.6875 0.158499 1.45609  
1.69063 0.154917 1.45707  
1.69375 0.151329 1.45803  
1.69688 0.147737 1.45896  
1.7 0.144139 1.45988  
1.70313 0.140537 1.46077  
1.70625 0.136929 1.46163  
1.70938 0.133317 1.46248  
1.7125 0.1297 1.4633  
1.71563 0.126079 1.4641  
1.71875 0.122454 1.46488  
1.72188 0.118824 1.46563  
1.725 0.11519 1.46636  
1.72813 0.111552 1.46707  
1.73125 0.10791 1.46776  
1.73438 0.104265 1.46842  
1.7375 0.100616 1.46906  
1.74063 0.0969633 1.46968  
1.74375 0.0933074 1.47027  
1.74688 0.0896482 1.47084  
1.75 0.085986 1.47139  
1.75313 0.0823208 1.47192  
1.75625 0.0786527 1.47242  
1.75938 0.074982 1.4729  
1.7625 0.0713086 1.47336  
1.76563 0.0676328 1.47379  
1.76875 0.0639546 1.4742  
1.77188 0.0602742 1.47459  
1.775 0.0565917 1.47496  
1.77813 0.0529073 1.4753  
1.78125 0.0492211 1.47562  
1.78438 0.0455331 1.47591  
1.7875 0.0418436 1.47619  
1.79063 0.0381526 1.47644  
1.79375 0.0344603 1.47666  
1.79688 0.0307668 1.47687  
1.8 0.0270722 1.47705  
1.80313 0.0233767 1.47721  
1.80625 0.0196804 1.47734  
1.80938 0.0159834 1.47745  
1.8125 0.0122859 1.47754  
1.81563 0.00858794 1.47761  
1.81875 0.00488968 1.47765  
1.82188 0.00119124 1.47767  
1.825 -0.00250723 1.47766  
1.82813 -0.00620561 1.47764  
1.83125 -0.00990378 1.47759  
1.83438 -0.0136016 1.47751  
1.8375 -0.017299 1.47742  
1.84063 -0.0209957 1.4773  
1.84375 -0.0246918 1.47715  
1.84688 -0.0283869 1.47699  
1.85 -0.0320811 1.4768  
1.85313 -0.0357742 1.47659  
1.85625 -0.0394661 1.47635  
1.85938 -0.0431565 1.47609  
1.8625 -0.0468455 1.47581  
1.86563 -0.0505329 1.47551  
1.86875 -0.0542185 1.47518  
1.87188 -0.0579023 1.47483  
1.875 -0.061584 1.47446  
1.87813 -0.0652636 1.47406  
1.88125 -0.068941 1.47364  
1.88438 -0.0726159 1.4732  
1.8875 -0.0762884 1.47273  
1.89063 -0.0799582 1.47224  
1.89375 -0.0836253 1.47173  
1.89688 -0.0872894 1.4712  
1.9 -0.0909506 1.47064  
1.90313 -0.0946086 1.47006  
1.90625 -0.0982633 1.46946  
1.90938 -0.101915 1.46883  
1.9125 -0.105562 1.46819  
1.91563 -0.109207 1.46751  
1.91875 -0.112847 1.46682  
1.92188 -0.116483 1.4661  
1.925 -0.120116 1.46536  
1.92813 -0.123744 1.4646  
1.93125 -0.127368 1.46382  
1.93438 -0.130988 1.46301  
1.9375 -0.134603 1.46218  
1.94063 -0.138213 1.46133  
1.94375 -0.141819 1.46045  
1.94688 -0.14542 1.45955  
1.95 -0.149016 1.45863  
1.95313 -0.152606 1.45769  
1.95625 -0.156192 1.45673  
1.95938 -0.159772 1.45574  
1.9625 -0.163346 1.45473  
1.96563 -0.166915 1.4537  
1.96875 -0.170478 1.45264  
1.97188 -0.174035 1.45157  
1.975 -0.177586 1.45047  
1.97813 -0.181131 1.44935  
1.98125 -0.18467 1.4482  
1.98438 -0.188203 1.44704  
1.9875 -0.191729 1.44585  
1.99063 -0.195248 1.44464  
1.99375 -0.198761 1.44341  
1.99688 -0.202266 1.44216  
