0 0 0  
0.00625 0.00624994 3.90625e-05  
0.0125 0.0124994 0.000156248  
0.01875 0.0187479 0.000351546  
0.025 0.0249949 0.000624944  
0.03125 0.0312399 0.000976418  
0.0375 0.0374825 0.00140594  
0.04375 0.0437222 0.00191348  
0.05 0.0499585 0.002499  
0.05625 0.0561908 0.00316244  
0.0625 0.0624188 0.00390377  
0.06875 0.0686418 0.00472291  
0.075 0.0748595 0.00561981  
0.08125 0.0810712 0.0065944  
0.0875 0.0872766 0.00764659  
0.09375 0.0934752 0.00877631  
0.1 0.0996663 0.00998347  
0.10625 0.10585 0.011268  
0.1125 0.112025 0.0126297  
0.11875 0.118191 0.0140686  
0.125 0.124347 0.0155845  
0.13125 0.130494 0.0171773  
0.1375 0.136631 0.0188468  
0.14375 0.142756 0.020593  
0.15 0.148871 0.0224157  
0.15625 0.154973 0.0243148  
0.1625 0.161063 0.0262901  
0.16875 0.16714 0.0283414  
0.175 0.173203 0.0304685  
0.18125 0.179253 0.0326714  
0.1875 0.185288 0.0349499  
0.19375 0.191309 0.0373037  
0.2 0.197313 0.0397326  
0.20625 0.203302 0.0422365  
0.2125 0.209274 0.0448151  
0.21875 0.215229 0.0474683  
0.225 0.221167 0.0501959  
0.23125 0.227086 0.0529975  
0.2375 0.232987 0.055873  
0.24375 0.238869 0.0588222  
0.25 0.24473 0.0618447  
0.25625 0.250572 0.0649404  
0.2625 0.256393 0.068109  
0.26875 0.262192 0.0713503  
0.275 0.26797 0.0746638  
0.28125 0.273725 0.0780495  
0.2875 0.279457 0.081507  
0.29375 0.285165 0.0850359  
0.3 0.29085 0.0886361  
0.30625 0.29651 0.0923072  
0.3125 0.302144 0.0960488  
0.31875 0.307753 0.0998608  
0.325 0.313335 0.103743  
0.33125 0.318891 0.107694  
0.3375 0.324419 0.111715  
0.34375 0.329919 0.115805  
0.35 0.335391 0.119963  
0.35625 0.340833 0.124189  
0.3625 0.346246 0.128484  
0.36875 0.351628 0.132846  
0.375 0.35698 0.137274  
0.38125 0.362299 0.14177  
0.3875 0.367587 0.146332  
0.39375 0.372843 0.15096  
0.4 0.378065 0.155653  
0.40625 0.383253 0.160411  
0.4125 0.388407 0.165234  
0.41875 0.393526 0.170122  
0.425 0.398609 0.175072  
0.43125 0.403656 0.180087  
0.4375 0.408667 0.185164  
0.44375 0.41364 0.190303  
0.45 0.418575 0.195505  
0.45625 0.423472 0.200768  
0.4625 0.42833 0.206092  
0.46875 0.433148 0.211476  
0.475 0.437925 0.21692  
0.48125 0.442662 0.222424  
0.4875 0.447357 0.227987  
0.49375 0.452011 0.233608  
0.5 0.456621 0.239287  
0.50625 0.461188 0.245024  
0.5125 0.465712 0.250817  
0.51875 0.470191 0.256666  
0.525 0.474625 0.262572  
0.53125 0.479013 0.268532  
0.5375 0.483355 0.274547  
0.54375 0.48765 0.280616  
0.55 0.491898 0.286738  
0.55625 0.496098 0.292913  
0.5625 0.500249 0.299141  
0.56875 0.504351 0.30542  
0.575 0.508403 0.311749  
0.58125 0.512405 0.31813  
0.5875 0.516356 0.32456  
0.59375 0.520255 0.331039  
0.6 0.524102 0.337566  
0.60625 0.527897 0.344141  
0.6125 0.531638 0.350763  
0.61875 0.535326 0.357432  
0.625 0.538959 0.364147  
0.63125 0.542537 0.370906  
0.6375 0.54606 0.37771  
0.64375 0.549527 0.384558  
0.65 0.552936 0.391448  
0.65625 0.556289 0.398381  
0.6625 0.559584 0.405355  
0.66875 0.562821 0.412371  
0.675 0.565999 0.419426  
0.68125 0.569117 0.426521  
0.6875 0.572176 0.433654  
0.69375 0.575174 0.440825  
0.7 0.578111 0.448033  
0.70625 0.580987 0.455278  
0.7125 0.583801 0.462558  
0.71875 0.586552 0.469873  
0.725 0.58924 0.477222  
0.73125 0.591865 0.484604  
0.7375 0.594426 0.492018  
0.74375 0.596922 0.499464  
0.75 0.599353 0.506941  
0.75625 0.601719 0.514448  
0.7625 0.604019 0.521984  
0.76875 0.606253 0.529549  
0.775 0.608419 0.537141  
0.78125 0.610519 0.544759  
0.7875 0.612551 0.552404  
0.79375 0.614514 0.560073  
0.8 0.616409 0.567766  
0.80625 0.618235 0.575483  
0.8125 0.619991 0.583222  
0.81875 0.621678 0.590983  
0.825 0.623294 0.598764  
0.83125 0.62484 0.606565  
0.8375 0.626315 0.614385  
0.84375 0.627718 0.622223  
0.85 0.62905 0.630078  
0.85625 0.630309 0.637949  
0.8625 0.631496 0.645836  
0.86875 0.63261 0.653737  
0.875 0.633651 0.661651  
0.88125 0.634619 0.669578  
0.8875 0.635513 0.677517  
0.89375 0.636332 0.685466  
0.9 0.637078 0.693425  
0.90625 0.637748 0.701393  
0.9125 0.638344 0.709369  
0.91875 0.638865 0.717352  
0.925 0.63931 0.72534  
0.93125 0.639679 0.733334  
0.9375 0.639972 0.741332  
0.94375 0.64019 0.749334  
0.95 0.64033 0.757337  
0.95625 0.640395 0.765342  
0.9625 0.640382 0.773347  
0.96875 0.640292 0.781351  
0.975 0.640126 0.789354  
0.98125 0.639882 0.797355  
0.9875 0.63956 0.805351  
0.99375 0.639161 0.813344  
1 0.638684 0.82133  
1.00625 0.63813 0.829311  
1.0125 0.637497 0.837284  
1.01875 0.636786 0.845248  
1.025 0.635998 0.853203  
1.03125 0.635131 0.861148  
1.0375 0.634185 0.869081  
1.04375 0.633162 0.877003  
1.05 0.63206 0.884911  
1.05625 0.63088 0.892804  
1.0625 0.629621 0.900683  
1.06875 0.628284 0.908545  
1.075 0.626868 0.91639  
1.08125 0.625374 0.924216  
1.0875 0.623802 0.932024  
1.09375 0.622152 0.939811  
1.1 0.620423 0.947578  
1.10625 0.618616 0.955322  
1.1125 0.616731 0.963043  
1.11875 0.614768 0.97074  
1.125 0.612728 0.978412  
1.13125 0.610609 0.986058  
1.1375 0.608413 0.993678  
1.14375 0.606139 1.00127  
1.15 0.603788 1.00883  
1.15625 0.60136 1.01636  
1.1625 0.598855 1.02387  
1.16875 0.596274 1.03133  
1.175 0.593615 1.03877  
1.18125 0.590881 1.04618  
1.1875 0.58807 1.05354  
1.19375 0.585183 1.06088  
1.2 0.582221 1.06817  
1.20625 0.579183 1.07543  
1.2125 0.576071 1.08265  
1.21875 0.572883 1.08983  
1.225 0.569621 1.09698  
1.23125 0.566285 1.10407  
1.2375 0.562875 1.11113  
1.24375 0.559392 1.11815  
1.25 0.555835 1.12512  
1.25625 0.552206 1.13204  
1.2625 0.548505 1.13892  
1.26875 0.544731 1.14576  
1.275 0.540886 1.15254  
1.28125 0.536969 1.15928  
1.2875 0.532982 1.16596  
1.29375 0.528925 1.1726  
1.3 0.524798 1.17919  
1.30625 0.520601 1.18572  
1.3125 0.516335 1.1922  
1.31875 0.512001 1.19863  
1.325 0.5076 1.205  
1.33125 0.50313 1.21132  
1.3375 0.498594 1.21758  
1.34375 0.493991 1.22379  
1.35 0.489323 1.22993  
1.35625 0.484589 1.23602  
1.3625 0.47979 1.24205  
1.36875 0.474928 1.24801  
1.375 0.470002 1.25392  
1.38125 0.465012 1.25976  
1.3875 0.459961 1.26554  
1.39375 0.454848 1.27126  
1.4 0.449673 1.27692  
1.40625 0.444439 1.2825  
1.4125 0.439144 1.28803  
1.41875 0.43379 1.29348  
1.425 0.428378 1.29887  
1.43125 0.422908 1.30419  
1.4375 0.417381 1.30944  
1.44375 0.411797 1.31463  
1.45 0.406158 1.31974  
1.45625 0.400463 1.32478  
1.4625 0.394715 1.32975  
1.46875 0.388913 1.33465  
1.475 0.383058 1.33947  
1.48125 0.377151 1.34422  
1.4875 0.371193 1.3489  
1.49375 0.365184 1.3535  
1.5 0.359126 1.35803  
1.50625 0.353019 1.36248  
1.5125 0.346864 1.36686  
1.51875 0.340661 1.37115  
1.525 0.334412 1.37537  
1.53125 0.328117 1.37951  
1.5375 0.321778 1.38358  
1.54375 0.315394 1.38756  
1.55 0.308968 1.39146  
1.55625 0.302499 1.39528  
1.5625 0.295989 1.39902  
1.56875 0.289438 1.40268  
1.575 0.282847 1.40626  
1.58125 0.276218 1.40975  
1.5875 0.269551 1.41317  
1.59375 0.262847 1.41649  
1.6 0.256106 1.41974  
1.60625 0.249331 1.4229  
1.6125 0.242521 1.42597  
1.61875 0.235678 1.42896  
1.625 0.228803 1.43186  
1.63125 0.221896 1.43468  
1.6375 0.214958 1.43741  
1.64375 0.207991 1.44005  
1.65 0.200995 1.44261  
1.65625 0.193972 1.44508  
1.6625 0.186922 1.44746  
1.66875 0.179846 1.44975  
1.675 0.172745 1.45195  
1.68125 0.165621 1.45407  
1.6875 0.158473 1.45609  
1.69375 0.151304 1.45803  
1.7 0.144114 1.45988  
1.70625 0.136903 1.46163  
1.7125 0.129674 1.4633  
1.71875 0.122428 1.46488  
1.725 0.115164 1.46636  
1.73125 0.107884 1.46775  
1.7375 0.100589 1.46906  
1.74375 0.0932806 1.47027  
1.75 0.0859591 1.47139  
1.75625 0.0786257 1.47242  
1.7625 0.0712815 1.47336  
1.76875 0.0639273 1.4742  
1.775 0.0565644 1.47495  
1.78125 0.0491936 1.47561  
1.7875 0.041816 1.47618  
1.79375 0.0344326 1.47666  
1.8 0.0270444 1.47704  
1.80625 0.0196525 1.47734  
1.8125 0.0122579 1.47754  
1.81875 0.00486157 1.47764  
1.825 -0.00253543 1.47766  
1.83125 -0.00993207 1.47758  
1.8375 -0.0173273 1.47741  
1.84375 -0.0247202 1.47715  
1.85 -0.0321097 1.47679  
1.85625 -0.0394947 1.47634  
1.8625 -0.0468742 1.4758  
1.86875 -0.0542472 1.47517  
1.875 -0.0616128 1.47445  
1.88125 -0.0689698 1.47363  
1.8875 -0.0763173 1.47272  
1.89375 -0.0836542 1.47172  
1.9 -0.0909795 1.47063  
1.90625 -0.0982923 1.46945  
1.9125 -0.105591 1.46817  
1.91875 -0.112876 1.46681  
1.925 -0.120145 1.46535  
1.93125 -0.127397 1.46381  
1.9375 -0.134632 1.46217  
1.94375 -0.141848 1.46044  
1.95 -0.149045 1.45862  
1.95625 -0.156221 1.45671  
1.9625 -0.163375 1.45472  
1.96875 -0.170507 1.45263  
1.975 -0.177616 1.45045  
1.98125 -0.184699 1.44819  
1.9875 -0.191758 1.44584  
1.99375 -0.19879 1.44339  
