0
0 0  
0.025
0.0249961 0.000625  
0.05
0.0499609 0.00249941  
0.075
0.0748631 0.0056209  
0.1
0.0996712 0.00998553  
0.125
0.124353 0.0155878  
0.15
0.148878 0.0224207  
0.175
0.173212 0.0304754  
0.2
0.197323 0.0397417  
0.225
0.221178 0.0502075  
0.25
0.244743 0.0618592  
0.275
0.267983 0.0746815  
0.3
0.290864 0.0886573  
0.325
0.313351 0.103768  
0.35
0.335407 0.119992  
0.375
0.356997 0.137308  
0.4
0.378083 0.155692  
0.425
0.398628 0.175116  
0.45
0.418594 0.195554  
0.475
0.437944 0.216975  
0.5
0.45664 0.239348  
0.525
0.474643 0.262639  
0.55
0.491916 0.286812  
0.575
0.50842 0.311831  
0.6
0.524119 0.337654  
0.625
0.538974 0.364242  
0.65
0.552949 0.391551  
0.675
0.566009 0.419537  
0.7
0.578118 0.448152  
0.725
0.589244 0.477349  
0.75
0.599353 0.507077  
0.775
0.608414 0.537284  
0.8
0.616399 0.567918  
0.825
0.623278 0.598924  
0.85
0.629027 0.630246  
0.875
0.633622 0.661826  
0.9
0.63704 0.693608  
0.925
0.639264 0.725531  
0.95
0.640275 0.757534  
0.975
0.640061 0.789558  
1
0.638609 0.821541  
1.025
0.635911 0.853419  
1.05
0.631961 0.885132  
1.075
0.626757 0.916616  
1.1
0.620299 0.947808  
1.125
0.61259 0.978646  
1.15
0.603636 1.00907  
1.175
0.593448 1.03901  
1.2
0.582038 1.06841  
1.225
0.569422 1.09721  
1.25
0.55562 1.12536  
1.275
0.540654 1.15278  
1.3
0.524548 1.17942  
1.325
0.507333 1.20523  
1.35
0.489038 1.23016  
1.375
0.469699 1.25414  
1.4
0.449353 1.27713  
1.425
0.42804 1.29907  
1.45
0.405801 1.31993  
1.475
0.382684 1.33965  
1.5
0.358734 1.3582  
1.525
0.334003 1.37553  
1.55
0.308542 1.3916  
1.575
0.282404 1.40638  
1.6
0.255647 1.41984  
1.625
0.228328 1.43195  
1.65
0.200506 1.44268  
1.675
0.172241 1.452  
1.7
0.143596 1.4599  
1.725
0.114634 1.46636  
1.75
0.0854177 1.47137  
1.775
0.0560123 1.4749  
1.8
0.0264828 1.47697  
1.825
-0.00310542 1.47755  
1.85
-0.0326868 1.47666  
1.875
-0.0621958 1.47429  
1.9
-0.0915672 1.47044  
1.925
-0.120736 1.46513  
1.95
-0.149637 1.45837  
1.975
-0.178208 1.45017  
2
-0.206386 1.44055  
