0
0 0  
0.0125
0.0124995 0.00015625  
0.025
0.0249951 0.000624963  
0.0375
0.0374829 0.00140599  
0.05
0.049959 0.0024991  
0.0625
0.0624194 0.00390393  
0.075
0.0748602 0.00562005  
0.0875
0.0872775 0.00764693  
0.1
0.0996673 0.00998391  
0.1125
0.112026 0.0126303  
0.125
0.124349 0.0155852  
0.1375
0.136632 0.0188477  
0.15
0.148872 0.0224168  
0.1625
0.161064 0.0262913  
0.175
0.173205 0.03047  
0.1875
0.18529 0.0349515  
0.2
0.197315 0.0397345  
0.2125
0.209276 0.0448173  
0.225
0.221169 0.0501983  
0.2375
0.232989 0.0558757  
0.25
0.244733 0.0618477  
0.2625
0.256395 0.0681123  
0.275
0.267972 0.0746675  
0.2875
0.27946 0.0815109  
0.3
0.290853 0.0886404  
0.3125
0.302147 0.0960536  
0.325
0.313339 0.103748  
0.3375
0.324422 0.11172  
0.35
0.335394 0.119969  
0.3625
0.346249 0.12849  
0.375
0.356983 0.137281  
0.3875
0.367591 0.146339  
0.4
0.378068 0.155661  
0.4125
0.38841 0.165243  
0.425
0.398613 0.175081  
0.4375
0.408671 0.185173  
0.45
0.418579 0.195515  
0.4625
0.428333 0.206102  
0.475
0.437929 0.216932  
0.4875
0.447361 0.227999  
0.5
0.456625 0.2393  
0.5125
0.465716 0.25083  
0.525
0.474628 0.262585  
0.5375
0.483359 0.274561  
0.55
0.491901 0.286753  
0.5625
0.500252 0.299156  
0.575
0.508406 0.311766  
0.5875
0.516359 0.324577  
0.6
0.524106 0.337584  
0.6125
0.531641 0.350782  
0.625
0.538962 0.364166  
0.6375
0.546063 0.37773  
0.65
0.552939 0.391469  
0.6625
0.559586 0.405377  
0.675
0.566001 0.419448  
0.6875
0.572178 0.433677  
0.7
0.578113 0.448057  
0.7125
0.583802 0.462583  
0.725
0.589241 0.477247  
0.7375
0.594426 0.492045  
0.75
0.599353 0.506969  
0.7625
0.604018 0.522012  
0.775
0.608418 0.537169  
0.7875
0.612549 0.552433  
0.8
0.616407 0.567797  
0.8125
0.619989 0.583254  
0.825
0.623291 0.598796  
0.8375
0.626311 0.614418  
0.85
0.629045 0.630112  
0.8625
0.631491 0.64587  
0.875
0.633645 0.661686  
0.8875
0.635506 0.677553  
0.9
0.63707 0.693462  
0.9125
0.638336 0.709406  
0.925
0.6393 0.725378  
0.9375
0.639962 0.741371  
0.95
0.640319 0.757377  
0.9625
0.64037 0.773387  
0.975
0.640112 0.789395  
0.9875
0.639546 0.805393  
1
0.638669 0.821372  
1.0125
0.637481 0.837326  
1.025
0.63598 0.853246  
1.0375
0.634167 0.869125  
1.05
0.63204 0.884955  
1.0625
0.6296 0.900727  
1.075
0.626846 0.916435  
1.0875
0.623778 0.93207  
1.1
0.620398 0.947624  
1.1125
0.616705 0.963089  
1.125
0.6127 0.978459  
1.1375
0.608383 0.993724  
1.15
0.603758 1.00888  
1.1625
0.598823 1.02391  
1.175
0.593581 1.03882  
1.1875
0.588034 1.05359  
1.2
0.582184 1.06822  
1.2125
0.576032 1.0827  
1.225
0.569581 1.09702  
1.2375
0.562833 1.11118  
1.25
0.555792 1.12516  
1.2625
0.548459 1.13897  
1.275
0.540839 1.15259  
1.2875
0.532934 1.16601  
1.3
0.524747 1.17923  
1.3125
0.516284 1.19225  
1.325
0.507546 1.20505  
1.3375
0.498538 1.21763  
1.35
0.489266 1.22998  
1.3625
0.479731 1.24209  
1.375
0.469941 1.25396  
1.3875
0.459898 1.26559  
1.4
0.449609 1.27696  
1.4125
0.439078 1.28807  
1.425
0.42831 1.29891  
1.4375
0.417311 1.30948  
1.45
0.406086 1.31978  
1.4625
0.394642 1.32979  
1.475
0.382983 1.33951  
1.4875
0.371116 1.34894  
1.5
0.359048 1.35806  
1.5125
0.346783 1.36689  
1.525
0.33433 1.3754  
1.5375
0.321694 1.38361  
1.55
0.308882 1.39149  
1.5625
0.295902 1.39905  
1.575
0.282759 1.40628  
1.5875
0.269461 1.41319  
1.6
0.256015 1.41976  
1.6125
0.242428 1.42599  
1.625
0.228708 1.43188  
1.6375
0.214862 1.43742  
1.65
0.200898 1.44262  
1.6625
0.186823 1.44747  
1.675
0.172645 1.45196  
1.6875
0.158371 1.4561  
1.7
0.14401 1.45988  
1.7125
0.12957 1.4633  
1.725
0.115058 1.46636  
1.7375
0.100482 1.46905  
1.75
0.0858513 1.47138  
1.7625
0.0711726 1.47335  
1.775
0.0564545 1.47494  
1.7875
0.0417052 1.47617  
1.8
0.0269327 1.47703  
1.8125
0.0121454 1.47752  
1.825
-0.0026487 1.47764  
1.8375
-0.0174413 1.47738  
1.85
-0.0322243 1.47676  
1.8625
-0.0469894 1.47577  
1.875
-0.0617285 1.47441  
1.8875
-0.0764334 1.47269  
1.9
-0.0910961 1.47059  
1.9125
-0.105708 1.46813  
1.925
-0.120262 1.46531  
1.9375
-0.134749 1.46212  
1.95
-0.149162 1.45857  
1.9625
-0.163493 1.45466  
1.975
-0.177733 1.45039  
1.9875
-0.191875 1.44577  
2
-0.205911 1.4408  
