0
0 0  
0.05
0.0499375 0.00249688  
0.1
0.0996244 0.00997497  
0.15
0.148808 0.0223966  
0.2
0.19723 0.0396984  
0.25
0.244626 0.0617912  
0.3
0.290726 0.0885588  
0.35
0.335248 0.119857  
0.4
0.377904 0.155515  
0.45
0.418399 0.19533  
0.5
0.456431 0.239072  
0.55
0.491698 0.286478  
0.6
0.523897 0.337258  
0.65
0.55273 0.391089  
0.7
0.57791 0.447621  
0.75
0.599164 0.506475  
0.8
0.616238 0.567245  
0.85
0.628905 0.629502  
0.9
0.636968 0.692796  
0.95
0.640264 0.756657  
1
0.63867 0.820604  
1.05
0.632106 0.884143  
1.1
0.620538 0.946775  
1.15
0.60398 1.008  
1.2
0.582497 1.06732  
1.25
0.556202 1.12426  
1.3
0.525259 1.17833  
1.35
0.489884 1.22909  
1.4
0.450337 1.2761  
1.45
0.406925 1.31896  
1.5
0.359996 1.35731  
1.55
0.309939 1.39081  
1.6
0.257175 1.41916  
1.65
0.202156 1.44213  
1.7
0.145358 1.4595  
1.75
0.0872798 1.47114  
1.8
0.0284306 1.47692  
1.85
-0.0306698 1.47681  
1.9
-0.0894992 1.4708  
1.95
-0.147539 1.45895  
