0
0 0  
0.003125
0.00312498 9.76558e-06  
0.00625
0.00624991 3.90621e-05  
0.009375
0.00937471 8.78891e-05  
0.0125
0.0124993 0.000156245  
0.015625
0.0156237 0.00024413  
0.01875
0.0187478 0.000351541  
0.021875
0.0218715 0.000478476  
0.025
0.0249948 0.000624933  
0.028125
0.0281175 0.000790909  
0.03125
0.0312398 0.0009764  
0.034375
0.0343614 0.0011814  
0.0375
0.0374824 0.00140592  
0.040625
0.0406026 0.00164993  
0.04375
0.043722 0.00191345  
0.046875
0.0468406 0.00219645  
0.05
0.0499582 0.00249895  
0.053125
0.0530749 0.00282093  
0.05625
0.0561905 0.00316238  
0.059375
0.0593051 0.00352331  
0.0625
0.0624185 0.00390369  
0.065625
0.0655306 0.00430353  
0.06875
0.0686415 0.00472282  
0.071875
0.071751 0.00516155  
0.075
0.0748591 0.0056197  
0.078125
0.0779657 0.00609728  
0.08125
0.0810708 0.00659427  
0.084375
0.0841744 0.00711066  
0.0875
0.0872762 0.00764645  
0.090625
0.0903763 0.00820161  
0.09375
0.0934747 0.00877614  
0.096875
0.0965712 0.00937004  
0.1
0.0996658 0.00998328  
0.103125
0.102758 0.0106159  
0.10625
0.105849 0.0112678  
0.109375
0.108938 0.011939  
0.1125
0.112024 0.0126295  
0.115625
0.115108 0.0133393  
0.11875
0.11819 0.0140683  
0.121875
0.12127 0.0148166  
0.125
0.124347 0.0155842  
0.128125
0.127421 0.016371  
0.13125
0.130494 0.0171769  
0.134375
0.133563 0.0180021  
0.1375
0.13663 0.0188465  
0.140625
0.139694 0.01971  
0.14375
0.142756 0.0205926  
0.146875
0.145814 0.0214944  
0.15
0.14887 0.0224153  
0.153125
0.151922 0.0233553  
0.15625
0.154972 0.0243143  
0.159375
0.158019 0.0252924  
0.1625
0.161062 0.0262895  
0.165625
0.164102 0.0273057  
0.16875
0.167139 0.0283408  
0.171875
0.170172 0.0293949  
0.175
0.173203 0.030468  
0.178125
0.176229 0.0315599  
0.18125
0.179252 0.0326708  
0.184375
0.182272 0.0338006  
0.1875
0.185287 0.0349492  
0.190625
0.188299 0.0361167  
0.19375
0.191308 0.0373029  
0.196875
0.194312 0.038508  
0.2
0.197312 0.0397318  
0.203125
0.200309 0.0409744  
0.20625
0.203301 0.0422357  
0.209375
0.206289 0.0435156  
0.2125
0.209273 0.0448143  
0.215625
0.212253 0.0461315  
0.21875
0.215228 0.0474674  
0.221875
0.218199 0.0488219  
0.225
0.221166 0.0501949  
0.228125
0.224128 0.0515864  
0.23125
0.227085 0.0529965  
0.234375
0.230038 0.054425  
0.2375
0.232986 0.0558719  
0.240625
0.235929 0.0573373  
0.24375
0.238867 0.058821  
0.246875
0.241801 0.0603231  
0.25
0.244729 0.0618435  
0.253125
0.247653 0.0633822  
0.25625
0.250571 0.0649392  
0.259375
0.253484 0.0665143  
0.2625
0.256391 0.0681077  
0.265625
0.259294 0.0697192  
0.26875
0.262191 0.0713488  
0.271875
0.265082 0.0729966  
0.275
0.267968 0.0746624  
0.278125
0.270849 0.0763462  
0.28125
0.273723 0.0780479  
0.284375
0.276592 0.0797677  
0.2875
0.279455 0.0815053  
0.290625
0.282313 0.0832609  
0.29375
0.285164 0.0850342  
0.296875
0.288009 0.0868254  
0.3
0.290848 0.0886343  
0.303125
0.293681 0.090461  
0.30625
0.296508 0.0923053  
0.309375
0.299329 0.0941673  
0.3125
0.302143 0.0960469  
0.315625
0.30495 0.0979441  
0.31875
0.307751 0.0998588  
0.321875
0.310546 0.101791  
0.325
0.313334 0.103741  
0.328125
0.316115 0.105708  
0.33125
0.318889 0.107692  
0.334375
0.321657 0.109694  
0.3375
0.324418 0.111713  
0.340625
0.327171 0.113749  
0.34375
0.329918 0.115802  
0.346875
0.332657 0.117873  
0.35
0.335389 0.11996  
0.353125
0.338114 0.122065  
0.35625
0.340832 0.124187  
0.359375
0.343542 0.126326  
0.3625
0.346244 0.128481  
0.365625
0.348939 0.130654  
0.36875
0.351626 0.132843  
0.371875
0.354306 0.135049  
0.375
0.356978 0.137272  
0.378125
0.359642 0.139511  
0.38125
0.362298 0.141767  
0.384375
0.364946 0.14404  
0.3875
0.367586 0.146329  
0.390625
0.370217 0.148635  
0.39375
0.372841 0.150957  
0.396875
0.375456 0.153295  
0.4
0.378063 0.15565  
0.403125
0.380661 0.158021  
0.40625
0.383251 0.160408  
0.409375
0.385832 0.162811  
0.4125
0.388405 0.165231  
0.415625
0.390969 0.167666  
0.41875
0.393524 0.170118  
0.421875
0.39607 0.172585  
0.425
0.398607 0.175069  
0.428125
0.401135 0.177568  
0.43125
0.403655 0.180083  
0.434375
0.406164 0.182614  
0.4375
0.408665 0.18516  
0.440625
0.411156 0.187722  
0.44375
0.413638 0.190299  
0.446875
0.416111 0.192892  
0.45
0.418573 0.195501  
0.453125
0.421027 0.198125  
0.45625
0.42347 0.200764  
0.459375
0.425904 0.203418  
0.4625
0.428328 0.206087  
0.465625
0.430742 0.208772  
0.46875
0.433146 0.211472  
0.471875
0.43554 0.214186  
0.475
0.437923 0.216916  
0.478125
0.440297 0.21966  
0.48125
0.44266 0.22242  
0.484375
0.445013 0.225194  
0.4875
0.447355 0.227982  
0.490625
0.449687 0.230785  
0.49375
0.452009 0.233603  
0.496875
0.454319 0.236435  
0.5
0.456619 0.239282  
0.503125
0.458908 0.242143  
0.50625
0.461186 0.245018  
0.509375
0.463454 0.247908  
0.5125
0.46571 0.250812  
0.515625
0.467955 0.253729  
0.51875
0.470189 0.256661  
0.521875
0.472411 0.259607  
0.525
0.474623 0.262566  
0.528125
0.476823 0.265539  
0.53125
0.479011 0.268526  
0.534375
0.481188 0.271527  
0.5375
0.483353 0.274541  
0.540625
0.485507 0.277569  
0.54375
0.487648 0.28061  
0.546875
0.489778 0.283664  
0.55
0.491896 0.286732  
0.553125
0.494002 0.289813  
0.55625
0.496096 0.292907  
0.559375
0.498177 0.296014  
0.5625
0.500247 0.299134  
0.565625
0.502304 0.302267  
0.56875
0.504349 0.305413  
0.571875
0.506381 0.308572  
0.575
0.508401 0.311743  
0.578125
0.510408 0.314927  
0.58125
0.512403 0.318123  
0.584375
0.514385 0.321332  
0.5875
0.516354 0.324553  
0.590625
0.51831 0.327786  
0.59375
0.520253 0.331032  
0.596875
0.522184 0.334289  
0.6
0.524101 0.337559  
0.603125
0.526005 0.34084  
0.60625
0.527895 0.344134  
0.609375
0.529773 0.347439  
0.6125
0.531637 0.350756  
0.615625
0.533487 0.354084  
0.61875
0.535324 0.357424  
0.621875
0.537148 0.360776  
0.625
0.538957 0.364139  
0.628125
0.540753 0.367513  
0.63125
0.542536 0.370898  
0.634375
0.544304 0.374295  
0.6375
0.546058 0.377702  
0.640625
0.547799 0.38112  
0.64375
0.549525 0.384549  
0.646875
0.551237 0.387989  
0.65
0.552935 0.39144  
0.653125
0.554619 0.394901  
0.65625
0.556288 0.398372  
0.659375
0.557943 0.401854  
0.6625
0.559583 0.405347  
0.665625
0.561208 0.408849  
0.66875
0.56282 0.412362  
0.671875
0.564416 0.415884  
0.675
0.565997 0.419417  
0.678125
0.567564 0.422959  
0.68125
0.569116 0.426511  
0.684375
0.570653 0.430073  
0.6875
0.572175 0.433644  
0.690625
0.573681 0.437225  
0.69375
0.575173 0.440815  
0.696875
0.576649 0.444415  
0.7
0.57811 0.448024  
0.703125
0.579556 0.451641  
0.70625
0.580986 0.455268  
0.709375
0.582401 0.458904  
0.7125
0.5838 0.462548  
0.715625
0.585183 0.466201  
0.71875
0.586551 0.469863  
0.721875
0.587903 0.473533  
0.725
0.58924 0.477211  
0.728125
0.59056 0.480898  
0.73125
0.591864 0.484593  
0.734375
0.593153 0.488297  
0.7375
0.594425 0.492008  
0.740625
0.595681 0.495727  
0.74375
0.596922 0.499454  
0.746875
0.598145 0.503188  
0.75
0.599353 0.50693  
0.753125
0.600544 0.51068  
0.75625
0.601719 0.514437  
0.759375
0.602877 0.518202  
0.7625
0.604019 0.521973  
0.765625
0.605144 0.525752  
0.76875
0.606252 0.529537  
0.771875
0.607344 0.53333  
0.775
0.608419 0.537129  
0.778125
0.609477 0.540935  
0.78125
0.610519 0.544747  
0.784375
0.611543 0.548566  
0.7875
0.612551 0.552392  
0.790625
0.613541 0.556223  
0.79375
0.614514 0.560061  
0.796875
0.61547 0.563905  
0.8
0.616409 0.567754  
0.803125
0.617331 0.57161  
0.80625
0.618235 0.575471  
0.809375
0.619122 0.579338  
0.8125
0.619992 0.58321  
0.815625
0.620844 0.587087  
0.81875
0.621678 0.59097  
0.821875
0.622496 0.594858  
0.825
0.623295 0.598751  
0.828125
0.624077 0.602649  
0.83125
0.624841 0.606552  
0.834375
0.625587 0.61046  
0.8375
0.626316 0.614372  
0.840625
0.627026 0.618289  
0.84375
0.627719 0.62221  
0.846875
0.628394 0.626135  
0.85
0.629051 0.630065  
0.853125
0.62969 0.633998  
0.85625
0.63031 0.637936  
0.859375
0.630913 0.641877  
0.8625
0.631498 0.645822  
0.865625
0.632064 0.649771  
0.86875
0.632612 0.653723  
0.871875
0.633142 0.657678  
0.875
0.633653 0.661637  
0.878125
0.634146 0.665599  
0.88125
0.634621 0.669564  
0.884375
0.635077 0.673532  
0.8875
0.635515 0.677502  
0.890625
0.635934 0.681476  
0.89375
0.636335 0.685451  
0.896875
0.636717 0.68943  
0.9
0.63708 0.69341  
0.903125
0.637425 0.697393  
0.90625
0.637751 0.701378  
0.909375
0.638058 0.705365  
0.9125
0.638347 0.709354  
0.915625
0.638616 0.713344  
0.91875
0.638867 0.717336  
0.921875
0.639099 0.72133  
0.925
0.639313 0.725325  
0.928125
0.639507 0.729321  
0.93125
0.639682 0.733319  
0.934375
0.639838 0.737317  
0.9375
0.639976 0.741317  
0.940625
0.640094 0.745317  
0.94375
0.640193 0.749318  
0.946875
0.640273 0.753319  
0.95
0.640334 0.757321  
0.953125
0.640376 0.761323  
0.95625
0.640398 0.765326  
0.959375
0.640402 0.769328  
0.9625
0.640386 0.773331  
0.965625
0.640351 0.777333  
0.96875
0.640297 0.781335  
0.971875
0.640223 0.785337  
0.975
0.64013 0.789338  
0.978125
0.640018 0.793338  
0.98125
0.639886 0.797338  
0.984375
0.639735 0.801337  
0.9875
0.639565 0.805335  
0.990625
0.639375 0.809331  
0.99375
0.639166 0.813327  
0.996875
0.638938 0.817321  
1
0.63869 0.821313  
1.00313
0.638422 0.825304  
1.00625
0.638135 0.829294  
1.00938
0.637829 0.833281  
1.0125
0.637503 0.837267  
1.01563
0.637157 0.84125  
1.01875
0.636792 0.845231  
1.02188
0.636408 0.84921  
1.025
0.636004 0.853186  
1.02813
0.63558 0.85716  
1.03125
0.635137 0.861131  
1.03438
0.634674 0.865099  
1.0375
0.634192 0.869064  
1.04063
0.63369 0.873026  
1.04375
0.633168 0.876985  
1.04688
0.632627 0.880941  
1.05
0.632067 0.884893  
1.05313
0.631487 0.888841  
1.05625
0.630887 0.892786  
1.05938
0.630267 0.896727  
1.0625
0.629628 0.900665  
1.06563
0.62897 0.904598  
1.06875
0.628291 0.908527  
1.07188
0.627593 0.912451  
1.075
0.626876 0.916372  
1.07813
0.626139 0.920287  
1.08125
0.625382 0.924198  
1.08438
0.624606 0.928104  
1.0875
0.623811 0.932006  
1.09063
0.622995 0.935902  
1.09375
0.62216 0.939793  
1.09688
0.621306 0.943679  
1.1
0.620432 0.947559  
1.10313
0.619538 0.951434  
1.10625
0.618625 0.955304  
1.10938
0.617693 0.959167  
1.1125
0.616741 0.963025  
1.11563
0.615769 0.966876  
1.11875
0.614778 0.970722  
1.12188
0.613767 0.974561  
1.125
0.612737 0.978394  
1.12813
0.611688 0.98222  
1.13125
0.610619 0.98604  
1.13438
0.609531 0.989853  
1.1375
0.608423 0.993659  
1.14063
0.607296 0.997458  
1.14375
0.60615 1.00125  
1.14688
0.604984 1.00503  
1.15
0.603799 1.00881  
1.15313
0.602595 1.01258  
1.15625
0.601372 1.01634  
1.15938
0.600129 1.0201  
1.1625
0.598867 1.02385  
1.16563
0.597586 1.02759  
1.16875
0.596286 1.03132  
1.17188
0.594966 1.03504  
1.175
0.593627 1.03875  
1.17813
0.59227 1.04246  
1.18125
0.590893 1.04616  
1.18438
0.589497 1.04984  
1.1875
0.588083 1.05352  
1.19063
0.586649 1.0572  
1.19375
0.585196 1.06086  
1.19688
0.583725 1.06451  
1.2
0.582234 1.06815  
1.20313
0.580725 1.07179  
1.20625
0.579197 1.07541  
1.20938
0.57765 1.07903  
1.2125
0.576085 1.08263  
1.21563
0.5745 1.08623  
1.21875
0.572897 1.08982  
1.22188
0.571276 1.09339  
1.225
0.569636 1.09696  
1.22813
0.567977 1.10051  
1.23125
0.5663 1.10406  
1.23438
0.564605 1.10759  
1.2375
0.562891 1.11111  
1.24063
0.561158 1.11463  
1.24375
0.559407 1.11813  
1.24688
0.557639 1.12162  
1.25
0.555851 1.1251  
1.25313
0.554046 1.12857  
1.25625
0.552222 1.13202  
1.25938
0.550381 1.13547  
1.2625
0.548521 1.1389  
1.26563
0.546643 1.14233  
1.26875
0.544748 1.14574  
1.27188
0.542834 1.14914  
1.275
0.540903 1.15252  
1.27813
0.538954 1.1559  
1.28125
0.536987 1.15926  
1.28438
0.535002 1.16261  
1.2875
0.533 1.16595  
1.29063
0.53098 1.16927  
1.29375
0.528943 1.17258  
1.29688
0.526888 1.17588  
1.3
0.524816 1.17917  
1.30313
0.522727 1.18244  
1.30625
0.52062 1.1857  
1.30938
0.518496 1.18895  
1.3125
0.516355 1.19218  
1.31563
0.514196 1.1954  
1.31875
0.512021 1.19861  
1.32188
0.509829 1.20181  
1.325
0.507619 1.20498  
1.32813
0.505393 1.20815  
1.33125
0.50315 1.2113  
1.33438
0.500891 1.21444  
1.3375
0.498614 1.21756  
1.34063
0.496322 1.22067  
1.34375
0.494012 1.22377  
1.34688
0.491686 1.22685  
1.35
0.489344 1.22991  
1.35313
0.486985 1.23296  
1.35625
0.484611 1.236  
1.35938
0.48222 1.23902  
1.3625
0.479812 1.24203  
1.36563
0.477389 1.24502  
1.36875
0.47495 1.248  
1.37188
0.472495 1.25096  
1.375
0.470024 1.2539  
1.37813
0.467538 1.25683  
1.38125
0.465035 1.25975  
1.38438
0.462518 1.26264  
1.3875
0.459984 1.26553  
1.39063
0.457435 1.26839  
1.39375
0.454871 1.27125  
1.39688
0.452292 1.27408  
1.4
0.449697 1.2769  
1.40313
0.447088 1.2797  
1.40625
0.444463 1.28249  
1.40938
0.441823 1.28526  
1.4125
0.439169 1.28801  
1.41563
0.436499 1.29075  
1.41875
0.433815 1.29347  
1.42188
0.431116 1.29617  
1.425
0.428403 1.29886  
1.42813
0.425676 1.30152  
1.43125
0.422933 1.30418  
1.43438
0.420177 1.30681  
1.4375
0.417407 1.30943  
1.44063
0.414622 1.31203  
1.44375
0.411823 1.31461  
1.44688
0.409011 1.31718  
1.45
0.406184 1.31972  
1.45313
0.403344 1.32225  
1.45625
0.40049 1.32477  
1.45938
0.397623 1.32726  
1.4625
0.394742 1.32974  
1.46563
0.391848 1.33219  
1.46875
0.388941 1.33463  
1.47188
0.38602 1.33706  
1.475
0.383086 1.33946  
1.47813
0.380139 1.34184  
1.48125
0.377179 1.34421  
1.48438
0.374207 1.34656  
1.4875
0.371222 1.34889  
1.49063
0.368224 1.3512  
1.49375
0.365213 1.35349  
1.49688
0.362191 1.35576  
1.5
0.359156 1.35802  
1.50313
0.356108 1.36025  
1.50625
0.353049 1.36247  
1.50938
0.349977 1.36467  
1.5125
0.346894 1.36684  
1.51563
0.343799 1.369  
1.51875
0.340692 1.37114  
1.52188
0.337573 1.37326  
1.525
0.334443 1.37536  
1.52813
0.331301 1.37744  
1.53125
0.328148 1.3795  
1.53438
0.324984 1.38154  
1.5375
0.321809 1.38356  
1.54063
0.318623 1.38557  
1.54375
0.315426 1.38755  
1.54688
0.312218 1.38951  
1.55
0.309 1.39145  
1.55313
0.305771 1.39337  
1.55625
0.302531 1.39527  
1.55938
0.299281 1.39715  
1.5625
0.296021 1.39901  
1.56563
0.292751 1.40085  
1.56875
0.289471 1.40267  
1.57188
0.286181 1.40447  
1.575
0.282881 1.40625  
1.57813
0.279571 1.40801  
1.58125
0.276252 1.40974  
1.58438
0.272923 1.41146  
1.5875
0.269585 1.41316  
1.59063
0.266237 1.41483  
1.59375
0.262881 1.41648  
1.59688
0.259515 1.41812  
1.6
0.256141 1.41973  
1.60313
0.252758 1.42132  
1.60625
0.249366 1.42289  
1.60938
0.245965 1.42444  
1.6125
0.242556 1.42596  
1.61563
0.239139 1.42747  
1.61875
0.235714 1.42895  
1.62188
0.23228 1.43041  
1.625
0.228838 1.43185  
1.62813
0.225389 1.43327  
1.63125
0.221932 1.43467  
1.63438
0.218467 1.43605  
1.6375
0.214995 1.4374  
1.64063
0.211515 1.43874  
1.64375
0.208028 1.44005  
1.64688
0.204534 1.44134  
1.65
0.201032 1.4426  
1.65313
0.197524 1.44385  
1.65625
0.194009 1.44507  
1.65938
0.190488 1.44627  
1.6625
0.186959 1.44745  
1.66563
0.183425 1.44861  
1.66875
0.179884 1.44975  
1.67188
0.176336 1.45086  
1.675
0.172783 1.45195  
1.67813
0.169224 1.45302  
1.68125
0.165659 1.45407  
1.68438
0.162088 1.45509  
1.6875
0.158512 1.45609  
1.69063
0.15493 1.45707  
1.69375
0.151343 1.45803  
1.69688
0.14775 1.45896  
1.7
0.144153 1.45988  
1.70313
0.14055 1.46076  
1.70625
0.136943 1.46163  
1.70938
0.133331 1.46248  
1.7125
0.129714 1.4633  
1.71563
0.126093 1.4641  
1.71875
0.122467 1.46487  
1.72188
0.118838 1.46563  
1.725
0.115204 1.46636  
1.72813
0.111566 1.46707  
1.73125
0.107924 1.46775  
1.73438
0.104279 1.46842  
1.7375
0.10063 1.46906  
1.74063
0.0969771 1.46968  
1.74375
0.0933213 1.47027  
1.74688
0.0896622 1.47084  
1.75
0.086 1.47139  
1.75313
0.0823348 1.47192  
1.75625
0.0786668 1.47242  
1.75938
0.074996 1.4729  
1.7625
0.0713227 1.47336  
1.76563
0.0676469 1.47379  
1.76875
0.0639688 1.4742  
1.77188
0.0602884 1.47459  
1.775
0.056606 1.47496  
1.77813
0.0529216 1.4753  
1.78125
0.0492354 1.47562  
1.78438
0.0455475 1.47591  
1.7875
0.041858 1.47619  
1.79063
0.038167 1.47644  
1.79375
0.0344748 1.47666  
1.79688
0.0307813 1.47687  
1.8
0.0270868 1.47705  
1.80313
0.0233913 1.47721  
1.80625
0.019695 1.47734  
1.80938
0.0159981 1.47745  
1.8125
0.0123006 1.47754  
1.81563
0.00860262 1.47761  
1.81875
0.00490438 1.47765  
1.82188
0.00120598 1.47767  
1.825
-0.00249246 1.47766  
1.82813
-0.00619082 1.47764  
1.83125
-0.00988897 1.47759  
1.83438
-0.0135868 1.47751  
1.8375
-0.0172841 1.47742  
1.84063
-0.0209808 1.4773  
1.84375
-0.0246768 1.47716  
1.84688
-0.028372 1.47699  
1.85
-0.0320662 1.4768  
1.85313
-0.0357592 1.47659  
1.85625
-0.0394511 1.47635  
1.85938
-0.0431415 1.4761  
1.8625
-0.0468305 1.47581  
1.86563
-0.0505178 1.47551  
1.86875
-0.0542034 1.47518  
1.87188
-0.0578872 1.47483  
1.875
-0.0615689 1.47446  
1.87813
-0.0652485 1.47406  
1.88125
-0.0689258 1.47364  
1.88438
-0.0726008 1.4732  
1.8875
-0.0762732 1.47274  
1.89063
-0.079943 1.47225  
1.89375
-0.08361 1.47174  
1.89688
-0.0872742 1.4712  
1.9
-0.0909353 1.47065  
1.90313
-0.0945933 1.47007  
1.90625
-0.098248 1.46946  
1.90938
-0.101899 1.46884  
1.9125
-0.105547 1.46819  
1.91563
-0.109191 1.46752  
1.91875
-0.112832 1.46682  
1.92188
-0.116468 1.46611  
1.925
-0.120101 1.46537  
1.92813
-0.123729 1.46461  
1.93125
-0.127353 1.46382  
1.93438
-0.130973 1.46302  
1.9375
-0.134588 1.46219  
1.94063
-0.138198 1.46133  
1.94375
-0.141804 1.46046  
1.94688
-0.145405 1.45956  
1.95
-0.149 1.45864  
1.95313
-0.152591 1.4577  
1.95625
-0.156176 1.45673  
1.95938
-0.159756 1.45575  
1.9625
-0.163331 1.45474  
1.96563
-0.1669 1.4537  
1.96875
-0.170463 1.45265  
1.97188
-0.17402 1.45157  
1.975
-0.177571 1.45047  
1.97813
-0.181116 1.44935  
1.98125
-0.184655 1.44821  
1.98438
-0.188187 1.44705  
1.9875
-0.191713 1.44586  
1.99063
-0.195233 1.44465  
1.99375
-0.198745 1.44342  
1.99688
-0.202251 1.44216  
