0
0 0  
0.025
0.0249922 0.000624805  
0.05
0.0499531 0.00249844  
0.075
0.0748514 0.00561855  
0.1
0.0996556 0.00998122  
0.125
0.124334 0.015581  
0.15
0.148854 0.0224107  
0.175
0.173185 0.0304616  
0.2
0.197292 0.0397236  
0.225
0.221143 0.0501844  
0.25
0.244704 0.0618306  
0.275
0.26794 0.0746467  
0.3
0.290818 0.0886157  
0.325
0.313301 0.103719  
0.35
0.335354 0.119935  
0.375
0.356941 0.137242  
0.4
0.378024 0.155616  
0.425
0.398566 0.175031  
0.45
0.41853 0.195459  
0.475
0.437878 0.216869  
0.5
0.456573 0.23923  
0.525
0.474575 0.262509  
0.55
0.491847 0.286669  
0.575
0.508351 0.311674  
0.6
0.52405 0.337484  
0.625
0.538907 0.364058  
0.65
0.552884 0.391353  
0.675
0.565947 0.419324  
0.7
0.578061 0.447924  
0.725
0.589191 0.477105  
0.75
0.599306 0.506818  
0.775
0.608374 0.53701  
0.8
0.616367 0.567628  
0.825
0.623256 0.598619  
0.85
0.629015 0.629926  
0.875
0.633621 0.661492  
0.9
0.637052 0.693258  
0.925
0.63929 0.725167  
0.95
0.640317 0.757157  
0.975
0.640119 0.789168  
1
0.638685 0.821138  
1.025
0.636006 0.853005  
1.05
0.632077 0.884707  
1.075
0.626894 0.916182  
1.1
0.620458 0.947365  
1.125
0.612773 0.978196  
1.15
0.603844 1.00861  
1.175
0.593682 1.03855  
1.2
0.582299 1.06795  
1.225
0.569712 1.09675  
1.25
0.555938 1.12489  
1.275
0.541001 1.15231  
1.3
0.524926 1.17896  
1.325
0.507741 1.20478  
1.35
0.489478 1.22971  
1.375
0.47017 1.2537  
1.4
0.449856 1.2767  
1.425
0.428574 1.29866  
1.45
0.406368 1.31954  
1.475
0.383282 1.33928  
1.5
0.359364 1.35784  
1.525
0.334663 1.37519  
1.55
0.309232 1.39129  
1.575
0.283125 1.4061  
1.6
0.256397 1.41959  
1.625
0.229105 1.43173  
1.65
0.20131 1.44249  
1.675
0.173071 1.45185  
1.7
0.144451 1.45978  
1.725
0.115511 1.46628  
1.75
0.0863165 1.47133  
1.775
0.0569308 1.47491  
1.8
0.0274191 1.47702  
1.825
-0.00215323 1.47765  
1.85
-0.0317208 1.4768  
1.875
-0.0612182 1.47448  
1.9
-0.0905802 1.47068  
1.925
-0.119742 1.46543  
1.95
-0.148639 1.45872  
1.975
-0.177208 1.45057  
2
-0.205386 1.44101  
