0 0 0  
0.00625 0.00624988 3.90617e-05  
0.0125 0.0124993 0.000156244  
0.01875 0.0187477 0.000351537  
0.025 0.0249946 0.000624927  
0.03125 0.0312396 0.000976391  
0.0375 0.0374822 0.0014059  
0.04375 0.0437218 0.00191343  
0.05 0.049958 0.00249893  
0.05625 0.0561903 0.00316235  
0.0625 0.0624181 0.00390365  
0.06875 0.0686411 0.00472278  
0.075 0.0748587 0.00561965  
0.08125 0.0810704 0.00659421  
0.0875 0.0872758 0.00764637  
0.09375 0.0934743 0.00877606  
0.1 0.0996654 0.00998318  
0.10625 0.105849 0.0112676  
0.1125 0.112023 0.0126293  
0.11875 0.118189 0.0140682  
0.125 0.124346 0.015584  
0.13125 0.130493 0.0171768  
0.1375 0.136629 0.0188463  
0.14375 0.142755 0.0205924  
0.15 0.148869 0.0224151  
0.15625 0.154971 0.0243141  
0.1625 0.161061 0.0262893  
0.16875 0.167138 0.0283405  
0.175 0.173202 0.0304677  
0.18125 0.179251 0.0326705  
0.1875 0.185286 0.0349488  
0.19375 0.191307 0.0373026  
0.2 0.197311 0.0397314  
0.20625 0.2033 0.0422352  
0.2125 0.209272 0.0448138  
0.21875 0.215227 0.0474669  
0.225 0.221165 0.0501944  
0.23125 0.227084 0.0529959  
0.2375 0.232985 0.0558714  
0.24375 0.238866 0.0588204  
0.25 0.244728 0.0618429  
0.25625 0.250569 0.0649385  
0.2625 0.25639 0.068107  
0.26875 0.26219 0.0713481  
0.275 0.267967 0.0746616  
0.28125 0.273722 0.0780472  
0.2875 0.279454 0.0815045  
0.29375 0.285163 0.0850334  
0.3 0.290847 0.0886334  
0.30625 0.296507 0.0923044  
0.3125 0.302141 0.0960459  
0.31875 0.30775 0.0998578  
0.325 0.313332 0.10374  
0.33125 0.318888 0.107691  
0.3375 0.324416 0.111712  
0.34375 0.329916 0.115801  
0.35 0.335388 0.119959  
0.35625 0.34083 0.124186  
0.3625 0.346242 0.12848  
0.36875 0.351625 0.132842  
0.375 0.356976 0.13727  
0.38125 0.362296 0.141766  
0.3875 0.367584 0.146327  
0.39375 0.372839 0.150955  
0.4 0.378061 0.155648  
0.40625 0.383249 0.160406  
0.4125 0.388403 0.165229  
0.41875 0.393522 0.170116  
0.425 0.398605 0.175067  
0.43125 0.403653 0.180081  
0.4375 0.408663 0.185158  
0.44375 0.413636 0.190298  
0.45 0.418571 0.195499  
0.45625 0.423468 0.200762  
0.4625 0.428326 0.206085  
0.46875 0.433144 0.211469  
0.475 0.437921 0.216914  
0.48125 0.442658 0.222417  
0.4875 0.447353 0.22798  
0.49375 0.452006 0.233601  
0.5 0.456617 0.23928  
0.50625 0.461184 0.245016  
0.5125 0.465708 0.250809  
0.51875 0.470187 0.256658  
0.525 0.47462 0.262563  
0.53125 0.479009 0.268524  
0.5375 0.483351 0.274538  
0.54375 0.487646 0.280607  
0.55 0.491894 0.286729  
0.55625 0.496093 0.292904  
0.5625 0.500245 0.299131  
0.56875 0.504347 0.30541  
0.575 0.508399 0.31174  
0.58125 0.512401 0.31812  
0.5875 0.516352 0.324549  
0.59375 0.520251 0.331028  
0.6 0.524098 0.337555  
0.60625 0.527893 0.34413  
0.6125 0.531634 0.350752  
0.61875 0.535322 0.357421  
0.625 0.538955 0.364135  
0.63125 0.542533 0.370894  
0.6375 0.546056 0.377698  
0.64375 0.549523 0.384545  
0.65 0.552933 0.391436  
0.65625 0.556285 0.398368  
0.6625 0.55958 0.405342  
0.66875 0.562817 0.412357  
0.675 0.565995 0.419412  
0.68125 0.569114 0.426507  
0.6875 0.572172 0.43364  
0.69375 0.575171 0.440811  
0.7 0.578108 0.448019  
0.70625 0.580984 0.455263  
0.7125 0.583798 0.462543  
0.71875 0.586549 0.469858  
0.725 0.589237 0.477206  
0.73125 0.591862 0.484588  
0.7375 0.594423 0.492002  
0.74375 0.596919 0.499448  
0.75 0.599351 0.506925  
0.75625 0.601717 0.514432  
0.7625 0.604017 0.521968  
0.76875 0.60625 0.529532  
0.775 0.608417 0.537123  
0.78125 0.610517 0.544742  
0.7875 0.612548 0.552386  
0.79375 0.614512 0.560055  
0.8 0.616407 0.567748  
0.80625 0.618233 0.575465  
0.8125 0.61999 0.583204  
0.81875 0.621677 0.590964  
0.825 0.623293 0.598745  
0.83125 0.624839 0.606546  
0.8375 0.626314 0.614366  
0.84375 0.627717 0.622203  
0.85 0.629049 0.630058  
0.85625 0.630309 0.637929  
0.8625 0.631496 0.645815  
0.86875 0.63261 0.653716  
0.875 0.633652 0.66163  
0.88125 0.634619 0.669557  
0.8875 0.635513 0.677495  
0.89375 0.636333 0.685444  
0.9 0.637079 0.693403  
0.90625 0.63775 0.701371  
0.9125 0.638345 0.709346  
0.91875 0.638866 0.717329  
0.925 0.639311 0.725318  
0.93125 0.639681 0.733311  
0.9375 0.639975 0.741309  
0.94375 0.640192 0.74931  
0.95 0.640333 0.757313  
0.95625 0.640398 0.765318  
0.9625 0.640385 0.773323  
0.96875 0.640296 0.781327  
0.975 0.64013 0.78933  
0.98125 0.639886 0.79733  
0.9875 0.639565 0.805326  
0.99375 0.639166 0.813319  
1 0.638689 0.821305  
1.00625 0.638135 0.829285  
1.0125 0.637503 0.837258  
1.01875 0.636792 0.845222  
1.025 0.636004 0.853177  
1.03125 0.635137 0.861122  
1.0375 0.634192 0.869055  
1.04375 0.633169 0.876976  
1.05 0.632067 0.884884  
1.05625 0.630887 0.892777  
1.0625 0.629629 0.900656  
1.06875 0.628292 0.908518  
1.075 0.626877 0.916363  
1.08125 0.625383 0.924189  
1.0875 0.623812 0.931997  
1.09375 0.622161 0.939784  
1.1 0.620433 0.94755  
1.10625 0.618627 0.955294  
1.1125 0.616742 0.963015  
1.11875 0.61478 0.970712  
1.125 0.612739 0.978384  
1.13125 0.610621 0.98603  
1.1375 0.608425 0.993649  
1.14375 0.606152 1.00124  
1.15 0.603802 1.0088  
1.15625 0.601374 1.01634  
1.1625 0.598869 1.02384  
1.16875 0.596288 1.03131  
1.175 0.59363 1.03874  
1.18125 0.590896 1.04615  
1.1875 0.588085 1.05352  
1.19375 0.585199 1.06085  
1.2 0.582237 1.06814  
1.20625 0.5792 1.0754  
1.2125 0.576088 1.08262  
1.21875 0.572901 1.08981  
1.225 0.569639 1.09695  
1.23125 0.566304 1.10405  
1.2375 0.562894 1.1111  
1.24375 0.559411 1.11812  
1.25 0.555855 1.12509  
1.25625 0.552227 1.13201  
1.2625 0.548526 1.13889  
1.26875 0.544752 1.14573  
1.275 0.540908 1.15251  
1.28125 0.536992 1.15925  
1.2875 0.533005 1.16594  
1.29375 0.528948 1.17257  
1.3 0.524821 1.17916  
1.30625 0.520625 1.18569  
1.3125 0.51636 1.19217  
1.31875 0.512027 1.1986  
1.325 0.507625 1.20497  
1.33125 0.503156 1.21129  
1.3375 0.498621 1.21755  
1.34375 0.494018 1.22376  
1.35 0.48935 1.2299  
1.35625 0.484617 1.23599  
1.3625 0.479819 1.24202  
1.36875 0.474957 1.24799  
1.375 0.470031 1.25389  
1.38125 0.465043 1.25974  
1.3875 0.459992 1.26552  
1.39375 0.454879 1.27124  
1.4 0.449705 1.27689  
1.40625 0.444471 1.28248  
1.4125 0.439176 1.288  
1.41875 0.433823 1.29346  
1.425 0.428411 1.29885  
1.43125 0.422942 1.30417  
1.4375 0.417415 1.30942  
1.44375 0.411832 1.3146  
1.45 0.406193 1.31971  
1.45625 0.400499 1.32476  
1.4625 0.394751 1.32973  
1.46875 0.38895 1.33462  
1.475 0.383095 1.33945  
1.48125 0.377189 1.3442  
1.4875 0.371231 1.34888  
1.49375 0.365223 1.35348  
1.5 0.359165 1.35801  
1.50625 0.353059 1.36246  
1.5125 0.346904 1.36684  
1.51875 0.340702 1.37113  
1.525 0.334453 1.37535  
1.53125 0.328159 1.37949  
1.5375 0.32182 1.38356  
1.54375 0.315437 1.38754  
1.55 0.309011 1.39144  
1.55625 0.302542 1.39526  
1.5625 0.296033 1.39901  
1.56875 0.289482 1.40267  
1.575 0.282892 1.40624  
1.58125 0.276263 1.40974  
1.5875 0.269597 1.41315  
1.59375 0.262893 1.41648  
1.6 0.256153 1.41972  
1.60625 0.249378 1.42288  
1.6125 0.242569 1.42596  
1.61875 0.235726 1.42894  
1.625 0.228851 1.43185  
1.63125 0.221945 1.43467  
1.6375 0.215008 1.4374  
1.64375 0.208041 1.44004  
1.65 0.201046 1.4426  
1.65625 0.194023 1.44507  
1.6625 0.186973 1.44745  
1.66875 0.179897 1.44974  
1.675 0.172797 1.45195  
1.68125 0.165673 1.45406  
1.6875 0.158526 1.45609  
1.69375 0.151357 1.45802  
1.7 0.144167 1.45987  
1.70625 0.136957 1.46163  
1.7125 0.129728 1.46329  
1.71875 0.122482 1.46487  
1.725 0.115218 1.46636  
1.73125 0.107939 1.46775  
1.7375 0.100645 1.46905  
1.74375 0.0933362 1.47027  
1.75 0.086015 1.47139  
1.75625 0.078682 1.47242  
1.7625 0.071338 1.47336  
1.76875 0.0639842 1.4742  
1.775 0.0566215 1.47495  
1.78125 0.049251 1.47562  
1.7875 0.0418736 1.47619  
1.79375 0.0344905 1.47666  
1.8 0.0271026 1.47705  
1.80625 0.0197109 1.47734  
1.8125 0.0123166 1.47754  
1.81875 0.00492046 1.47765  
1.825 -0.0024763 1.47766  
1.83125 -0.00987273 1.47759  
1.8375 -0.0172678 1.47742  
1.84375 -0.0246605 1.47716  
1.85 -0.0320497 1.4768  
1.85625 -0.0394345 1.47635  
1.8625 -0.0468139 1.47581  
1.86875 -0.0541868 1.47518  
1.875 -0.0615522 1.47446  
1.88125 -0.068909 1.47364  
1.8875 -0.0762564 1.47274  
1.89375 -0.0835932 1.47174  
1.9 -0.0909184 1.47065  
1.90625 -0.0982311 1.46947  
1.9125 -0.10553 1.46819  
1.91875 -0.112815 1.46683  
1.925 -0.120083 1.46537  
1.93125 -0.127336 1.46383  
1.9375 -0.13457 1.46219  
1.94375 -0.141787 1.46046  
1.95 -0.148983 1.45864  
1.95625 -0.156159 1.45674  
1.9625 -0.163313 1.45474  
1.96875 -0.170445 1.45265  
1.975 -0.177554 1.45048  
1.98125 -0.184638 1.44822  
1.9875 -0.191696 1.44586  
1.99375 -0.198728 1.44342  
