0 0 0  
0.0125 0.012499 0.000156238  
0.025 0.0249941 0.000624902  
0.0375 0.0374814 0.00140585  
0.05 0.049957 0.00249883  
0.0625 0.0624169 0.0039035  
0.075 0.0748573 0.00561943  
0.0875 0.0872741 0.00764607  
0.1 0.0996634 0.00998279  
0.1125 0.112021 0.0126288  
0.125 0.124344 0.0155834  
0.1375 0.136627 0.0188455  
0.15 0.148866 0.0224142  
0.1625 0.161058 0.0262883  
0.175 0.173198 0.0304665  
0.1875 0.185283 0.0349475  
0.2 0.197307 0.0397298  
0.2125 0.209268 0.044812  
0.225 0.22116 0.0501924  
0.2375 0.23298 0.0558692  
0.25 0.244723 0.0618404  
0.2625 0.256385 0.0681043  
0.275 0.267962 0.0746586  
0.2875 0.279448 0.0815013  
0.3 0.290841 0.0886299  
0.3125 0.302135 0.0960421  
0.325 0.313326 0.103735  
0.3375 0.32441 0.111707  
0.35 0.335381 0.119954  
0.3625 0.346236 0.128475  
0.375 0.356969 0.137265  
0.3875 0.367576 0.146322  
0.4 0.378054 0.155642  
0.4125 0.388395 0.165222  
0.425 0.398597 0.17506  
0.4375 0.408655 0.185151  
0.45 0.418563 0.195491  
0.4625 0.428317 0.206077  
0.475 0.437913 0.216905  
0.4875 0.447345 0.22797  
0.5 0.456608 0.23927  
0.5125 0.465699 0.250799  
0.525 0.474611 0.262552  
0.5375 0.483341 0.274527  
0.55 0.491884 0.286717  
0.5625 0.500235 0.299119  
0.575 0.508389 0.311727  
0.5875 0.516342 0.324536  
0.6 0.524089 0.337541  
0.6125 0.531625 0.350737  
0.625 0.538945 0.36412  
0.6375 0.546046 0.377682  
0.65 0.552923 0.391419  
0.6625 0.559571 0.405325  
0.675 0.565986 0.419395  
0.6875 0.572163 0.433622  
0.7 0.578098 0.448  
0.7125 0.583788 0.462523  
0.725 0.589228 0.477186  
0.7375 0.594414 0.491982  
0.75 0.599342 0.506904  
0.7625 0.604008 0.521945  
0.775 0.608409 0.537101  
0.7875 0.61254 0.552363  
0.8 0.616399 0.567724  
0.8125 0.619982 0.583179  
0.825 0.623286 0.59872  
0.8375 0.626307 0.61434  
0.85 0.629042 0.630032  
0.8625 0.631489 0.645788  
0.875 0.633645 0.661602  
0.8875 0.635508 0.677467  
0.9 0.637073 0.693374  
0.9125 0.638341 0.709317  
0.925 0.639307 0.725287  
0.9375 0.639971 0.741278  
0.95 0.64033 0.757282  
0.9625 0.640383 0.773291  
0.975 0.640127 0.789297  
0.9875 0.639563 0.805294  
1 0.638688 0.821272  
1.0125 0.637502 0.837224  
1.025 0.636004 0.853143  
1.0375 0.634193 0.86902  
1.05 0.632069 0.884849  
1.0625 0.629631 0.90062  
1.075 0.62688 0.916326  
1.0875 0.623816 0.93196  
1.1 0.620438 0.947513  
1.1125 0.616748 0.962978  
1.125 0.612746 0.978347  
1.1375 0.608433 0.993611  
1.15 0.60381 1.00876  
1.1625 0.598879 1.0238  
1.175 0.59364 1.0387  
1.1875 0.588097 1.05348  
1.2 0.58225 1.06811  
1.2125 0.576101 1.08259  
1.225 0.569654 1.09691  
1.2375 0.56291 1.11106  
1.25 0.555872 1.12505  
1.2625 0.548543 1.13885  
1.275 0.540926 1.15247  
1.2875 0.533025 1.1659  
1.3 0.524842 1.17912  
1.3125 0.516382 1.19214  
1.325 0.507648 1.20494  
1.3375 0.498645 1.21751  
1.35 0.489376 1.22986  
1.3625 0.479846 1.24198  
1.375 0.470059 1.25385  
1.3875 0.46002 1.26548  
1.4 0.449735 1.27685  
1.4125 0.439208 1.28796  
1.425 0.428444 1.29881  
1.4375 0.417449 1.30938  
1.45 0.406228 1.31968  
1.4625 0.394787 1.32969  
1.475 0.383133 1.33942  
1.4875 0.37127 1.34885  
1.5 0.359205 1.35798  
1.5125 0.346945 1.3668  
1.525 0.334495 1.37532  
1.5375 0.321863 1.38353  
1.55 0.309055 1.39141  
1.5625 0.296078 1.39898  
1.575 0.282939 1.40621  
1.5875 0.269644 1.41312  
1.6 0.256202 1.41969  
1.6125 0.242619 1.42593  
1.625 0.228902 1.43182  
1.6375 0.215059 1.43737  
1.65 0.201099 1.44258  
1.6625 0.187027 1.44743  
1.675 0.172852 1.45193  
1.6875 0.158581 1.45607  
1.7 0.144224 1.45985  
1.7125 0.129786 1.46328  
1.725 0.115277 1.46634  
1.7375 0.100704 1.46904  
1.75 0.0860754 1.47138  
1.7625 0.0713991 1.47334  
1.775 0.0566834 1.47495  
1.7875 0.0419362 1.47618  
1.8 0.0271659 1.47704  
1.8125 0.0123805 1.47754  
1.825 -0.00241167 1.47766  
1.8375 -0.0172026 1.47742  
1.85 -0.0319839 1.4768  
1.8625 -0.0467476 1.47582  
1.875 -0.0614854 1.47446  
1.8875 -0.0761891 1.47274  
1.9 -0.0908507 1.47066  
1.9125 -0.105462 1.4682  
1.925 -0.120015 1.46538  
1.9375 -0.134502 1.4622  
1.95 -0.148914 1.45866  
1.9625 -0.163244 1.45476  
1.975 -0.177484 1.4505  
1.9875 -0.191627 1.44588  
2 -0.205663 1.44092  
