0 10 4 5  
0.003125 9.82623 4.6972 5.10313  
0.00625 9.67898 5.37733 5.22437  
0.009375 9.55695 6.04185 5.36288  
0.0125 9.45889 6.69216 5.51805  
0.015625 9.38366 7.32954 5.68943  
0.01875 9.33017 7.9552 5.87674  
0.021875 9.2974 8.57026 6.07986  
0.025 9.28442 9.17571 6.29878  
0.028125 9.29032 9.77246 6.53364  
0.03125 9.31428 10.3613 6.78465  
0.034375 9.35551 10.943 7.05213  
0.0375 9.41326 11.518 7.33651  
0.040625 9.48683 12.0868 7.63824  
0.04375 9.57555 12.6498 7.95788  
0.046875 9.67877 13.2073 8.29604  
0.05 9.79588 13.7592 8.65335  
0.053125 9.92628 14.3057 9.03051  
0.05625 10.0694 14.8466 9.42824  
0.059375 10.2247 15.3816 9.84727  
0.0625 10.3915 15.9104 10.2884  
0.065625 10.5694 16.4323 10.7523  
0.06875 10.7578 16.9468 11.2397  
0.071875 10.956 17.453 11.7514  
0.075 11.1636 17.95 12.2881  
0.078125 11.38 18.4367 12.8505  
0.08125 11.6045 18.9118 13.439  
0.084375 11.8365 19.3741 14.0543  
0.0875 12.0754 19.8219 14.6967  
0.090625 12.3204 20.2536 15.3667  
0.09375 12.571 20.6675 16.0643  
0.096875 12.8262 21.0616 16.7897  
0.1 13.0854 21.4338 17.5427  
0.103125 13.3477 21.7821 18.3232  
0.10625 13.6123 22.1042 19.1307  
0.109375 13.8781 22.3977 19.9644  
0.1125 14.1444 22.6604 20.8235  
0.115625 14.41 22.8897 21.7069  
0.11875 14.674 23.0832 22.6132  
0.121875 14.9352 23.2386 23.5407  
0.125 15.1926 23.3535 24.4875  
0.128125 15.4449 23.4254 25.4513  
0.13125 15.691 23.4523 26.4297  
0.134375 15.9296 23.4322 27.4199  
0.1375 16.1595 23.363 28.4188  
0.140625 16.3794 23.2433 29.4231  
0.14375 16.588 23.0716 30.4292  
0.146875 16.7842 22.8469 31.4334  
0.15 16.9665 22.5685 32.4316  
0.153125 17.1339 22.2359 33.4197  
0.15625 17.285 21.8492 34.3936  
0.159375 17.4188 21.4088 35.3487  
0.1625 17.534 20.9157 36.2809  
0.165625 17.6298 20.3711 37.1859  
0.16875 17.705 19.7769 38.0593  
0.171875 17.759 19.1352 38.8972  
0.175 17.7908 18.4487 39.6957  
0.178125 17.7999 17.7205 40.4512  
0.18125 17.7857 16.954 41.1604  
0.184375 17.7478 16.153 41.8203  
0.1875 17.6859 15.3215 42.4286  
0.190625 17.6 14.4638 42.9829  
0.19375 17.49 13.5845 43.4818  
0.196875 17.356 12.6882 43.924  
0.2 17.1983 11.7795 44.309  
0.203125 17.0175 10.8631 44.6364  
0.20625 16.8139 9.94372 44.9066  
0.209375 16.5883 9.02583 45.1203  
0.2125 16.3415 8.11378 45.2788  
0.215625 16.0744 7.21173 45.3837  
0.21875 15.788 6.32354 45.4368  
0.221875 15.4833 5.4528 45.4405  
0.225 15.1615 4.60278 45.3974  
0.228125 14.8238 3.7764 45.3102  
0.23125 14.4714 2.97622 45.1819  
0.234375 14.1058 2.20443 45.0157  
0.2375 13.7281 1.46287 44.8147  
0.240625 13.3396 0.753008 44.5822  
0.24375 12.9418 0.0759736 44.3213  
0.246875 12.536 -0.56744 44.0354  
0.25 12.1233 -1.17675 43.7275  
0.253125 11.7051 -1.75176 43.4006  
0.25625 11.2827 -2.29255 43.0578  
0.259375 10.8571 -2.79941 42.7016  
0.2625 10.4295 -3.27288 42.3349  
0.265625 10.001 -3.71365 41.9599  
0.26875 9.57266 -4.12258 41.579  
0.271875 9.14538 -4.50067 41.1942  
0.275 8.72008 -4.84901 40.8074  
0.278125 8.29758 -5.1688 40.4204  
0.28125 7.87868 -5.46127 40.0346  
0.284375 7.46406 -5.72772 39.6514  
0.2875 7.05439 -5.96947 39.2721  
0.290625 6.65026 -6.18785 38.8977  
0.29375 6.25218 -6.3842 38.529  
0.296875 5.86063 -6.55983 38.1668  
0.3 5.47603 -6.71603 37.8118  
0.303125 5.09874 -6.85408 37.4644  
0.30625 4.72907 -6.97521 37.1252  
0.309375 4.3673 -7.08059 36.7943  
0.3125 4.01364 -7.17137 36.472  
0.315625 3.66829 -7.24865 36.1585  
0.31875 3.33138 -7.31346 35.8539  
0.321875 3.00301 -7.36679 35.5581  
0.325 2.68328 -7.40957 35.2711  
0.328125 2.37222 -7.4427 34.9929  
0.33125 2.06985 -7.467 34.7233  
0.334375 1.77616 -7.48326 34.4622  
0.3375 1.49112 -7.49221 34.2094  
0.340625 1.21468 -7.49452 33.9647  
0.34375 0.946766 -7.49085 33.7278  
0.346875 0.687294 -7.48179 33.4987  
0.35 0.43616 -7.46789 33.2769  
0.353125 0.193249 -7.44966 33.0623  
0.35625 -0.0415671 -7.42759 32.8545  
0.359375 -0.268426 -7.40212 32.6534  
0.3625 -0.487474 -7.37365 32.4587  
0.365625 -0.698866 -7.34257 32.2701  
0.36875 -0.902761 -7.30922 32.0873  
0.371875 -1.09933 -7.27393 31.9101  
0.375 -1.28873 -7.23699 31.7383  
0.378125 -1.47115 -7.19867 31.5716  
0.38125 -1.64676 -7.15923 31.4098  
0.384375 -1.81574 -7.1189 31.2526  
0.3875 -1.97827 -7.0779 31.0998  
0.390625 -2.13453 -7.0364 30.9513  
0.39375 -2.2847 -6.9946 30.8067  
0.396875 -2.42896 -6.95266 30.666  
0.4 -2.56749 -6.91072 30.5289  
0.403125 -2.70047 -6.86893 30.3952  
0.40625 -2.82808 -6.8274 30.2648  
0.409375 -2.95049 -6.78626 30.1376  
0.4125 -3.06787 -6.7456 30.0132  
0.415625 -3.1804 -6.70553 29.8917  
0.41875 -3.28825 -6.66612 29.7728  
0.421875 -3.39157 -6.62745 29.6565  
0.425 -3.49054 -6.58961 29.5426  
0.428125 -3.58532 -6.55264 29.4309  
0.43125 -3.67605 -6.51661 29.3215  
0.434375 -3.7629 -6.48156 29.2141  
0.4375 -3.84602 -6.44756 29.1087  
0.440625 -3.92555 -6.41463 29.0052  
0.44375 -4.00163 -6.38282 28.9035  
0.446875 -4.07442 -6.35215 28.8035  
0.45 -4.14404 -6.32266 28.7052  
0.453125 -4.21063 -6.29438 28.6084  
0.45625 -4.27431 -6.26732 28.5132  
0.459375 -4.33523 -6.2415 28.4194  
0.4625 -4.3935 -6.21695 28.327  
0.465625 -4.44924 -6.19367 28.236  
0.46875 -4.50256 -6.17168 28.1463  
0.471875 -4.55359 -6.15098 28.0579  
0.475 -4.60244 -6.13159 27.9706  
0.478125 -4.6492 -6.11351 27.8846  
0.48125 -4.69399 -6.09674 27.7997  
0.484375 -4.73691 -6.08128 27.716  
0.4875 -4.77805 -6.06714 27.6333  
0.490625 -4.8175 -6.05431 27.5517  
0.49375 -4.85538 -6.04279 27.4712  
0.496875 -4.89175 -6.03259 27.3917  
0.5 -4.92671 -6.02369 27.3132  
0.503125 -4.96034 -6.01609 27.2357  
0.50625 -4.99272 -6.00978 27.1593  
0.509375 -5.02393 -6.00476 27.0838  
0.5125 -5.05404 -6.00101 27.0093  
0.515625 -5.08314 -5.99854 26.9357  
0.51875 -5.11128 -5.99733 26.8631  
0.521875 -5.13854 -5.99737 26.7915  
0.525 -5.16498 -5.99866 26.7209  
0.528125 -5.19066 -6.00117 26.6512  
0.53125 -5.21565 -6.0049 26.5824  
0.534375 -5.24001 -6.00984 26.5146  
0.5375 -5.26379 -6.01598 26.4478  
0.540625 -5.28704 -6.02331 26.3819  
0.54375 -5.30982 -6.0318 26.3171  
0.546875 -5.33218 -6.04145 26.2532  
0.55 -5.35417 -6.05225 26.1902  
0.553125 -5.37583 -6.06418 26.1283  
0.55625 -5.3972 -6.07723 26.0674  
0.559375 -5.41834 -6.09139 26.0075  
0.5625 -5.43928 -6.10663 25.9486  
0.565625 -5.46006 -6.12296 25.8907  
0.56875 -5.48073 -6.14034 25.8339  
0.571875 -5.5013 -6.15877 25.7781  
0.575 -5.52183 -6.17824 25.7234  
0.578125 -5.54234 -6.19872 25.6698  
0.58125 -5.56286 -6.22021 25.6173  
0.584375 -5.58343 -6.24268 25.5659  
0.5875 -5.60407 -6.26613 25.5156  
0.590625 -5.62482 -6.29053 25.4664  
0.59375 -5.64569 -6.31588 25.4184  
0.596875 -5.66671 -6.34214 25.3715  
0.6 -5.68791 -6.36932 25.3259  
0.603125 -5.70931 -6.39739 25.2814  
0.60625 -5.73092 -6.42634 25.2381  
0.609375 -5.75278 -6.45615 25.1961  
0.6125 -5.77489 -6.4868 25.1553  
0.615625 -5.79728 -6.51827 25.1158  
0.61875 -5.81996 -6.55056 25.0776  
0.621875 -5.84295 -6.58363 25.0406  
0.625 -5.86626 -6.61748 25.005  
0.628125 -5.8899 -6.65208 24.9707  
0.63125 -5.9139 -6.68741 24.9377  
0.634375 -5.93825 -6.72346 24.9061  
0.6375 -5.96298 -6.76021 24.8759  
0.640625 -5.98808 -6.79763 24.8471  
0.64375 -6.01357 -6.83571 24.8198  
0.646875 -6.03947 -6.87443 24.7938  
0.65 -6.06576 -6.91376 24.7693  
0.653125 -6.09247 -6.95369 24.7463  
0.65625 -6.11959 -6.99419 24.7248  
0.659375 -6.14713 -7.03524 24.7048  
0.6625 -6.1751 -7.07681 24.6863  
0.665625 -6.20349 -7.11889 24.6693  
0.66875 -6.23231 -7.16145 24.6539  
0.671875 -6.26156 -7.20446 24.6401  
0.675 -6.29124 -7.2479 24.6279  
0.678125 -6.32135 -7.29174 24.6173  
0.68125 -6.35189 -7.33596 24.6083  
0.684375 -6.38286 -7.38053 24.6009  
0.6875 -6.41424 -7.42543 24.5952  
0.690625 -6.44605 -7.47061 24.5911  
0.69375 -6.47828 -7.51606 24.5888  
0.696875 -6.51091 -7.56175 24.5881  
0.7 -6.54395 -7.60763 24.5891  
0.703125 -6.57739 -7.65369 24.5919  
0.70625 -6.61122 -7.69989 24.5964  
0.709375 -6.64543 -7.74619 24.6026  
0.7125 -6.68001 -7.79257 24.6106  
0.715625 -6.71496 -7.83899 24.6203  
0.71875 -6.75026 -7.88541 24.6318  
0.721875 -6.7859 -7.93179 24.6451  
0.725 -6.82188 -7.97811 24.6601  
0.728125 -6.85816 -8.02432 24.677  
0.73125 -6.89476 -8.07038 24.6956  
0.734375 -6.93164 -8.11626 24.7161  
0.7375 -6.96879 -8.16191 24.7383  
0.740625 -7.0062 -8.20729 24.7623  
0.74375 -7.04385 -8.25237 24.7882  
0.746875 -7.08173 -8.2971 24.8158  
0.75 -7.11981 -8.34144 24.8452  
0.753125 -7.15807 -8.38534 24.8764  
0.75625 -7.1965 -8.42876 24.9094  
0.759375 -7.23508 -8.47165 24.9441  
0.7625 -7.27378 -8.51398 24.9807  
0.765625 -7.31259 -8.55569 25.0189  
0.76875 -7.35147 -8.59673 25.0589  
0.771875 -7.39041 -8.63707 25.1007  
0.775 -7.42938 -8.67666 25.1441  
0.778125 -7.46835 -8.71544 25.1893  
0.78125 -7.50731 -8.75336 25.2361  
0.784375 -7.54622 -8.7904 25.2845  
0.7875 -7.58506 -8.82648 25.3346  
0.790625 -7.6238 -8.86157 25.3863  
0.79375 -7.66241 -8.89562 25.4395  
0.796875 -7.70087 -8.92858 25.4943  
0.8 -7.73914 -8.9604 25.5505  
0.803125 -7.77719 -8.99104 25.6083  
0.80625 -7.81499 -9.02045 25.6675  
0.809375 -7.85252 -9.04858 25.728  
0.8125 -7.88973 -9.07539 25.7899  
0.815625 -7.92661 -9.10082 25.8531  
0.81875 -7.96311 -9.12485 25.9176  
0.821875 -7.99921 -9.14742 25.9833  
0.825 -8.03486 -9.16849 26.0501  
0.828125 -8.07005 -9.18802 26.1181  
0.83125 -8.10473 -9.20597 26.1871  
0.834375 -8.13886 -9.2223 26.257  
0.8375 -8.17243 -9.23698 26.328  
0.840625 -8.20539 -9.24996 26.3997  
0.84375 -8.2377 -9.26122 26.4723  
0.846875 -8.26935 -9.27072 26.5456  
0.85 -8.30028 -9.27844 26.6196  
0.853125 -8.33047 -9.28434 26.6942  
0.85625 -8.35988 -9.28839 26.7693  
0.859375 -8.38849 -9.29058 26.8449  
0.8625 -8.41625 -9.29088 26.9208  
0.865625 -8.44314 -9.28927 26.997  
0.86875 -8.46913 -9.28574 27.0735  
0.871875 -8.49417 -9.28027 27.1501  
0.875 -8.51825 -9.27286 27.2268  
0.878125 -8.54132 -9.26348 27.3034  
0.88125 -8.56337 -9.25214 27.38  
0.884375 -8.58436 -9.23884 27.4563  
0.8875 -8.60427 -9.22357 27.5324  
0.890625 -8.62306 -9.20634 27.6082  
0.89375 -8.64071 -9.18715 27.6835  
0.896875 -8.6572 -9.16602 27.7582  
0.9 -8.67251 -9.14295 27.8324  
0.903125 -8.6866 -9.11797 27.9059  
0.90625 -8.69946 -9.09108 27.9786  
0.909375 -8.71107 -9.06232 28.0504  
0.9125 -8.72141 -9.03171 28.1213  
0.915625 -8.73046 -8.99927 28.1912  
0.91875 -8.7382 -8.96504 28.2599  
0.921875 -8.74463 -8.92905 28.3275  
0.925 -8.74973 -8.89135 28.3938  
0.928125 -8.75348 -8.85196 28.4588  
0.93125 -8.75588 -8.81094 28.5224  
0.934375 -8.75692 -8.76832 28.5844  
0.9375 -8.75659 -8.72416 28.6449  
0.940625 -8.75489 -8.67852 28.7038  
0.94375 -8.75181 -8.63143 28.761  
0.946875 -8.74737 -8.58297 28.8164  
0.95 -8.74154 -8.53318 28.87  
0.953125 -8.73434 -8.48212 28.9217  
0.95625 -8.72578 -8.42987 28.9715  
0.959375 -8.71585 -8.37648 29.0193  
0.9625 -8.70457 -8.32201 29.065  
0.965625 -8.69194 -8.26654 29.1087  
0.96875 -8.67799 -8.21014 29.1502  
0.971875 -8.66271 -8.15287 29.1896  
0.975 -8.64613 -8.0948 29.2268  
0.978125 -8.62826 -8.03601 29.2617  
0.98125 -8.60912 -7.97656 29.2943  
0.984375 -8.58873 -7.91654 29.3247  
0.9875 -8.56711 -7.856 29.3527  
0.990625 -8.54429 -7.79503 29.3784  
0.99375 -8.52029 -7.73369 29.4018  
0.996875 -8.49514 -7.67207 29.4227  
1 -8.46886 -7.61023 29.4413  
1.00313 -8.44149 -7.54824 29.4575  
1.00625 -8.41304 -7.48618 29.4713  
1.00938 -8.38357 -7.42411 29.4828  
1.0125 -8.35309 -7.36211 29.4918  
1.01563 -8.32164 -7.30024 29.4985  
1.01875 -8.28926 -7.23857 29.5028  
1.02188 -8.25599 -7.17716 29.5047  
1.025 -8.22185 -7.11609 29.5043  
1.02813 -8.18689 -7.05541 29.5016  
1.03125 -8.15114 -6.99518 29.4966  
1.03438 -8.11465 -6.93547 29.4893  
1.0375 -8.07746 -6.87632 29.4797  
1.04063 -8.0396 -6.81781 29.4679  
1.04375 -8.00111 -6.75997 29.4539  
1.04688 -7.96204 -6.70287 29.4378  
1.05 -7.92243 -6.64654 29.4195  
1.05313 -7.88231 -6.59105 29.3992  
1.05625 -7.84174 -6.53644 29.3768  
1.05938 -7.80074 -6.48274 29.3523  
1.0625 -7.75937 -6.43 29.3259  
1.06563 -7.71767 -6.37826 29.2976  
1.06875 -7.67568 -6.32756 29.2674  
1.07188 -7.63343 -6.27793 29.2353  
1.075 -7.59097 -6.2294 29.2015  
1.07813 -7.54834 -6.182 29.1659  
1.08125 -7.50559 -6.13577 29.1286  
1.08438 -7.46274 -6.09072 29.0896  
1.0875 -7.41985 -6.04688 29.049  
1.09063 -7.37695 -6.00428 29.0069  
1.09375 -7.33407 -5.96294 28.9633  
1.09688 -7.29126 -5.92287 28.9182  
1.1 -7.24856 -5.88408 28.8717  
1.10313 -7.20599 -5.8466 28.8239  
1.10625 -7.16361 -5.81044 28.7748  
1.10938 -7.12143 -5.7756 28.7244  
1.1125 -7.0795 -5.7421 28.6728  
1.11563 -7.03786 -5.70995 28.6201  
1.11875 -6.99652 -5.67914 28.5662  
1.12188 -6.95553 -5.64969 28.5114  
1.125 -6.91492 -5.6216 28.4555  
1.12813 -6.87471 -5.59487 28.3986  
1.13125 -6.83494 -5.56951 28.3409  
1.13438 -6.79563 -5.5455 28.2823  
1.1375 -6.75681 -5.52286 28.2229  
1.14063 -6.71851 -5.50157 28.1628  
1.14375 -6.68076 -5.48163 28.1019  
1.14688 -6.64358 -5.46305 28.0404  
1.15 -6.60699 -5.44581 27.9783  
1.15313 -6.57101 -5.42991 27.9156  
1.15625 -6.53567 -5.41534 27.8523  
1.15938 -6.501 -5.40209 27.7886  
1.1625 -6.467 -5.39016 27.7245  
1.16563 -6.4337 -5.37954 27.6599  
1.16875 -6.40112 -5.37021 27.5951  
1.17188 -6.36928 -5.36217 27.5299  
1.175 -6.33818 -5.35541 27.4644  
1.17813 -6.30786 -5.34991 27.3987  
1.18125 -6.27832 -5.34567 27.3329  
1.18438 -6.24957 -5.34268 27.2668  
1.1875 -6.22164 -5.34091 27.2007  
1.19063 -6.19453 -5.34037 27.1345  
1.19375 -6.16826 -5.34104 27.0683  
1.19688 -6.14283 -5.34291 27.0021  
1.2 -6.11827 -5.34596 26.9359  
1.20313 -6.09457 -5.35018 26.8698  
1.20625 -6.07174 -5.35556 26.8038  
1.20938 -6.04981 -5.3621 26.738  
1.2125 -6.02877 -5.36976 26.6724  
1.21563 -6.00862 -5.37855 26.607  
1.21875 -5.98939 -5.38846 26.5418  
1.22188 -5.97107 -5.39946 26.4769  
1.225 -5.95366 -5.41155 26.4123  
1.22813 -5.93719 -5.42471 26.3481  
1.23125 -5.92164 -5.43893 26.2843  
1.23438 -5.90702 -5.45421 26.2209  
1.2375 -5.89334 -5.47052 26.1579  
1.24063 -5.88059 -5.48787 26.0954  
1.24375 -5.86879 -5.50622 26.0334  
1.24688 -5.85793 -5.52558 25.972  
1.25 -5.84802 -5.54593 25.9111  
1.25313 -5.83905 -5.56727 25.8508  
1.25625 -5.83103 -5.58957 25.7911  
1.25938 -5.82396 -5.61283 25.7321  
1.2625 -5.81784 -5.63703 25.6738  
1.26563 -5.81266 -5.66218 25.6162  
1.26875 -5.80843 -5.68824 25.5593  
1.27188 -5.80515 -5.71522 25.5032  
1.275 -5.80281 -5.74311 25.4479  
1.27813 -5.80142 -5.77189 25.3934  
1.28125 -5.80097 -5.80154 25.3398  
1.28438 -5.80145 -5.83207 25.287  
1.2875 -5.80288 -5.86346 25.2352  
1.29063 -5.80524 -5.8957 25.1842  
1.29375 -5.80853 -5.92877 25.1343  
1.29688 -5.81275 -5.96267 25.0853  
1.3 -5.8179 -5.99739 25.0373  
1.30313 -5.82397 -6.03291 24.9904  
1.30625 -5.83096 -6.06923 24.9446  
1.30938 -5.83886 -6.10633 24.8998  
1.3125 -5.84767 -6.1442 24.8562  
1.31563 -5.85739 -6.18282 24.8137  
1.31875 -5.86801 -6.2222 24.7723  
1.32188 -5.87953 -6.26231 24.7322  
1.325 -5.89193 -6.30314 24.6933  
1.32813 -5.90522 -6.34467 24.6557  
1.33125 -5.9194 -6.38691 24.6193  
1.33438 -5.93444 -6.42982 24.5842  
1.3375 -5.95036 -6.47341 24.5505  
1.34063 -5.96713 -6.51765 24.5181  
1.34375 -5.98476 -6.56252 24.4871  
1.34688 -6.00324 -6.60803 24.4575  
1.35 -6.02256 -6.65413 24.4293  
1.35313 -6.04271 -6.70084 24.4026  
1.35625 -6.06369 -6.74811 24.3774  
1.35938 -6.08548 -6.79594 24.3536  
1.3625 -6.10809 -6.84432 24.3314  
1.36563 -6.13149 -6.89321 24.3108  
1.36875 -6.15569 -6.94261 24.2917  
1.37188 -6.18067 -6.99248 24.2742  
1.375 -6.20643 -7.04282 24.2584  
1.37813 -6.23294 -7.09359 24.2442  
1.38125 -6.26021 -7.14479 24.2317  
1.38438 -6.28823 -7.19637 24.2209  
1.3875 -6.31697 -7.24833 24.2118  
1.39063 -6.34643 -7.30062 24.2044  
1.39375 -6.3766 -7.35324 24.1988  
1.39688 -6.40747 -7.40615 24.195  
1.4 -6.43902 -7.45932 24.193  
1.40313 -6.47123 -7.51273 24.1928  
1.40625 -6.5041 -7.56634 24.1944  
1.40938 -6.53762 -7.62013 24.1979  
1.4125 -6.57176 -7.67406 24.2033  
1.41563 -6.60651 -7.7281 24.2106  
1.41875 -6.64185 -7.78221 24.2198  
1.42188 -6.67777 -7.83637 24.2309  
1.425 -6.71426 -7.89053 24.244  
1.42813 -6.75128 -7.94466 24.259  
1.43125 -6.78884 -7.99872 24.276  
1.43438 -6.8269 -8.05267 24.2949  
1.4375 -6.86544 -8.10646 24.3159  
1.44063 -6.90445 -8.16007 24.3388  
1.44375 -6.94391 -8.21344 24.3638  
1.44688 -6.98379 -8.26653 24.3907  
1.45 -7.02407 -8.3193 24.4197  
1.45313 -7.06473 -8.3717 24.4507  
1.45625 -7.10575 -8.42368 24.4837  
1.45938 -7.1471 -8.47519 24.5188  
1.4625 -7.18875 -8.5262 24.5558  
1.46563 -7.23068 -8.57663 24.5949  
1.46875 -7.27286 -8.62646 24.636  
1.47188 -7.31527 -8.67561 24.6791  
1.475 -7.35787 -8.72405 24.7241  
1.47813 -7.40065 -8.77172 24.7712  
1.48125 -7.44356 -8.81856 24.8202  
1.48438 -7.48657 -8.86451 24.8712  
1.4875 -7.52967 -8.90954 24.9241  
1.49063 -7.5728 -8.95356 24.9789  
1.49375 -7.61595 -8.99654 25.0356  
1.49688 -7.65908 -9.03842 25.0942  
1.5 -7.70215 -9.07913 25.1546  
1.50313 -7.74513 -9.11863 25.2168  
1.50625 -7.78798 -9.15685 25.2808  
1.50938 -7.83067 -9.19374 25.3465  
1.5125 -7.87316 -9.22924 25.4139  
1.51563 -7.91541 -9.26329 25.4829  
1.51875 -7.95739 -9.29585 25.5536  
1.52188 -7.99905 -9.32684 25.6258  
1.525 -8.04036 -9.35623 25.6996  
1.52813 -8.08128 -9.38395 25.7747  
1.53125 -8.12177 -9.40995 25.8513  
1.53438 -8.16178 -9.43419 25.9292  
1.5375 -8.20128 -9.45661 26.0084  
1.54063 -8.24022 -9.47715 26.0888  
1.54375 -8.27857 -9.49579 26.1704  
1.54688 -8.31629 -9.51246 26.253  
1.55 -8.35332 -9.52712 26.3366  
1.55313 -8.38964 -9.53974 26.4212  
1.55625 -8.42519 -9.55027 26.5066  
1.55938 -8.45994 -9.55868 26.5927  
1.5625 -8.49385 -9.56493 26.6795  
1.56563 -8.52687 -9.56899 26.7669  
1.56875 -8.55896 -9.57083 26.8549  
1.57188 -8.5901 -9.57042 26.9432  
1.575 -8.62022 -9.56774 27.0319  
1.57813 -8.6493 -9.56278 27.1208  
1.58125 -8.6773 -9.5555 27.2098  
1.58438 -8.70418 -9.54591 27.2988  
1.5875 -8.7299 -9.53398 27.3878  
1.59063 -8.75442 -9.51972 27.4766  
1.59375 -8.77772 -9.50312 27.5652  
1.59688 -8.79975 -9.48418 27.6534  
1.6 -8.82048 -9.46291 27.7411  
1.60313 -8.83989 -9.43931 27.8283  
1.60625 -8.85794 -9.41341 27.9147  
1.60938 -8.8746 -9.38521 28.0004  
1.6125 -8.88984 -9.35473 28.0853  
1.61563 -8.90364 -9.32201 28.1691  
1.61875 -8.91598 -9.28707 28.2519  
1.62188 -8.92683 -9.24994 28.3334  
1.625 -8.93617 -9.21067 28.4137  
1.62813 -8.94398 -9.16928 28.4927  
1.63125 -8.95024 -9.12584 28.5701  
1.63438 -8.95495 -9.08037 28.646  
1.6375 -8.95808 -9.03295 28.7202  
1.64063 -8.95963 -8.98361 28.7927  
1.64375 -8.95958 -8.93243 28.8633  
1.64688 -8.95793 -8.87946 28.9321  
1.65 -8.95467 -8.82477 28.9988  
1.65313 -8.94981 -8.76843 29.0634  
1.65625 -8.94334 -8.71051 29.126  
1.65938 -8.93526 -8.65108 29.1862  
1.6625 -8.92558 -8.59022 29.2442  
1.66563 -8.9143 -8.52801 29.2999  
1.66875 -8.90144 -8.46453 29.3531  
1.67188 -8.887 -8.39986 29.4038  
1.675 -8.87099 -8.33408 29.4521  
1.67813 -8.85345 -8.26729 29.4978  
1.68125 -8.83437 -8.19956 29.5408  
1.68438 -8.81378 -8.131 29.5812  
1.6875 -8.7917 -8.06167 29.6189  
1.69063 -8.76816 -7.99168 29.6539  
1.69375 -8.74318 -7.92112 29.6862  
1.69688 -8.71679 -7.85006 29.7157  
1.7 -8.68902 -7.77861 29.7424  
1.70313 -8.6599 -7.70685 29.7664  
1.70625 -8.62947 -7.63487 29.7875  
1.70938 -8.59775 -7.56276 29.8058  
1.7125 -8.56479 -7.4906 29.8213  
1.71563 -8.53063 -7.41847 29.834  
1.71875 -8.49529 -7.34648 29.8439  
1.72188 -8.45884 -7.27468 29.851  
1.725 -8.4213 -7.20318 29.8554  
1.72813 -8.38272 -7.13204 29.857  
1.73125 -8.34315 -7.06134 29.8558  
1.73438 -8.30262 -6.99116 29.852  
1.7375 -8.2612 -6.92156 29.8455  
1.74063 -8.21891 -6.85263 29.8363  
1.74375 -8.17582 -6.78443 29.8245  
1.74688 -8.13197 -6.71702 29.8102  
1.75 -8.0874 -6.65047 29.7933  
1.75313 -8.04217 -6.58483 29.7739  
1.75625 -7.99633 -6.52017 29.7521  
1.75938 -7.94993 -6.45653 29.7279  
1.7625 -7.90301 -6.39398 29.7013  
1.76563 -7.85563 -6.33255 29.6725  
1.76875 -7.80784 -6.2723 29.6414  
1.77188 -7.75968 -6.21326 29.6081  
1.775 -7.7112 -6.15549 29.5726  
1.77813 -7.66246 -6.09901 29.5351  
1.78125 -7.6135 -6.04386 29.4955  
1.78438 -7.56438 -5.99008 29.454  
1.7875 -7.51513 -5.93769 29.4106  
1.79063 -7.4658 -5.88673 29.3653  
1.79375 -7.41645 -5.8372 29.3182  
1.79688 -7.36711 -5.78915 29.2694  
1.8 -7.31784 -5.74258 29.2189  
1.80313 -7.26867 -5.69751 29.1668  
1.80625 -7.21966 -5.65397 29.1132  
1.80938 -7.17083 -5.61195 29.0581  
1.8125 -7.12224 -5.57147 29.0015  
1.81563 -7.07392 -5.53255 28.9436  
1.81875 -7.02592 -5.49518 28.8843  
1.82188 -6.97826 -5.45937 28.8238  
1.825 -6.931 -5.42513 28.7622  
1.82813 -6.88416 -5.39245 28.6993  
1.83125 -6.83778 -5.36134 28.6355  
1.83438 -6.79189 -5.33178 28.5705  
1.8375 -6.74653 -5.30379 28.5047  
1.84063 -6.70173 -5.27735 28.4379  
1.84375 -6.65752 -5.25246 28.3703  
1.84688 -6.61393 -5.22912 28.3018  
1.85 -6.57098 -5.2073 28.2327  
1.85313 -6.5287 -5.18701 28.1628  
1.85625 -6.48713 -5.16824 28.0923  
1.85938 -6.44628 -5.15097 28.0212  
1.8625 -6.40618 -5.13519 27.9496  
1.86563 -6.36685 -5.12088 27.8775  
1.86875 -6.32832 -5.10805 27.8049  
1.87188 -6.29059 -5.09667 27.7319  
1.875 -6.2537 -5.08673 27.6586  
1.87813 -6.21766 -5.07822 27.585  
1.88125 -6.18249 -5.07111 27.5112  
1.88438 -6.14821 -5.06541 27.4371  
1.8875 -6.11482 -5.06108 27.3629  
1.89063 -6.08235 -5.05812 27.2885  
1.89375 -6.05081 -5.05651 27.2141  
1.89688 -6.02021 -5.05623 27.1396  
1.9 -5.99057 -5.05727 27.0651  
1.90313 -5.96189 -5.05962 26.9906  
1.90625 -5.93418 -5.06326 26.9163  
1.90938 -5.90746 -5.06817 26.842  
1.9125 -5.88173 -5.07433 26.7679  
1.91563 -5.857 -5.08174 26.6939  
1.91875 -5.83327 -5.09038 26.6202  
1.92188 -5.81057 -5.10022 26.5468  
1.925 -5.78888 -5.11127 26.4736  
1.92813 -5.76822 -5.1235 26.4008  
1.93125 -5.74859 -5.1369 26.3283  
1.93438 -5.72999 -5.15145 26.2563  
1.9375 -5.71243 -5.16714 26.1846  
1.94063 -5.69591 -5.18396 26.1134  
1.94375 -5.68043 -5.2019 26.0428  
1.94688 -5.666 -5.22094 25.9726  
1.95 -5.65262 -5.24106 25.903  
1.95313 -5.64028 -5.26226 25.834  
1.95625 -5.62899 -5.28452 25.7656  
1.95938 -5.61875 -5.30784 25.6978  
1.9625 -5.60956 -5.33219 25.6308  
1.96563 -5.60141 -5.35757 25.5644  
1.96875 -5.59432 -5.38397 25.4988  
1.97188 -5.58827 -5.41137 25.4339  
1.975 -5.58326 -5.43977 25.3699  
1.97813 -5.5793 -5.46915 25.3066  
1.98125 -5.57638 -5.4995 25.2443  
1.98438 -5.57449 -5.53082 25.1828  
1.9875 -5.57365 -5.56308 25.1222  
1.99063 -5.57383 -5.59629 25.0625  
1.99375 -5.57505 -5.63043 25.0039  
1.99688 -5.57729 -5.6655 24.9462  
2 -5.58056 -5.70147 24.8895  
