0
10 4 5  
0.00625
9.67898 5.37733 5.22437  
0.0125
9.45889 6.69215 5.51804  
0.01875
9.33016 7.95519 5.87672  
0.025
9.28447 9.17575 6.29896  
0.03125
9.31439 10.3614 6.78498  
0.0375
9.41341 11.518 7.33698  
0.04375
9.57574 12.6499 7.95847  
0.05
9.79611 13.7593 8.65405  
0.05625
10.0697 14.8467 9.42905  
0.0625
10.3918 15.9105 10.2893  
0.06875
10.7581 16.9469 11.2408  
0.075
11.164 17.9501 12.2893  
0.08125
11.6049 18.9119 13.4404  
0.0875
12.0758 19.8219 14.6983  
0.09375
12.5714 20.6674 16.066  
0.1
13.0858 21.4335 17.5447  
0.10625
13.6126 22.1037 19.1328  
0.1125
14.1447 22.6595 20.8258  
0.11875
14.6743 23.082 22.6156  
0.125
15.1928 23.3518 24.4898  
0.13125
15.691 23.4501 26.432  
0.1375
16.1593 23.3602 28.4208  
0.14375
16.5876 23.0683 30.4307  
0.15
16.9658 22.5646 32.4324  
0.15625
17.284 21.845 34.3935  
0.1625
17.5327 20.9114 36.2798  
0.16875
17.7034 19.7727 38.057  
0.175
17.7889 18.445 39.6922  
0.18125
17.7836 16.9511 41.1558  
0.1875
17.6838 15.3197 42.423  
0.19375
17.4878 13.5841 43.4756  
0.2
17.1963 11.7805 44.3025  
0.20625
16.8121 9.94628 44.9001  
0.2125
16.3401 8.11775 45.2728  
0.21875
15.787 6.32871 45.4316  
0.225
15.161 4.60888 45.3931  
0.23125
14.4715 2.98292 45.1788  
0.2375
13.7287 1.46984 44.8127  
0.24375
12.943 0.0829132 44.3204  
0.25
12.1249 -1.17009 43.7275  
0.25625
11.2846 -2.28634 43.0586  
0.2625
10.4318 -3.26725 42.3363  
0.26875
9.57519 -4.11757 41.5808  
0.275
8.72277 -4.84464 40.8095  
0.28125
7.88147 -5.45749 40.0368  
0.2875
7.05723 -5.96623 39.2743  
0.29375
6.25501 -6.38143 38.531  
0.3
5.47883 -6.71367 37.8137  
0.30625
4.73181 -6.97318 37.1269  
0.3125
4.01631 -7.16962 36.4736  
0.31875
3.33395 -7.31192 35.8552  
0.325
2.68576 -7.4082 35.2723  
0.33125
2.07222 -7.46577 34.7243  
0.3375
1.4934 -7.49107 34.2102  
0.34375
0.94895 -7.4898 33.7285  
0.35
0.438253 -7.4669 33.2774  
0.35625
-0.039561 -7.42665 32.8549  
0.3625
-0.48555 -7.37275 32.4589  
0.36875
-0.900913 -7.30835 32.0874  
0.375
-1.28696 -7.23615 31.7383  
0.38125
-1.64505 -7.15842 31.4097  
0.3875
-1.97662 -7.07711 31.0997  
0.39375
-2.28311 -6.99384 30.8065  
0.4
-2.56596 -6.90998 30.5286  
0.40625
-2.8266 -6.82668 30.2644  
0.4125
-3.06644 -6.7449 30.0128  
0.41875
-3.28687 -6.66544 29.7723  
0.425
-3.48921 -6.58895 29.542  
0.43125
-3.67476 -6.51597 29.3208  
0.4375
-3.84477 -6.44695 29.108  
0.44375
-4.00042 -6.38223 28.9027  
0.45
-4.14287 -6.3221 28.7044  
0.45625
-4.27318 -6.26679 28.5123  
0.4625
-4.3924 -6.21644 28.3261  
0.46875
-4.5015 -6.1712 28.1454  
0.475
-4.60141 -6.13114 27.9697  
0.48125
-4.693 -6.09632 27.7987  
0.4875
-4.77709 -6.06675 27.6322  
0.49375
-4.85446 -6.04244 27.4701  
0.5
-4.92582 -6.02336 27.3121  
0.50625
-4.99187 -6.00948 27.1581  
0.5125
-5.05323 -6.00075 27.0081  
0.51875
-5.1105 -5.9971 26.862  
0.525
-5.16423 -5.99846 26.7197  
0.53125
-5.21494 -6.00474 26.5812  
0.5375
-5.26311 -6.01585 26.4466  
0.54375
-5.30917 -6.03171 26.3158  
0.55
-5.35355 -6.05219 26.189  
0.55625
-5.39662 -6.07721 26.0661  
0.5625
-5.43874 -6.10664 25.9473  
0.56875
-5.48021 -6.14039 25.8326  
0.575
-5.52135 -6.17832 25.7222  
0.58125
-5.56242 -6.22033 25.616  
0.5875
-5.60367 -6.26629 25.5143  
0.59375
-5.64532 -6.31607 25.4171  
0.6
-5.68758 -6.36956 25.3246  
0.60625
-5.73062 -6.42661 25.2369  
0.6125
-5.77463 -6.48711 25.1541  
0.61875
-5.81973 -6.5509 25.0763  
0.625
-5.86606 -6.61786 25.0038  
0.63125
-5.91374 -6.68783 24.9366  
0.6375
-5.96285 -6.76067 24.8748  
0.64375
-6.01349 -6.83621 24.8186  
0.65
-6.06571 -6.9143 24.7682  
0.65625
-6.11958 -6.99476 24.7237  
0.6625
-6.17512 -7.07742 24.6853  
0.66875
-6.23237 -7.16209 24.653  
0.675
-6.29134 -7.24858 24.6269  
0.68125
-6.35202 -7.33667 24.6074  
0.6875
-6.41441 -7.42617 24.5943  
0.69375
-6.47848 -7.51684 24.588  
0.7
-6.54419 -7.60844 24.5884  
0.70625
-6.61149 -7.70073 24.5957  
0.7125
-6.68032 -7.79344 24.6099  
0.71875
-6.75061 -7.8863 24.6312  
0.725
-6.82225 -7.97902 24.6596  
0.73125
-6.89517 -8.07132 24.6952  
0.7375
-6.96923 -8.16287 24.7379  
0.74375
-7.04433 -8.25335 24.7879  
0.75
-7.12031 -8.34243 24.845  
0.75625
-7.19704 -8.42976 24.9092  
0.7625
-7.27435 -8.51499 24.9806  
0.76875
-7.35206 -8.59775 25.059  
0.775
-7.42999 -8.67767 25.1442  
0.78125
-7.50795 -8.75438 25.2362  
0.7875
-7.58573 -8.82749 25.3348  
0.79375
-7.6631 -8.89662 25.4398  
0.8
-7.73984 -8.96139 25.551  
0.80625
-7.81571 -9.02142 25.668  
0.8125
-7.89047 -9.07633 25.7905  
0.81875
-7.96386 -9.12577 25.9183  
0.825
-8.03562 -9.16937 26.0509  
0.83125
-8.10549 -9.20682 26.1879  
0.8375
-8.17319 -9.23779 26.3288  
0.84375
-8.23847 -9.26199 26.4733  
0.85
-8.30104 -9.27915 26.6206  
0.85625
-8.36064 -9.28905 26.7704  
0.8625
-8.417 -9.29148 26.922  
0.86875
-8.46986 -9.28628 27.0747  
0.875
-8.51897 -9.27333 27.228  
0.88125
-8.56408 -9.25254 27.3813  
0.8875
-8.60495 -9.2239 27.5338  
0.89375
-8.64137 -9.1874 27.6848  
0.9
-8.67314 -9.14313 27.8338  
0.90625
-8.70006 -9.09118 27.98  
0.9125
-8.72197 -9.03172 28.1228  
0.91875
-8.73873 -8.96498 28.2614  
0.925
-8.75022 -8.8912 28.3953  
0.93125
-8.75633 -8.81071 28.5238  
0.9375
-8.757 -8.72386 28.6464  
0.94375
-8.75218 -8.63105 28.7624  
0.95
-8.74185 -8.53272 28.8714  
0.95625
-8.72604 -8.42934 28.9729  
0.9625
-8.70478 -8.32141 29.0664  
0.96875
-8.67815 -8.20947 29.1515  
0.975
-8.64624 -8.09407 29.228  
0.98125
-8.60918 -7.97577 29.2955  
0.9875
-8.56712 -7.85515 29.3539  
0.99375
-8.52024 -7.73279 29.4028  
1
-8.46876 -7.60928 29.4423  
1.00625
-8.41289 -7.48518 29.4723  
1.0125
-8.35288 -7.36108 29.4927  
1.01875
-8.28901 -7.2375 29.5036  
1.025
-8.22154 -7.11499 29.505  
1.03125
-8.15079 -6.99406 29.4972  
1.0375
-8.07706 -6.87518 29.4803  
1.04375
-8.00067 -6.75882 29.4544  
1.05
-7.92194 -6.64538 29.4199  
1.05625
-7.84121 -6.53527 29.3771  
1.0625
-7.75881 -6.42883 29.3262  
1.06875
-7.67507 -6.32639 29.2675  
1.075
-7.59034 -6.22823 29.2015  
1.08125
-7.50492 -6.13461 29.1286  
1.0875
-7.41915 -6.04575 29.049  
1.09375
-7.33335 -5.96182 28.9632  
1.1
-7.24781 -5.88298 28.8715  
1.10625
-7.16284 -5.80936 28.7745  
1.1125
-7.07872 -5.74104 28.6724  
1.11875
-6.99572 -5.67811 28.5658  
1.125
-6.91411 -5.6206 28.455  
1.13125
-6.83411 -5.56853 28.3403  
1.1375
-6.75598 -5.52192 28.2223  
1.14375
-6.67993 -5.48073 28.1012  
1.15
-6.60615 -5.44494 27.9775  
1.15625
-6.53484 -5.41451 27.8515  
1.1625
-6.46616 -5.38936 27.7236  
1.16875
-6.40029 -5.36945 27.5942  
1.175
-6.33735 -5.35469 27.4635  
1.18125
-6.27749 -5.34499 27.3319  
1.1875
-6.22083 -5.34027 27.1997  
1.19375
-6.16746 -5.34044 27.0672  
1.2
-6.11748 -5.34539 26.9348  
1.20625
-6.07097 -5.35504 26.8027  
1.2125
-6.02801 -5.36928 26.6712  
1.21875
-5.98865 -5.38801 26.5406  
1.225
-5.95294 -5.41114 26.4111  
1.23125
-5.92094 -5.43857 26.2831  
1.2375
-5.89266 -5.4702 26.1567  
1.24375
-5.86814 -5.50594 26.0322  
1.25
-5.84739 -5.54569 25.9098  
1.25625
-5.83043 -5.58937 25.7898  
1.2625
-5.81726 -5.63687 25.6725  
1.26875
-5.80788 -5.68812 25.558  
1.275
-5.80228 -5.74303 25.4466  
1.28125
-5.80047 -5.8015 25.3384  
1.2875
-5.80241 -5.86346 25.2338  
1.29375
-5.80809 -5.92881 25.1329  
1.3
-5.81749 -5.99748 25.036  
1.30625
-5.83058 -6.06935 24.9432  
1.3125
-5.84733 -6.14436 24.8548  
1.31875
-5.8677 -6.2224 24.771  
1.325
-5.89165 -6.30338 24.692  
1.33125
-5.91915 -6.3872 24.618  
1.3375
-5.95014 -6.47374 24.5492  
1.34375
-5.98458 -6.56289 24.4858  
1.35
-6.02241 -6.65454 24.4281  
1.35625
-6.06358 -6.74856 24.3762  
1.3625
-6.10801 -6.84481 24.3303  
1.36875
-6.15565 -6.94314 24.2906  
1.375
-6.20642 -7.04339 24.2573  
1.38125
-6.26025 -7.14539 24.2306  
1.3875
-6.31704 -7.24897 24.2108  
1.39375
-6.37671 -7.35393 24.1978  
1.4
-6.43916 -7.46004 24.192  
1.40625
-6.50428 -7.5671 24.1935  
1.4125
-6.57197 -7.67485 24.2025  
1.41875
-6.6421 -7.78304 24.219  
1.425
-6.71454 -7.89139 24.2432  
1.43125
-6.78916 -7.99961 24.2753  
1.4375
-6.8658 -8.10738 24.3153  
1.44375
-6.9443 -8.21439 24.3632  
1.45
-7.0245 -8.32027 24.4192  
1.45625
-7.10621 -8.42467 24.4833  
1.4625
-7.18924 -8.52721 24.5555  
1.46875
-7.27339 -8.62749 24.6357  
1.475
-7.35843 -8.72509 24.724  
1.48125
-7.44414 -8.81961 24.8201  
1.4875
-7.53028 -8.91059 24.9241  
1.49375
-7.61659 -8.9976 25.0357  
1.5
-7.70282 -9.08019 25.1548  
1.50625
-7.78867 -9.1579 25.2811  
1.5125
-7.87387 -9.23028 25.4143  
1.51875
-7.95812 -9.29687 25.5541  
1.525
-8.04111 -9.35723 25.7001  
1.53125
-8.12253 -9.41093 25.8519  
1.5375
-8.20205 -9.45755 26.0091  
1.54375
-8.27936 -9.49669 26.1712  
1.55
-8.35411 -9.52799 26.3375  
1.55625
-8.42598 -9.55109 26.5075  
1.5625
-8.49464 -9.56569 26.6806  
1.56875
-8.55975 -9.57153 26.856  
1.575
-8.621 -9.56839 27.033  
1.58125
-8.67807 -9.55608 27.211  
1.5875
-8.73065 -9.53449 27.3891  
1.59375
-8.77845 -9.50355 27.5665  
1.6
-8.8212 -9.46327 27.7425  
1.60625
-8.85863 -9.41369 27.9162  
1.6125
-8.8905 -9.35493 28.0867  
1.61875
-8.91661 -9.28718 28.2533  
1.625
-8.93676 -9.2107 28.4152  
1.63125
-8.9508 -9.12578 28.5716  
1.6375
-8.9586 -9.0328 28.7217  
1.64375
-8.96005 -8.9322 28.8649  
1.65
-8.9551 -8.82446 29.0003  
1.65625
-8.94372 -8.71011 29.1274  
1.6625
-8.92591 -8.58975 29.2457  
1.66875
-8.90172 -8.46397 29.3545  
1.675
-8.87122 -8.33345 29.4535  
1.68125
-8.83454 -8.19886 29.5422  
1.6875
-8.79182 -8.0609 29.6202  
1.69375
-8.74324 -7.92029 29.6874  
1.7
-8.68903 -7.77772 29.7436  
1.70625
-8.62942 -7.63393 29.7886  
1.7125
-8.56469 -7.4896 29.8223  
1.71875
-8.49514 -7.34544 29.8449  
1.725
-8.42109 -7.2021 29.8563  
1.73125
-8.34288 -7.06023 29.8566  
1.7375
-8.26088 -6.92043 29.8462  
1.74375
-8.17546 -6.78327 29.8252  
1.75
-8.08699 -6.64929 29.7939  
1.75625
-7.99588 -6.51897 29.7526  
1.7625
-7.90251 -6.39277 29.7018  
1.76875
-7.80729 -6.27109 29.6417  
1.775
-7.71062 -6.15428 29.5729  
1.78125
-7.61288 -6.04266 29.4957  
1.7875
-7.51447 -5.9365 29.4107  
1.79375
-7.41576 -5.83602 29.3182  
1.8
-7.31713 -5.7414 29.2189  
1.80625
-7.21891 -5.65281 29.113  
1.8125
-7.12147 -5.57034 29.0013  
1.81875
-7.02513 -5.49406 28.884  
1.825
-6.93019 -5.42404 28.7618  
1.83125
-6.83696 -5.36027 28.635  
1.8375
-6.7457 -5.30275 28.5042  
1.84375
-6.65667 -5.25146 28.3697  
1.85
-6.57012 -5.20633 28.232  
1.85625
-6.48627 -5.16729 28.0916  
1.8625
-6.40531 -5.13428 27.9488  
1.86875
-6.32745 -5.10718 27.8041  
1.875
-6.25283 -5.08589 27.6578  
1.88125
-6.18163 -5.07031 27.5103  
1.8875
-6.11396 -5.06031 27.3619  
1.89375
-6.04996 -5.05578 27.2131  
1.9
-5.98972 -5.05658 27.0641  
1.90625
-5.93334 -5.0626 26.9152  
1.9125
-5.8809 -5.07371 26.7668  
1.91875
-5.83246 -5.0898 26.6191  
1.925
-5.78808 -5.11073 26.4725  
1.93125
-5.74781 -5.13639 26.3271  
1.9375
-5.71167 -5.16668 26.1834  
1.94375
-5.67969 -5.20147 26.0415  
1.95
-5.65189 -5.24067 25.9017  
1.95625
-5.62829 -5.28417 25.7643  
1.9625
-5.60888 -5.33187 25.6295  
1.96875
-5.59366 -5.38369 25.4975  
1.975
-5.58263 -5.43953 25.3685  
1.98125
-5.57577 -5.4993 25.2429  
1.9875
-5.57306 -5.56292 25.1208  
1.99375
-5.57449 -5.63031 25.0025  
2
-5.58003 -5.70138 24.8882  
