0
10 4 5  
0.025
9.28595 9.17406 6.29754  
0.05
9.79778 13.7576 8.6517  
0.075
11.1655 17.9488 12.2866  
0.1
13.1375 21.4619 17.6563  
0.125
15.2745 23.3109 24.8282  
0.15
17.0058 22.1405 32.8998  
0.175
17.5809 17.487 39.7277  
0.2
16.6884 11.0503 43.1902  
0.225
14.7415 5.3398 43.8981  
0.25
12.3026 0.233746 43.227  
0.275
9.0021 -3.87978 40.6376  
0.3
5.94417 -5.40617 37.8478  
0.325
3.58823 -6.67866 35.6754  
0.35
0.848451 -7.08529 33.1467  
0.375
-0.553996 -6.66495 31.7956  
0.4
-2.07205 -6.63569 30.1449  
0.425
-3.02622 -6.23937 29.2666  
0.45
-3.67383 -6.03083 28.2245  
0.475
-4.23544 -5.91226 27.4645  
0.5
-4.55811 -5.84047 26.7678  
0.525
-4.86944 -5.8818 26.1128  
0.55
-5.08663 -6.00891 25.5853  
0.575
-5.32988 -6.19058 25.0971  
0.6
-5.52613 -6.46635 24.7214  
0.625
-5.79638 -6.77425 24.42  
0.65
-6.02404 -7.15784 24.2443  
0.675
-6.35431 -7.547 24.1579  
0.7
-6.62956 -7.99222 24.2269  
0.725
-7.02255 -8.39593 24.3914  
0.75
-7.3253 -8.8257 24.7325  
0.775
-7.75423 -9.14784 25.155  
0.8
-8.0321 -9.45256 25.7531  
0.825
-8.43894 -9.57485 26.3744  
0.85
-8.61319 -9.64007 27.1334  
0.875
-8.92021 -9.47093 27.8051  
0.9
-8.90925 -9.24081 28.5437  
0.925
-9.05003 -8.78637 29.061  
0.95
-8.81119 -8.32087 29.5786  
0.975
-8.76848 -7.70704 29.7771  
1
-8.329 -7.16231 29.9546  
1.025
-8.14867 -6.56621 29.792  
1.05
-7.59596 -6.10494 29.6359  
1.075
-7.36413 -5.65907 29.1854  
1.1
-6.8031 -5.37753 28.7897  
1.125
-6.60796 -5.13017 28.1728  
1.15
-6.12007 -5.05067 27.6546  
1.175
-6.02603 -4.98846 26.9836  
1.2
-5.6529 -5.09311 26.4452  
1.225
-5.69624 -5.18062 25.8038  
1.25
-5.44523 -5.44472 25.3263  
1.275
-5.64335 -5.64825 24.7762  
1.3
-5.50022 -6.05463 24.4286  
1.325
-5.86298 -6.34475 24.0215  
1.35
-5.8002 -6.88054 23.8718  
1.375
-6.33628 -7.22063 23.6556  
1.4
-6.31269 -7.86243 23.7757  
1.425
-7.02827 -8.19021 23.7904  
1.45
-6.98108 -8.883 24.2478  
1.475
-7.871 -9.09425 24.5036  
1.5
-7.70547 -9.73431 25.3313  
1.525
-8.74014 -9.68893 25.7661  
1.55
-8.32998 -10.1348 26.9125  
1.575
-9.44813 -9.71329 27.3547  
1.6
-8.66634 -9.84974 28.6471  
1.625
-9.788 -9.05276 28.8458  
1.65
-8.57247 -8.88052 30.0337  
1.675
-9.63207 -7.8762 29.788  
1.7
-8.04246 -7.53245 30.6626  
1.725
-9.01705 -6.56486 29.948  
1.75
-7.21997 -6.24076 30.4309  
1.775
-8.13408 -5.48033 29.3871  
1.8
-6.31821 -5.32352 29.525  
1.825
-7.23178 -4.80597 28.3389  
1.85
-5.52231 -4.88653 28.2459  
1.875
-6.51434 -4.55538 27.0563  
1.9
-4.94107 -4.89094 26.863  
1.925
-6.09867 -4.66208 25.7396  
1.95
-4.61102 -5.25999 25.5707  
1.975
-6.03006 -5.05279 24.5365  
2
-4.52234 -5.93949 24.512  
2.025
-6.31966 -5.67338 23.5654  
