0
10 4 5  
0.0125
9.45894 6.6921 5.51801  
0.025
9.28449 9.17562 6.29869  
0.0375
9.41334 11.5179 7.33639  
0.05
9.79772 13.7602 8.65772  
0.0625
10.3948 15.9119 10.2968  
0.075
11.1683 17.9519 12.3005  
0.0875
12.0811 19.8235 14.7141  
0.1
13.0918 21.433 17.5663  
0.1125
14.1507 22.6537 20.8536  
0.125
15.1974 23.3361 24.5224  
0.1375
16.1603 23.33 28.4532  
0.15
16.9608 22.5174 32.4555  
0.1625
17.5192 20.8505 36.2815  
0.175
17.7661 18.3822 39.6619  
0.1875
17.6536 15.2731 42.358  
0.2
17.1639 11.7683 44.212  
0.2125
16.3124 8.14943 45.1758  
0.225
15.1444 4.68085 45.3102  
0.2375
13.7273 1.56785 44.7581  
0.25
12.1393 -1.06405 43.705  
0.2625
10.4598 -3.16821 42.3406  
0.275
8.7605 -4.76112 40.8307  
0.2875
7.10047 -5.90037 39.3025  
0.3
5.52403 -6.6634 37.8415  
0.3125
4.06097 -7.13114 36.4968  
0.325
2.72845 -7.37773 35.2892  
0.3375
1.53349 -7.46564 34.2208  
0.35
0.475629 -7.44453 33.2822  
0.3625
-0.450725 -7.35229 32.4588  
0.375
-1.25442 -7.21699 31.7341  
0.3875
-1.9461 -7.05899 31.0918  
0.4
-2.53721 -6.89284 30.5176  
0.4125
-3.03929 -6.72876 29.9991  
0.425
-3.46353 -6.57387 29.5258  
0.4375
-3.82047 -6.433 29.0896  
0.45
-4.11989 -6.30938 28.684  
0.4625
-4.37072 -6.20501 28.304  
0.475
-4.58102 -6.12107 27.946  
0.4875
-4.75799 -6.0581 27.6072  
0.5
-4.90802 -6.01619 27.2859  
0.5125
-5.03675 -5.99511 26.9809  
0.525
-5.1491 -5.99438 26.6917  
0.5375
-5.24935 -6.01338 26.4181  
0.55
-5.34121 -6.05135 26.1601  
0.5625
-5.42782 -6.10746 25.9183  
0.575
-5.5119 -6.18082 25.6932  
0.5875
-5.59571 -6.27048 25.4857  
0.6
-5.68113 -6.37545 25.2965  
0.6125
-5.76972 -6.49471 25.1267  
0.625
-5.86272 -6.62717 24.9774  
0.6375
-5.96109 -6.77167 24.8496  
0.65
-6.06555 -6.92696 24.7444  
0.6625
-6.17655 -7.09171 24.6631  
0.675
-6.29437 -7.26443 24.6067  
0.6875
-6.41904 -7.44351 24.5763  
0.7
-6.5504 -7.62716 24.5727  
0.7125
-6.68807 -7.81341 24.5969  
0.725
-6.83151 -8.00008 24.6495  
0.7375
-6.97993 -8.18481 24.7309  
0.75
-7.13237 -8.36502 24.8412  
0.7625
-7.28767 -8.53796 24.9803  
0.775
-7.44446 -8.70072 25.1475  
0.7875
-7.60118 -8.85027 25.3418  
0.8
-7.75611 -8.98352 25.5617  
0.8125
-7.90737 -9.09742 25.8049  
0.825
-8.05292 -9.189 26.0689  
0.8375
-8.19065 -9.25553 26.3502  
0.85
-8.31838 -9.29461 26.6452  
0.8625
-8.43395 -9.30426 26.9493  
0.875
-8.53523 -9.28309 27.2578  
0.8875
-8.62023 -9.23036 27.5654  
0.9
-8.68715 -9.14606 27.8668  
0.9125
-8.73445 -9.031 28.1565  
0.925
-8.7609 -8.88677 28.4291  
0.9375
-8.76566 -8.71578 28.6797  
0.95
-8.74833 -8.52112 28.9036  
0.9625
-8.70893 -8.30653 29.0968  
0.975
-8.64797 -8.07621 29.2562  
0.9875
-8.56639 -7.83469 29.3794  
1
-8.46559 -7.58662 29.4647  
1.0125
-8.34733 -7.33667 29.5117  
1.025
-8.21371 -7.0893 29.5204  
1.0375
-8.06709 -6.84865 29.4919  
1.05
-7.91002 -6.61844 29.4278  
1.0625
-7.74515 -6.40188 29.3302  
1.075
-7.57515 -6.20165 29.2019  
1.0875
-7.40269 -6.01985 29.0457  
1.1
-7.23031 -5.85806 28.8648  
1.1125
-7.06043 -5.71733 28.6625  
1.125
-6.89527 -5.59828 28.442  
1.1375
-6.73684 -5.50115 28.2065  
1.15
-6.58692 -5.42585 27.9592  
1.1625
-6.44705 -5.37202 27.7031  
1.175
-6.31856 -5.33916 27.4409  
1.1875
-6.20252 -5.32659 27.1753  
1.2
-6.09983 -5.33359 26.9089  
1.2125
-6.01115 -5.35936 26.6439  
1.225
-5.93701 -5.4031 26.3828  
1.2375
-5.87776 -5.46404 26.1274  
1.25
-5.83362 -5.5414 25.8799  
1.2625
-5.80471 -5.63445 25.6422  
1.275
-5.79103 -5.74246 25.4161  
1.2875
-5.79252 -5.86475 25.2034  
1.3
-5.80902 -6.00061 25.0058  
1.3125
-5.84033 -6.14934 24.8251  
1.325
-5.88617 -6.3102 24.6629  
1.3375
-5.94622 -6.48239 24.5211  
1.35
-6.02008 -6.66501 24.4011  
1.3625
-6.10729 -6.85707 24.3046  
1.375
-6.20734 -7.05741 24.2333  
1.3875
-6.3196 -7.26471 24.1887  
1.4
-6.44337 -7.47742 24.1721  
1.4125
-6.57783 -7.69377 24.185  
1.425
-6.72203 -7.91173 24.2285  
1.4375
-6.87487 -8.12898 24.3035  
1.45
-7.03512 -8.34292 24.4106  
1.4625
-7.20133 -8.55068 24.5504  
1.475
-7.37189 -8.7491 24.7225  
1.4875
-7.545 -8.93481 24.9264  
1.5
-7.71865 -9.10424 25.1611  
1.5125
-7.89063 -9.25375 25.4245  
1.525
-8.0586 -9.37968 25.7144  
1.5375
-8.22003 -9.47851 26.0273  
1.55
-8.37231 -9.54698 26.3594  
1.5625
-8.51277 -9.58226 26.7059  
1.575
-8.63876 -9.58208 27.0615  
1.5875
-8.74771 -9.54492 27.4201  
1.6
-8.83724 -9.47011 27.7756  
1.6125
-8.90521 -9.35794 28.1213  
1.625
-8.94984 -9.20973 28.4506  
1.6375
-8.96975 -9.02783 28.7571  
1.65
-8.96411 -8.81555 29.0351  
1.6625
-8.93257 -8.57707 29.2792  
1.675
-8.87539 -8.31729 29.4851  
1.6875
-8.79341 -8.04162 29.6494  
1.7
-8.68801 -7.75574 29.7698  
1.7125
-8.56108 -7.46538 29.8452  
1.725
-8.41498 -7.17614 29.8755  
1.7375
-8.25238 -6.89322 29.8616  
1.75
-8.07627 -6.62131 29.8054  
1.7625
-7.88977 -6.36448 29.7093  
1.775
-7.69609 -6.12609 29.5765  
1.7875
-7.49839 -5.90878 29.4105  
1.8
-7.29974 -5.71448 29.215  
1.8125
-7.10305 -5.54447 28.994  
1.825
-6.91098 -5.39945 28.7513  
1.8375
-6.72595 -5.27962 28.4906  
1.85
-6.55008 -5.18477 28.2157  
1.8625
-6.38519 -5.11439 27.93  
1.875
-6.23284 -5.06775 27.6367  
1.8875
-6.09429 -5.04394 27.3388  
1.9
-5.97054 -5.04201 27.0391  
1.9125
-5.86236 -5.06094 26.7403  
1.925
-5.77032 -5.09976 26.4446  
1.9375
-5.6948 -5.1575 26.1544  
1.95
-5.63603 -5.23327 25.8718  
1.9625
-5.59411 -5.32626 25.5988  
1.975
-5.56903 -5.43568 25.3374  
1.9875
-5.56071 -5.56085 25.0894  
2
-5.56899 -5.70109 24.8566  
2.0125
-5.59365 -5.85577 24.6409  
