0
10 4 5  
0.003125
9.8125 4.70625 5.09375  
0.00625
9.65293 5.39394 5.20623  
0.009375
9.51984 6.06467 5.3364  
0.0125
9.41186 6.71995 5.48347  
0.015625
9.32774 7.36121 5.64684  
0.01875
9.26629 7.98978 5.82612  
0.021875
9.22639 8.6069 6.02107  
0.025
9.20704 9.21371 6.2316  
0.028125
9.20724 9.81124 6.45775  
0.03125
9.22612 10.4004 6.69968  
0.034375
9.26282 10.982 6.95767  
0.0375
9.31654 11.5568 7.23207  
0.040625
9.38655 12.1253 7.52334  
0.04375
9.47214 12.6881 7.83199  
0.046875
9.57263 13.2454 8.15861  
0.05
9.68741 13.7976 8.50385  
0.053125
9.81585 14.3447 8.8684  
0.05625
9.95738 14.8867 9.25299  
0.059375
10.1114 15.4235 9.65838  
0.0625
10.2774 15.9549 10.0854  
0.065625
10.4548 16.4804 10.5348  
0.06875
10.6431 16.9995 11.0074  
0.071875
10.8418 17.5115 11.504  
0.075
11.0502 18.0157 12.0254  
0.078125
11.2679 18.511 12.5723  
0.08125
11.4942 18.9964 13.1456  
0.084375
11.7287 19.4706 13.7457  
0.0875
11.9706 19.9322 14.3735  
0.090625
12.2194 20.3797 15.0293  
0.09375
12.4744 20.8113 15.7135  
0.096875
12.7349 21.2252 16.4266  
0.1
13.0003 21.6195 17.1686  
0.103125
13.2696 21.992 17.9396  
0.10625
13.5422 22.3404 18.7395  
0.109375
13.8171 22.6625 19.5678  
0.1125
14.0936 22.9558 20.424  
0.115625
14.3705 23.2177 21.3074  
0.11875
14.647 23.4457 22.2169  
0.121875
14.9219 23.6371 23.1512  
0.125
15.1943 23.7894 24.1087  
0.128125
15.4629 23.8998 25.0876  
0.13125
15.7265 23.9658 26.0857  
0.134375
15.984 23.985 27.1004  
0.1375
16.234 23.955 28.1291  
0.140625
16.4753 23.8736 29.1686  
0.14375
16.7065 23.7388 30.2154  
0.146875
16.9263 23.549 31.2659  
0.15
17.1332 23.3026 32.3161  
0.153125
17.326 22.9987 33.3618  
0.15625
17.5033 22.6365 34.3985  
0.159375
17.6637 22.2158 35.4217  
0.1625
17.806 21.7367 36.4266  
0.165625
17.9288 21.1999 37.4085  
0.16875
18.031 20.6065 38.3624  
0.171875
18.1115 19.9582 39.2838  
0.175
18.1692 19.2572 40.1679  
0.178125
18.2032 18.5062 41.0102  
0.18125
18.2127 17.7082 41.8066  
0.184375
18.1969 16.8671 42.5532  
0.1875
18.1554 15.9868 43.2464  
0.190625
18.0876 15.0719 43.8831  
0.19375
17.9934 14.127 44.4608  
0.196875
17.8725 13.1573 44.9773  
0.2
17.7252 12.1679 45.431  
0.203125
17.5515 11.1644 45.8211  
0.20625
17.3519 10.152 46.147  
0.209375
17.1269 9.13629 46.4091  
0.2125
16.8772 8.12246 46.608  
0.215625
16.6036 7.11566 46.7451  
0.21875
16.3071 6.12081 46.8222  
0.221875
15.9888 5.14251 46.8414  
0.225
15.6499 4.18503 46.8056  
0.228125
15.2916 3.25224 46.7178  
0.23125
14.9154 2.34763 46.5812  
0.234375
14.5226 1.47422 46.3995  
0.2375
14.1149 0.634582 46.1764  
0.240625
13.6936 -0.169142 45.9158  
0.24375
13.2604 -0.935274 45.6216  
0.246875
12.8168 -1.66257 45.2977  
0.25
12.3643 -2.35018 44.948  
0.253125
11.9045 -2.99768 44.5762  
0.25625
11.4388 -3.60498 44.1861  
0.259375
10.9687 -4.1723 43.7811  
0.2625
10.4955 -4.70019 43.3644  
0.265625
10.0206 -5.18943 42.9393  
0.26875
9.54532 -5.64103 42.5084  
0.271875
9.07075 -6.05618 42.0744  
0.275
8.59803 -6.43621 41.6398  
0.278125
8.12821 -6.78258 41.2066  
0.28125
7.66225 -7.09684 40.7768  
0.284375
7.20103 -7.3806 40.352  
0.2875
6.74535 -7.63549 39.9337  
0.290625
6.29595 -7.86319 39.5232  
0.29375
5.85348 -8.06533 39.1215  
0.296875
5.41851 -8.24356 38.7294  
0.3
4.99157 -8.39948 38.3478  
0.303125
4.5731 -8.53464 37.9771  
0.30625
4.16349 -8.65055 37.6178  
0.309375
3.76305 -8.74866 37.2701  
0.3125
3.37206 -8.83033 36.9343  
0.315625
2.99073 -8.89688 36.6104  
0.31875
2.61924 -8.94955 36.2984  
0.321875
2.25772 -8.98951 35.9983  
0.325
1.90624 -9.01785 35.7099  
0.328125
1.56487 -9.03559 35.433  
0.33125
1.2336 -9.04371 35.1673  
0.334375
0.912435 -9.04308 34.9127  
0.3375
0.601326 -9.03453 34.6687  
0.340625
0.300205 -9.01882 34.435  
0.34375
0.00898552 -8.99668 34.2114  
0.346875
-0.272441 -8.96874 33.9973  
0.35
-0.544201 -8.9356 33.7924  
0.353125
-0.806432 -8.89783 33.5964  
0.35625
-1.05929 -8.85592 33.4089  
0.359375
-1.30293 -8.81034 33.2294  
0.3625
-1.53754 -8.76152 33.0576  
0.365625
-1.76329 -8.70984 32.8931  
0.36875
-1.98037 -8.65566 32.7355  
0.371875
-2.18897 -8.5993 32.5844  
0.375
-2.38929 -8.54107 32.4396  
0.378125
-2.58154 -8.48123 32.3006  
0.38125
-2.7659 -8.42003 32.1672  
0.384375
-2.94259 -8.3577 32.0389  
0.3875
-3.11182 -8.29444 31.9155  
0.390625
-3.27377 -8.23044 31.7967  
0.39375
-3.42867 -8.16588 31.6822  
0.396875
-3.57671 -8.10091 31.5717  
0.4
-3.71809 -8.03567 31.4649  
0.403125
-3.85301 -7.9703 31.3616  
0.40625
-3.98168 -7.90492 31.2616  
0.409375
-4.10428 -7.83963 31.1645  
0.4125
-4.22101 -7.77455 31.0703  
0.415625
-4.33206 -7.70975 30.9787  
0.41875
-4.43761 -7.64534 30.8894  
0.421875
-4.53785 -7.58137 30.8024  
0.425
-4.63296 -7.51794 30.7174  
0.428125
-4.72312 -7.45511 30.6342  
0.43125
-4.80849 -7.39293 30.5528  
0.434375
-4.88926 -7.33147 30.4729  
0.4375
-4.96557 -7.27077 30.3945  
0.440625
-5.03761 -7.21089 30.3174  
0.44375
-5.10553 -7.15188 30.2414  
0.446875
-5.16948 -7.09377 30.1665  
0.45
-5.22961 -7.0366 30.0926  
0.453125
-5.28608 -6.98041 30.0195  
0.45625
-5.33903 -6.92524 29.9472  
0.459375
-5.3886 -6.87111 29.8755  
0.4625
-5.43492 -6.81806 29.8045  
0.465625
-5.47815 -6.7661 29.734  
0.46875
-5.5184 -6.71527 29.664  
0.471875
-5.5558 -6.66559 29.5944  
0.475
-5.59048 -6.61708 29.5252  
0.478125
-5.62256 -6.56975 29.4563  
0.48125
-5.65216 -6.52364 29.3876  
0.484375
-5.67939 -6.47874 29.3192  
0.4875
-5.70437 -6.43508 29.2509  
0.490625
-5.72721 -6.39267 29.1828  
0.49375
-5.748 -6.35153 29.1148  
0.496875
-5.76686 -6.31166 29.0469  
0.5
-5.78389 -6.27306 28.9791  
0.503125
-5.79918 -6.23576 28.9114  
0.50625
-5.81282 -6.19976 28.8437  
0.509375
-5.82491 -6.16506 28.7761  
0.5125
-5.83554 -6.13167 28.7084  
0.515625
-5.84479 -6.09959 28.6408  
0.51875
-5.85276 -6.06882 28.5732  
0.521875
-5.85951 -6.03937 28.5056  
0.525
-5.86513 -6.01124 28.4381  
0.528125
-5.8697 -5.98443 28.3705  
0.53125
-5.87328 -5.95893 28.303  
0.534375
-5.87596 -5.93475 28.2354  
0.5375
-5.87779 -5.91188 28.1679  
0.540625
-5.87886 -5.89032 28.1005  
0.54375
-5.87922 -5.87007 28.0331  
0.546875
-5.87893 -5.85111 27.9657  
0.55
-5.87806 -5.83346 27.8984  
0.553125
-5.87667 -5.8171 27.8312  
0.55625
-5.87481 -5.80202 27.7641  
0.559375
-5.87253 -5.78822 27.6971  
0.5625
-5.8699 -5.77569 27.6302  
0.565625
-5.86695 -5.76442 27.5635  
0.56875
-5.86375 -5.75441 27.4969  
0.571875
-5.86033 -5.74565 27.4305  
0.575
-5.85675 -5.73812 27.3642  
0.578125
-5.85304 -5.73183 27.2982  
0.58125
-5.84925 -5.72675 27.2325  
0.584375
-5.84543 -5.72289 27.1669  
0.5875
-5.8416 -5.72022 27.1017  
0.590625
-5.8378 -5.71874 27.0367  
0.59375
-5.83408 -5.71845 26.9721  
0.596875
-5.83047 -5.71932 26.9077  
0.6
-5.827 -5.72134 26.8438  
0.603125
-5.82369 -5.72452 26.7802  
0.60625
-5.82059 -5.72883 26.717  
0.609375
-5.81773 -5.73426 26.6542  
0.6125
-5.81512 -5.74081 26.5919  
0.615625
-5.8128 -5.74846 26.53  
0.61875
-5.81079 -5.7572 26.4686  
0.621875
-5.80911 -5.76701 26.4077  
0.625
-5.8078 -5.7779 26.3474  
0.628125
-5.80686 -5.78984 26.2876  
0.63125
-5.80633 -5.80282 26.2283  
0.634375
-5.80622 -5.81683 26.1697  
0.6375
-5.80655 -5.83186 26.1117  
0.640625
-5.80734 -5.8479 26.0543  
0.64375
-5.80861 -5.86494 25.9976  
0.646875
-5.81037 -5.88296 25.9416  
0.65
-5.81264 -5.90195 25.8862  
0.653125
-5.81543 -5.9219 25.8317  
0.65625
-5.81876 -5.9428 25.7778  
0.659375
-5.82263 -5.96464 25.7248  
0.6625
-5.82707 -5.9874 25.6725  
0.665625
-5.83208 -6.01107 25.6211  
0.66875
-5.83767 -6.03564 25.5705  
0.671875
-5.84386 -6.0611 25.5208  
0.675
-5.85065 -6.08743 25.472  
0.678125
-5.85805 -6.11463 25.4241  
0.68125
-5.86607 -6.14268 25.3771  
0.684375
-5.87471 -6.17156 25.3311  
0.6875
-5.88399 -6.20127 25.2861  
0.690625
-5.8939 -6.23179 25.2421  
0.69375
-5.90446 -6.26311 25.1991  
0.696875
-5.91567 -6.29522 25.1572  
0.7
-5.92753 -6.3281 25.1163  
0.703125
-5.94005 -6.36174 25.0766  
0.70625
-5.95323 -6.39613 25.0379  
0.709375
-5.96707 -6.43125 25.0004  
0.7125
-5.98157 -6.46708 24.9641  
0.715625
-5.99675 -6.50362 24.929  
0.71875
-6.01258 -6.54085 24.895  
0.721875
-6.02909 -6.57875 24.8624  
0.725
-6.04627 -6.61731 24.8309  
0.728125
-6.06411 -6.6565 24.8008  
0.73125
-6.08263 -6.69633 24.7719  
0.734375
-6.10181 -6.73676 24.7443  
0.7375
-6.12165 -6.77779 24.7182  
0.740625
-6.14215 -6.81939 24.6933  
0.74375
-6.16332 -6.86155 24.6699  
0.746875
-6.18514 -6.90425 24.6479  
0.75
-6.20761 -6.94746 24.6273  
0.753125
-6.23073 -6.99118 24.6081  
0.75625
-6.25449 -7.03538 24.5904  
0.759375
-6.2789 -7.08003 24.5743  
0.7625
-6.30393 -7.12513 24.5596  
0.765625
-6.32959 -7.17064 24.5464  
0.76875
-6.35588 -7.21654 24.5349  
0.771875
-6.38277 -7.26281 24.5249  
0.775
-6.41027 -7.30943 24.5164  
0.778125
-6.43837 -7.35637 24.5096  
0.78125
-6.46706 -7.40361 24.5045  
0.784375
-6.49633 -7.45112 24.5009  
0.7875
-6.52616 -7.49887 24.4991  
0.790625
-6.55656 -7.54683 24.4989  
0.79375
-6.58751 -7.59498 24.5004  
0.796875
-6.61899 -7.64329 24.5036  
0.8
-6.651 -7.69173 24.5086  
0.803125
-6.68352 -7.74026 24.5153  
0.80625
-6.71654 -7.78885 24.5237  
0.809375
-6.75005 -7.83747 24.5339  
0.8125
-6.78404 -7.8861 24.5459  
0.815625
-6.81848 -7.93468 24.5597  
0.81875
-6.85336 -7.98319 24.5752  
0.821875
-6.88866 -8.03159 24.5926  
0.825
-6.92438 -8.07984 24.6118  
0.828125
-6.96049 -8.12791 24.6328  
0.83125
-6.99697 -8.17575 24.6557  
0.834375
-7.03381 -8.22333 24.6803  
0.8375
-7.07098 -8.2706 24.7068  
0.840625
-7.10847 -8.31752 24.7352  
0.84375
-7.14625 -8.36405 24.7653  
0.846875
-7.18431 -8.41015 24.7973  
0.85
-7.22261 -8.45577 24.8312  
0.853125
-7.26115 -8.50087 24.8668  
0.85625
-7.29989 -8.5454 24.9043  
0.859375
-7.33881 -8.58931 24.9436  
0.8625
-7.37789 -8.63257 24.9847  
0.865625
-7.4171 -8.67511 25.0276  
0.86875
-7.45641 -8.7169 25.0722  
0.871875
-7.4958 -8.75788 25.1186  
0.875
-7.53524 -8.798 25.1668  
0.878125
-7.5747 -8.83723 25.2167  
0.88125
-7.61416 -8.87549 25.2682  
0.884375
-7.65358 -8.91276 25.3215  
0.8875
-7.69292 -8.94897 25.3764  
0.890625
-7.73218 -8.98407 25.433  
0.89375
-7.7713 -9.01803 25.4911  
0.896875
-7.81026 -9.05078 25.5508  
0.9
-7.84902 -9.08227 25.612  
0.903125
-7.88756 -9.11246 25.6747  
0.90625
-7.92584 -9.1413 25.7388  
0.909375
-7.96382 -9.16874 25.8044  
0.9125
-8.00148 -9.19473 25.8713  
0.915625
-8.03877 -9.21923 25.9395  
0.91875
-8.07566 -9.24218 26.009  
0.921875
-8.11211 -9.26354 26.0796  
0.925
-8.14809 -9.28328 26.1515  
0.928125
-8.18357 -9.30134 26.2244  
0.93125
-8.2185 -9.31768 26.2984  
0.934375
-8.25285 -9.33226 26.3733  
0.9375
-8.28658 -9.34505 26.4492  
0.940625
-8.31966 -9.35601 26.5259  
0.94375
-8.35204 -9.3651 26.6033  
0.946875
-8.3837 -9.37228 26.6815  
0.95
-8.41459 -9.37754 26.7603  
0.953125
-8.44469 -9.38083 26.8396  
0.95625
-8.47394 -9.38214 26.9194  
0.959375
-8.50232 -9.38144 26.9996  
0.9625
-8.52979 -9.3787 27.0801  
0.965625
-8.55632 -9.37391 27.1609  
0.96875
-8.58187 -9.36706 27.2418  
0.971875
-8.60641 -9.35812 27.3227  
0.975
-8.6299 -9.34709 27.4036  
0.978125
-8.65231 -9.33397 27.4844  
0.98125
-8.67361 -9.31874 27.565  
0.984375
-8.69377 -9.30141 27.6453  
0.9875
-8.71276 -9.28198 27.7252  
0.990625
-8.73055 -9.26045 27.8047  
0.99375
-8.74711 -9.23684 27.8836  
0.996875
-8.76241 -9.21116 27.9618  
1
-8.77644 -9.18342 28.0392  
1.00313
-8.78916 -9.15365 28.1159  
1.00625
-8.80055 -9.12186 28.1916  
1.00938
-8.81059 -9.08808 28.2662  
1.0125
-8.81926 -9.05235 28.3398  
1.01563
-8.82654 -9.0147 28.4121  
1.01875
-8.83242 -8.97516 28.4832  
1.02188
-8.83688 -8.93378 28.5529  
1.025
-8.83991 -8.89059 28.6212  
1.02813
-8.84149 -8.84565 28.6879  
1.03125
-8.84162 -8.799 28.753  
1.03438
-8.84029 -8.7507 28.8164  
1.0375
-8.83749 -8.7008 28.878  
1.04063
-8.83322 -8.64936 28.9379  
1.04375
-8.82747 -8.59644 28.9957  
1.04688
-8.82026 -8.54211 29.0517  
1.05
-8.81156 -8.48643 29.1055  
1.05313
-8.8014 -8.42946 29.1573  
1.05625
-8.78978 -8.37129 29.2069  
1.05938
-8.7767 -8.31198 29.2543  
1.0625
-8.76218 -8.2516 29.2995  
1.06563
-8.74622 -8.19023 29.3423  
1.06875
-8.72885 -8.12795 29.3827  
1.07188
-8.71007 -8.06483 29.4208  
1.075
-8.68991 -8.00096 29.4565  
1.07813
-8.66838 -7.9364 29.4896  
1.08125
-8.6455 -7.87125 29.5203  
1.08438
-8.62131 -7.80558 29.5485  
1.0875
-8.59582 -7.73947 29.5741  
1.09063
-8.56906 -7.673 29.5971  
1.09375
-8.54105 -7.60625 29.6176  
1.09688
-8.51184 -7.53931 29.6355  
1.1
-8.48145 -7.47224 29.6508  
1.10313
-8.44991 -7.40514 29.6636  
1.10625
-8.41726 -7.33807 29.6737  
1.10938
-8.38354 -7.27111 29.6813  
1.1125
-8.34877 -7.20434 29.6863  
1.11563
-8.31301 -7.13783 29.6887  
1.11875
-8.27629 -7.07166 29.6886  
1.12188
-8.23864 -7.00589 29.6859  
1.125
-8.20012 -6.94059 29.6807  
1.12813
-8.16076 -6.87583 29.6731  
1.13125
-8.1206 -6.81167 29.663  
1.13438
-8.0797 -6.74819 29.6504  
1.1375
-8.03809 -6.68543 29.6355  
1.14063
-7.99582 -6.62345 29.6182  
1.14375
-7.95293 -6.56232 29.5986  
1.14688
-7.90948 -6.50208 29.5767  
1.15
-7.86549 -6.44279 29.5526  
1.15313
-7.82104 -6.3845 29.5262  
1.15625
-7.77614 -6.32724 29.4977  
1.15938
-7.73087 -6.27107 29.4671  
1.1625
-7.68525 -6.21603 29.4345  
1.16563
-7.63933 -6.16216 29.3998  
1.16875
-7.59317 -6.10948 29.3631  
1.17188
-7.54681 -6.05804 29.3246  
1.175
-7.50028 -6.00787 29.2842  
1.17813
-7.45365 -5.959 29.242  
1.18125
-7.40694 -5.91145 29.198  
1.18438
-7.3602 -5.86525 29.1524  
1.1875
-7.31349 -5.82041 29.1051  
1.19063
-7.26683 -5.77697 29.0562  
1.19375
-7.22027 -5.73493 29.0058  
1.19688
-7.17385 -5.69432 28.9539  
1.2
-7.12762 -5.65514 28.9006  
1.20313
-7.0816 -5.61741 28.8459  
1.20625
-7.03585 -5.58113 28.7899  
1.20938
-6.99039 -5.54632 28.7327  
1.2125
-6.94526 -5.51298 28.6743  
1.21563
-6.9005 -5.48112 28.6147  
1.21875
-6.85614 -5.45074 28.5541  
1.22188
-6.81223 -5.42183 28.4924  
1.225
-6.76878 -5.39441 28.4297  
1.22813
-6.72583 -5.36846 28.3662  
1.23125
-6.68341 -5.34399 28.3017  
1.23438
-6.64155 -5.32098 28.2364  
1.2375
-6.60028 -5.29945 28.1704  
1.24063
-6.55963 -5.27937 28.1036  
1.24375
-6.51963 -5.26075 28.0362  
1.24688
-6.48029 -5.24357 27.9682  
1.25
-6.44164 -5.22783 27.8995  
1.25313
-6.40371 -5.21352 27.8304  
1.25625
-6.36651 -5.20062 27.7608  
1.25938
-6.33008 -5.18913 27.6908  
1.2625
-6.29442 -5.17903 27.6203  
1.26563
-6.25957 -5.17031 27.5496  
1.26875
-6.22553 -5.16296 27.4785  
1.27188
-6.19232 -5.15697 27.4072  
1.275
-6.15997 -5.15233 27.3357  
1.27813
-6.12848 -5.14902 27.2641  
1.28125
-6.09787 -5.14702 27.1923  
1.28438
-6.06816 -5.14633 27.1204  
1.2875
-6.03935 -5.14692 27.0485  
1.29063
-6.01146 -5.1488 26.9766  
1.29375
-5.9845 -5.15193 26.9047  
1.29688
-5.95849 -5.15632 26.8329  
1.3
-5.93342 -5.16193 26.7612  
1.30313
-5.90931 -5.16877 26.6897  
1.30625
-5.88617 -5.17682 26.6183  
1.30938
-5.864 -5.18605 26.5472  
1.3125
-5.84281 -5.19647 26.4763  
1.31563
-5.82262 -5.20805 26.4057  
1.31875
-5.80341 -5.22079 26.3354  
1.32188
-5.7852 -5.23466 26.2655  
1.325
-5.768 -5.24966 26.196  
1.32813
-5.7518 -5.26577 26.1269  
1.33125
-5.73661 -5.28299 26.0582  
1.33438
-5.72244 -5.30129 25.9901  
1.3375
-5.70928 -5.32066 25.9224  
1.34063
-5.69713 -5.3411 25.8554  
1.34375
-5.68601 -5.36259 25.7888  
1.34688
-5.6759 -5.38513 25.723  
1.35
-5.66681 -5.40868 25.6577  
1.35313
-5.65875 -5.43326 25.5931  
1.35625
-5.6517 -5.45885 25.5292  
1.35938
-5.64567 -5.48542 25.4661  
1.3625
-5.64067 -5.51299 25.4037  
1.36563
-5.63668 -5.54152 25.3421  
1.36875
-5.6337 -5.57102 25.2813  
1.37188
-5.63174 -5.60148 25.2214  
1.375
-5.6308 -5.63287 25.1624  
1.37813
-5.63086 -5.6652 25.1042  
1.38125
-5.63194 -5.69845 25.047  
1.38438
-5.63401 -5.73262 24.9907  
1.3875
-5.6371 -5.76769 24.9355  
1.39063
-5.64118 -5.80365 24.8812  
1.39375
-5.64625 -5.84049 24.828  
1.39688
-5.65232 -5.87821 24.7759  
1.4
-5.65938 -5.91678 24.7249  
1.40313
-5.66743 -5.95622 24.675  
1.40625
-5.67645 -5.99649 24.6263  
1.40938
-5.68645 -6.0376 24.5787  
1.4125
-5.69743 -6.07953 24.5324  
1.41563
-5.70937 -6.12227 24.4873  
1.41875
-5.72227 -6.16581 24.4435  
1.42188
-5.73613 -6.21014 24.401  
1.425
-5.75094 -6.25524 24.3598  
1.42813
-5.7667 -6.30112 24.32  
1.43125
-5.7834 -6.34774 24.2815  
1.43438
-5.80104 -6.39511 24.2445  
1.4375
-5.8196 -6.44321 24.2089  
1.44063
-5.83909 -6.49202 24.1748  
1.44375
-5.85949 -6.54153 24.1421  
1.44688
-5.88081 -6.59173 24.111  
1.45
-5.90302 -6.6426 24.0815  
1.45313
-5.92614 -6.69412 24.0535  
1.45625
-5.95014 -6.74629 24.0271  
1.45938
-5.97502 -6.79908 24.0024  
1.4625
-6.00077 -6.85248 23.9794  
1.46563
-6.02738 -6.90646 23.958  
1.46875
-6.05485 -6.96101 23.9383  
1.47188
-6.08317 -7.01611 23.9204  
1.475
-6.11233 -7.07174 23.9043  
1.47813
-6.14231 -7.12787 23.89  
1.48125
-6.17311 -7.18449 23.8775  
1.48438
-6.20471 -7.24156 23.8668  
1.4875
-6.23711 -7.29907 23.8581  
1.49063
-6.2703 -7.35699 23.8512  
1.49375
-6.30426 -7.4153 23.8463  
1.49688
-6.33898 -7.47395 23.8434  
1.5
-6.37445 -7.53294 23.8424  
1.50313
-6.41065 -7.59222 23.8435  
1.50625
-6.44757 -7.65176 23.8465  
1.50938
-6.4852 -7.71154 23.8517  
1.5125
-6.52353 -7.77151 23.8589  
1.51563
-6.56253 -7.83164 23.8682  
1.51875
-6.60219 -7.8919 23.8796  
1.52188
-6.64249 -7.95225 23.8932  
1.525
-6.68342 -8.01265 23.9089  
1.52813
-6.72496 -8.07306 23.9269  
1.53125
-6.76709 -8.13343 23.947  
1.53438
-6.80979 -8.19372 23.9693  
1.5375
-6.85303 -8.25389 23.9939  
1.54063
-6.89681 -8.31389 24.0207  
1.54375
-6.94109 -8.37368 24.0497  
1.54688
-6.98586 -8.43319 24.081  
1.55
-7.03109 -8.49239 24.1146  
1.55313
-7.07676 -8.55122 24.1505  
1.55625
-7.12283 -8.60963 24.1887  
1.55938
-7.1693 -8.66756 24.2291  
1.5625
-7.21612 -8.72496 24.2719  
1.56563
-7.26327 -8.78176 24.317  
1.56875
-7.31072 -8.83792 24.3643  
1.57188
-7.35845 -8.89336 24.4139  
1.575
-7.40641 -8.94803 24.4658  
1.57813
-7.45459 -9.00187 24.52  
1.58125
-7.50294 -9.0548 24.5765  
1.58438
-7.55144 -9.10678 24.6352  
1.5875
-7.60004 -9.15772 24.6961  
1.59063
-7.64872 -9.20757 24.7593  
1.59375
-7.69743 -9.25626 24.8246  
1.59688
-7.74615 -9.30372 24.8921  
1.6
-7.79482 -9.34987 24.9617  
1.60313
-7.84342 -9.39466 25.0335  
1.60625
-7.89189 -9.43802 25.1073  
1.60938
-7.94021 -9.47986 25.1831  
1.6125
-7.98832 -9.52013 25.261  
1.61563
-8.03619 -9.55876 25.3407  
1.61875
-8.08377 -9.59567 25.4224  
1.62188
-8.13102 -9.6308 25.5059  
1.625
-8.17789 -9.66407 25.5912  
1.62813
-8.22433 -9.69543 25.6783  
1.63125
-8.2703 -9.7248 25.767  
1.63438
-8.31576 -9.75213 25.8572  
1.6375
-8.36064 -9.77734 25.9491  
1.64063
-8.40491 -9.80037 26.0423  
1.64375
-8.44852 -9.82116 26.137  
1.64688
-8.49142 -9.83965 26.2329  
1.65
-8.53355 -9.8558 26.3301  
1.65313
-8.57487 -9.86953 26.4283  
1.65625
-8.61533 -9.8808 26.5276  
1.65938
-8.65487 -9.88957 26.6278  
1.6625
-8.69346 -9.89577 26.7289  
1.66563
-8.73103 -9.89938 26.8307  
1.66875
-8.76754 -9.90035 26.9331  
1.67188
-8.80294 -9.89864 27.036  
1.675
-8.83718 -9.89423 27.1393  
1.67813
-8.87021 -9.88708 27.243  
1.68125
-8.90199 -9.87716 27.3468  
1.68438
-8.93247 -9.86447 27.4506  
1.6875
-8.96159 -9.84898 27.5544  
1.69063
-8.98932 -9.83068 27.658  
1.69375
-9.01561 -9.80957 27.7613  
1.69688
-9.04042 -9.78564 27.8642  
1.7
-9.06371 -9.75889 27.9665  
1.70313
-9.08544 -9.72935 28.0681  
1.70625
-9.10556 -9.69701 28.1689  
1.70938
-9.12404 -9.6619 28.2688  
1.7125
-9.14085 -9.62404 28.3676  
1.71563
-9.15595 -9.58347 28.4652  
1.71875
-9.16931 -9.54021 28.5615  
1.72188
-9.1809 -9.49431 28.6564  
1.725
-9.19069 -9.44581 28.7496  
1.72813
-9.19867 -9.39476 28.8412  
1.73125
-9.20479 -9.34122 28.9311  
1.73438
-9.20906 -9.28525 29.0189  
1.7375
-9.21144 -9.22691 29.1048  
1.74063
-9.21192 -9.16627 29.1885  
1.74375
-9.2105 -9.10341 29.2699  
1.74688
-9.20715 -9.03841 29.349  
1.75
-9.20188 -8.97135 29.4256  
1.75313
-9.19467 -8.90232 29.4997  
1.75625
-9.18554 -8.83141 29.5711  
1.75938
-9.17447 -8.75871 29.6398  
1.7625
-9.16148 -8.68433 29.7057  
1.76563
-9.14657 -8.60836 29.7686  
1.76875
-9.12975 -8.5309 29.8286  
1.77188
-9.11103 -8.45207 29.8856  
1.775
-9.09044 -8.37197 29.9395  
1.77813
-9.06799 -8.29072 29.9902  
1.78125
-9.0437 -8.20841 30.0377  
1.78438
-9.0176 -8.12517 30.0819  
1.7875
-8.98971 -8.04111 30.1229  
1.79063
-8.96006 -7.95635 30.1605  
1.79375
-8.9287 -7.87099 30.1948  
1.79688
-8.89565 -7.78515 30.2257  
1.8
-8.86094 -7.69895 30.2532  
1.80313
-8.82463 -7.6125 30.2773  
1.80625
-8.78675 -7.52591 30.298  
1.80938
-8.74735 -7.43929 30.3153  
1.8125
-8.70647 -7.35276 30.3292  
1.81563
-8.66417 -7.26641 30.3397  
1.81875
-8.62049 -7.18035 30.3468  
1.82188
-8.57549 -7.0947 30.3505  
1.825
-8.52921 -7.00953 30.351  
1.82813
-8.48172 -6.92497 30.3481  
1.83125
-8.43307 -6.84109 30.342  
1.83438
-8.38332 -6.75799 30.3326  
1.8375
-8.33253 -6.67576 30.3201  
1.84063
-8.28076 -6.59449 30.3044  
1.84375
-8.22806 -6.51425 30.2857  
1.84688
-8.1745 -6.43512 30.2639  
1.85
-8.12015 -6.35718 30.2391  
1.85313
-8.06506 -6.28049 30.2114  
1.85625
-8.00929 -6.20513 30.1809  
1.85938
-7.95291 -6.13115 30.1476  
1.8625
-7.89598 -6.05862 30.1115  
1.86563
-7.83856 -5.98758 30.0728  
1.86875
-7.78072 -5.9181 30.0316  
1.87188
-7.72251 -5.85021 29.9878  
1.875
-7.664 -5.78395 29.9415  
1.87813
-7.60525 -5.71938 29.8929  
1.88125
-7.54632 -5.65652 29.842  
1.88438
-7.48726 -5.5954 29.7889  
1.8875
-7.42814 -5.53606 29.7336  
1.89063
-7.36901 -5.47852 29.6763  
1.89375
-7.30993 -5.4228 29.617  
1.89688
-7.25096 -5.36891 29.5558  
1.9
-7.19215 -5.31688 29.4927  
1.90313
-7.13355 -5.26672 29.4279  
1.90625
-7.07521 -5.21843 29.3613  
1.90938
-7.01718 -5.17202 29.2932  
1.9125
-6.95952 -5.1275 29.2235  
1.91563
-6.90227 -5.08487 29.1524  
1.91875
-6.84548 -5.04412 29.0799  
1.92188
-6.78919 -5.00526 29.006  
1.925
-6.73344 -4.96827 28.9309  
1.92813
-6.67828 -4.93316 28.8547  
1.93125
-6.62374 -4.8999 28.7773  
1.93438
-6.56987 -4.8685 28.6988  
1.9375
-6.5167 -4.83894 28.6194  
1.94063
-6.46427 -4.81121 28.5391  
1.94375
-6.41262 -4.78528 28.4579  
1.94688
-6.36176 -4.76115 28.376  
1.95
-6.31174 -4.7388 28.2933  
1.95313
-6.26259 -4.7182 28.2099  
1.95625
-6.21433 -4.69935 28.1259  
1.95938
-6.16698 -4.68222 28.0414  
1.9625
-6.12058 -4.66679 27.9564  
1.96563
-6.07515 -4.65304 27.8709  
1.96875
-6.03071 -4.64095 27.7851  
1.97188
-5.98728 -4.6305 27.6989  
1.975
-5.94488 -4.62166 27.6124  
1.97813
-5.90353 -4.61442 27.5257  
1.98125
-5.86325 -4.60875 27.4388  
1.98438
-5.82404 -4.60463 27.3517  
1.9875
-5.78594 -4.60204 27.2646  
1.99063
-5.74894 -4.60096 27.1774  
1.99375
-5.71307 -4.60136 27.0902  
1.99688
-5.67833 -4.60322 27.003  
