0
10 4 5  
0.05
10.9054 12.7162 10.8489  
0.1
12.967 17.0902 19.9357  
0.15
13.9956 16.0527 28.3355  
0.2
13.3504 12.0601 33.078  
0.25
11.5734 8.01943 34.2897  
0.3
9.45026 5.20396 33.4078  
0.35
7.51994 3.6593 31.6216  
0.4
6.02416 3.03258 29.5773  
0.45
5.01305 2.99084 27.5699  
0.5
4.4514 3.32811 25.737  
0.55
4.28485 3.95173 24.1669  
0.6
4.46913 4.83771 22.9527  
0.65
4.97159 5.97651 22.2166  
0.7
5.74958 7.30557 22.1062  
0.75
6.7135 8.64132 22.7335  
0.8
7.70127 9.67682 24.0543  
0.85
8.5061 10.1158 25.7787  
0.9
8.95978 9.86713 27.4537  
0.95
9.00764 9.10337 28.6852  
1
8.71541 8.13095 29.2986  
1.05
8.21768 7.22222 29.3328  
1.1
7.65689 6.53531 28.9407  
1.15
7.14546 6.1226 28.2983  
1.2
6.75455 5.97272 27.5595  
1.25
6.51857 6.04661 26.8457  
1.3
6.44434 6.29588 26.2494  
1.35
6.51857 6.66702 25.8385  
1.4
6.71202 7.09892 25.6554  
1.45
6.98206 7.52214 25.7104  
1.5
7.27661 7.86572 25.9747  
1.55
7.54197 8.07269 26.3808  
1.6
7.73364 8.11698 26.8359  
1.65
7.82622 8.01137 27.2462  
1.7
7.8177 7.80066 27.5412  
1.75
7.72657 7.54432 27.6871  
1.8
7.58386 7.29845 27.686  
1.85
7.42396 7.10417 27.5664  
1.9
7.2773 6.98398 27.3706  
1.95
7.16603 6.94349 27.1441  
