0 10 4 5  
0.025 9.79064 8.95322 6.84899  
0.05 10.5088 13.3815 9.87104  
0.075 11.8138 17.0337 14.1923  
0.1 13.3174 19.3317 19.6462  
0.125 14.5992 19.7264 25.5675  
0.15 15.3073 18.1397 30.9612  
0.175 15.2658 15.1001 34.9753  
0.2 14.5035 11.4543 37.2652  
0.225 13.1947 7.95949 37.9912  
0.25 11.5684 5.06321 37.5767  
0.275 9.83635 2.90805 36.4684  
0.3 8.15748 1.44201 35.0119  
0.325 6.63175 0.528828 33.4282  
0.35 5.30917 0.0188423 31.8388  
0.375 4.20383 -0.217529 30.3008  
0.4 3.30713 -0.279651 28.8359  
0.425 2.59813 -0.237855 27.4481  
0.45 2.05076 -0.138732 26.1343  
0.475 1.6384 -0.0110426 24.8893  
0.5 1.33655 0.129133 23.7082  
0.525 1.12412 0.274405 22.5866  
0.55 0.983935 0.423198 21.521  
0.575 0.902711 0.577817 20.5086  
0.6 0.870819 0.743253 19.5474  
0.625 0.881967 0.926557 18.636  
0.65 0.932902 1.13664 17.7738  
0.675 1.0232 1.3844 16.9612  
0.7 1.15518 1.68311 16.1998  
0.725 1.33394 2.04896 15.4935  
0.75 1.56751 2.50177 14.8491  
0.775 1.86713 3.06564 14.2782  
0.8 2.24756 3.76929 13.8  
0.825 2.72716 4.64553 13.4445  
0.85 3.32745 5.72863 13.2582  
0.875 4.0715 7.04769 13.31  
0.9 4.97979 8.61296 13.6974  
0.925 6.0623 10.3923 14.5452  
0.95 7.30567 12.2792 15.9885  
0.975 8.65745 14.0646 18.1262  
1 10.0149 15.4446 20.9459  
1.025 11.2308 16.0946 24.2521  
1.05 12.1448 15.8009 27.6663  
1.075 12.6307 14.5739 30.7317  
1.1 12.6354 12.6544 33.0752  
1.125 12.1897 10.4071 34.5207  
1.15 11.3883 8.18239 35.0955  
1.175 10.3556 6.2251 34.9592  
1.2 9.21526 4.65378 34.3155  
1.225 8.06961 3.487 33.3514  
1.25 6.99247 2.68393 32.2101  
1.275 6.02975 2.17887 30.9891  
1.3 5.20454 1.90367 29.7493  
1.325 4.52346 1.79915 28.5265  
1.35 3.98263 1.81933 27.3406  
1.375 3.57241 1.93154 26.2029  
1.4 3.2809 2.11486 25.1204  
1.425 3.09631 2.35795 24.098  
1.45 3.00845 2.657 23.1408  
1.475 3.00954 3.01391 22.2548  
1.5 3.09462 3.43492 21.4482  
1.525 3.26156 3.92932 20.732  
1.55 3.51087 4.50812 20.1216  
1.575 3.84518 5.18241 19.6378  
1.6 4.26831 5.96084 19.3085  
1.625 4.78382 6.84586 19.1688  
1.65 5.39272 7.82831 19.2611  
1.675 6.09026 8.88044 19.6316  
1.7 6.86198 9.94883 20.3223  
1.725 7.67968 10.9505 21.3568  
1.75 8.49921 11.7773 22.7231  
1.775 9.262 12.3132 24.3564  
1.8 9.90225 12.4633 26.135  
1.825 10.3589 12.1856 27.8959  
1.85 10.5889 11.5089 29.4692  
1.875 10.5766 10.5274 30.7169  
1.9 10.3359 9.37293 31.5608  
1.925 9.90491 8.18107 31.9873  
1.95 9.3365 7.06288 32.0341  
1.975 8.68761 6.09203 31.7688  
2 8.01107 5.30493 31.2679  
