0 10 4 5  
0.025 8.5 9.65 5.75  
0.05 8.7875 14.1369 7.51313  
0.075 10.1248 18.2842 10.2432  
0.1 12.1647 22.3217 14.3591  
0.125 14.7039 25.9121 20.4296  
0.15 17.506 28.0471 28.9333  
0.175 20.1413 26.9375 39.7615  
0.2 21.8403 20.3418 51.3373  
0.225 21.4657 7.09093 59.8772  
0.25 17.872 -10.193 60.6886  
0.275 10.8558 -24.5435 53.1  
0.3 2.00595 -30.7418 43.784  
0.325 -6.181 -30.7648 40.0532  
0.35 -12.327 -28.1332 42.8044  
0.375 -16.2785 -22.8675 49.3341  
0.4 -17.9258 -13.6136 56.1737  
0.425 -16.8477 -0.647434 59.4659  
0.45 -12.7977 12.622 56.7653  
0.475 -6.44276 21.5096 49.8887  
0.5 0.54534 24.4975 43.9297  
0.525 6.53337 23.6679 42.0672  
0.55 10.817 20.7785 43.8297  
0.575 13.3074 15.9783 47.2572  
0.6 13.9751 9.17228 50.2101  
0.625 12.7744 1.18327 50.9042  
0.65 9.87662 -6.16098 48.7368  
0.675 5.86722 -11.1272 44.7788  
0.7 1.61861 -13.3101 40.9077  
0.725 -2.11357 -13.4997 38.3237  
0.75 -4.9601 -12.6167 37.1208  
0.775 -6.87426 -11.1703 36.8293  
0.8 -7.94826 -9.37366 36.9075  
0.825 -8.30461 -7.36934 36.9247  
0.85 -8.07079 -5.33219 36.6085  
0.875 -7.38614 -3.46195 35.8539  
0.9 -6.4051 -1.92515 34.7005  
0.925 -5.28511 -0.804084 33.2737  
0.95 -4.16485 -0.0871741 31.7163  
0.975 -3.14543 0.301951 30.1396  
1 -2.28359 0.462649 28.6088  
1.025 -1.59703 0.485841 27.152  
1.05 -1.07631 0.439838 25.775  
1.075 -0.697273 0.368972 24.4744  
1.1 -0.430712 0.29829 23.2443  
1.125 -0.248462 0.239624 22.0788  
1.15 -0.12644 0.196854 20.9734  
1.175 -0.0456168 0.169721 19.9241  
1.2 0.00821763 0.156268 18.9277  
1.225 0.0452303 0.154225 17.9814  
1.25 0.072479 0.161698 17.0825  
1.275 0.0947838 0.177438 16.2286  
1.3 0.115447 0.200896 15.4176  
1.325 0.136809 0.232188 14.6473  
1.35 0.160654 0.272053 13.9157  
1.375 0.188504 0.321819 13.2211  
1.4 0.221833 0.383421 12.5615  
1.425 0.26223 0.459454 11.9356  
1.45 0.311536 0.553282 11.3418  
1.475 0.371972 0.66919 10.779  
1.5 0.446277 0.812604 10.2463  
1.525 0.537858 0.990365 9.74304  
1.55 0.650985 1.2111 9.26921  
1.575 0.791013 1.48566 8.82546  
1.6 0.964674 1.8277 8.41356  
1.625 1.18043 2.25437 8.03696  
1.65 1.44892 2.78713 7.70164  
1.675 1.78347 3.45272 7.41752  
1.7 2.20078 4.28411 7.20059  
1.725 2.72161 5.32138 7.07627  
1.75 3.37156 6.612 7.08453  
1.775 4.18167 8.20965 7.28762  
1.8 5.18866 10.1697 7.78149  
1.825 6.43392 12.5381 8.71159  
1.85 7.95998 15.3272 10.2927  
1.875 9.80178 18.4677 12.8282  
1.9 11.9683 21.7238 16.7122  
1.925 14.4072 24.5581 22.3765  
1.95 16.9449 25.9696 30.103  
1.975 19.2011 24.4295 39.5992  
2 20.5082 18.2508 49.346  
