0 10 4 5  
0.0125 9.62282 6.60542 5.65321  
0.025 9.5595 9.05293 6.57071  
0.0375 9.76176 11.3798 7.76516  
0.05 10.1877 13.5957 9.26491  
0.0625 10.798 15.6803 11.1038  
0.075 11.5518 17.5817 13.3098  
0.0875 12.4037 19.2187 15.8922  
0.1 13.3019 20.4877 18.8281  
0.1125 14.188 21.2769 22.0503  
0.125 14.9991 21.4877 25.4429  
0.1375 15.6723 21.0585 28.8472  
0.15 16.1515 19.985 32.08  
0.1625 16.3935 18.3292 34.962  
0.175 16.3735 16.2136 37.3467  
0.1875 16.0876 13.8002 39.1433  
0.2 15.5516 11.2635 40.3248  
0.2125 14.7974 8.76372 40.9227  
0.225 13.8674 6.4279 41.0116  
0.2375 12.809 4.34186 40.6896  
0.25 11.6692 2.55082 40.0601  
0.2625 10.4911 1.06618 39.2195  
0.275 9.31153 -0.125145 38.2487  
0.2875 8.16008 -1.05155 37.2112  
0.3 7.05906 -1.74909 36.153  
0.3125 6.02406 -2.25594 35.1055  
0.325 5.06485 -2.60877 34.0881  
0.3375 4.18645 -2.84076 33.1117  
0.35 3.39011 -2.98067 32.1808  
0.3625 2.67424 -3.0527 31.2964  
0.375 2.03524 -3.07674 30.4567  
0.3875 1.46812 -3.06883 29.6589  
0.4 0.967033 -3.04168 28.8996  
0.4125 0.525666 -3.00527 28.1755  
0.425 0.13756 -2.96729 27.4833  
0.4375 -0.203682 -2.93362 26.8203  
0.45 -0.504241 -2.90871 26.184  
0.4625 -0.769978 -2.89587 25.5726  
0.475 -1.00638 -2.89759 24.9844  
0.4875 -1.21853 -2.9157 24.4184  
0.5 -1.41109 -2.95159 23.8736  
0.5125 -1.58834 -3.00634 23.3495  
0.525 -1.75417 -3.08084 22.8459  
0.5375 -1.91214 -3.17588 22.3628  
0.55 -2.06548 -3.29221 21.9003  
0.5625 -2.21716 -3.43062 21.4589  
0.575 -2.36991 -3.59192 21.0393  
0.5875 -2.52626 -3.77704 20.6425  
0.6 -2.68856 -3.987 20.2698  
0.6125 -2.85904 -4.22288 19.9226  
0.625 -3.0398 -4.48587 19.603  
0.6375 -3.23285 -4.7772 19.3132  
0.65 -3.44009 -5.09807 19.056  
0.6625 -3.66338 -5.44965 18.8347  
0.675 -3.90444 -5.83292 18.6531  
0.6875 -4.1649 -6.24859 18.5155  
0.7 -4.44623 -6.69692 18.427  
0.7125 -4.74972 -7.17756 18.3933  
0.725 -5.07634 -7.68929 18.4207  
0.7375 -5.42671 -8.22975 18.5161  
0.75 -5.80098 -8.79514 18.6867  
0.7625 -6.19864 -9.3799 18.94  
0.775 -6.61838 -9.97633 19.2832  
0.7875 -7.05794 -10.5744 19.7231  
0.8 -7.51388 -11.1614 20.2648  
0.8125 -7.98145 -11.7221 20.9115  
0.825 -8.45449 -12.2388 21.6633  
0.8375 -8.92531 -12.6919 22.5164  
0.85 -9.38483 -13.061 23.462  
0.8625 -9.82272 -13.3259 24.486  
0.875 -10.2278 -13.4683 25.5687  
0.8875 -10.5885 -13.474 26.685  
0.9 -10.8935 -13.3338 27.8055  
0.9125 -11.1326 -13.0457 28.8984  
0.925 -11.2974 -12.6152 29.9316  
0.9375 -11.3816 -12.0555 30.8749  
0.95 -11.3822 -11.3864 31.7024  
0.9625 -11.2989 -10.6329 32.3943  
0.975 -11.1349 -9.82281 32.938  
0.9875 -10.896 -8.98475 33.3285  
1 -10.5904 -8.14588 33.5677  
1.0125 -10.2282 -7.33019 33.6633  
1.025 -9.82031 -6.55742 33.6275  
1.0375 -9.37833 -5.8425 33.4756  
1.05 -8.91357 -5.19551 33.2238  
1.0625 -8.43675 -4.62214 32.8891  
1.075 -7.95758 -4.12425 32.4871  
1.0875 -7.4846 -3.70072 32.0325  
1.1 -7.02499 -3.34818 31.5381  
1.1125 -6.58464 -3.06177 31.0147  
1.125 -6.16809 -2.83576 30.4716  
1.1375 -5.77876 -2.66405 29.9161  
1.15 -5.41896 -2.54055 29.3544  
1.1625 -5.09012 -2.45948 28.7911  
1.175 -4.79294 -2.4155 28.23  
1.1875 -4.52749 -2.40389 27.6742  
1.2 -4.29339 -2.42054 27.126  
1.2125 -4.0899 -2.46199 26.5872  
1.225 -3.91607 -2.52542 26.0593  
1.2375 -3.77079 -2.6086 25.5437  
1.25 -3.65291 -2.70982 25.0414  
1.2625 -3.56124 -2.8279 24.5534  
1.275 -3.49467 -2.96207 24.0808  
1.2875 -3.45215 -3.11199 23.6245  
1.3 -3.43275 -3.27761 23.1855  
1.3125 -3.43569 -3.45919 22.7649  
1.325 -3.46031 -3.65726 22.364  
1.3375 -3.50611 -3.8725 21.9841  
1.35 -3.57274 -4.1058 21.6268  
1.3625 -3.66001 -4.35813 21.2938  
1.375 -3.76784 -4.63054 20.9872  
1.3875 -3.89631 -4.92407 20.7093  
1.4 -4.04558 -5.23973 20.4627  
1.4125 -4.21589 -5.57839 20.2505  
1.425 -4.40754 -5.94071 20.0759  
1.4375 -4.62082 -6.32701 19.9427  
1.45 -4.85597 -6.73718 19.8553  
1.4625 -5.11314 -7.17048 19.8181  
1.475 -5.39228 -7.62543 19.8362  
1.4875 -5.69309 -8.09956 19.9147  
1.5 -6.01488 -8.58925 20.0591  
1.5125 -6.35651 -9.08947 20.2744  
1.525 -6.71619 -9.59368 20.5657  
1.5375 -7.09146 -10.0936 20.937  
1.55 -7.47899 -10.5792 21.3912  
1.5625 -7.87451 -11.0387 21.9295  
1.575 -8.27279 -11.459 22.5508  
1.5875 -8.66756 -11.8257 23.2507  
1.6 -9.05164 -12.1243 24.022  
1.6125 -9.41706 -12.3404 24.8533  
1.625 -9.75534 -12.4615 25.7296  
1.6375 -10.0578 -12.4775 26.6325  
1.65 -10.316 -12.3819 27.5407  
1.6625 -10.5224 -12.1731 28.431  
1.675 -10.6703 -11.8542 29.2801  
1.6875 -10.7551 -11.4335 30.0656  
1.7 -10.7739 -10.9243 30.7676  
1.7125 -10.7261 -10.3431 31.3701  
1.725 -10.6131 -9.70945 31.8617  
1.7375 -10.4387 -9.0437 32.2358  
1.75 -10.2084 -8.36603 32.4911  
1.7625 -9.92918 -7.69514 32.6304  
1.775 -9.60897 -7.04728 32.6604  
1.7875 -9.25638 -6.43572 32.5903  
1.8 -8.88017 -5.87047 32.4311  
1.8125 -8.48886 -5.35838 32.1948  
1.825 -8.09047 -4.90334 31.8934  
1.8375 -7.69228 -4.50679 31.5383  
1.85 -7.30071 -4.16813 31.1401  
1.8625 -6.92121 -3.88523 30.7086  
1.875 -6.55829 -3.65493 30.2519  
1.8875 -6.21553 -3.47343 29.7773  
1.9 -5.89565 -3.33659 29.2909  
1.9125 -5.6006 -3.24023 28.7978  
1.925 -5.33168 -3.18033 28.3022  
1.9375 -5.08962 -3.15315 27.8076  
1.95 -4.8747 -3.15533 27.317  
1.9625 -4.68684 -3.18392 26.8327  
1.975 -4.52568 -3.23642 26.3569  
1.9875 -4.39069 -3.31077 25.8913  
2 -4.2812 -3.40533 25.4376  
