0
10 4 5  
0.003125
9.83906 4.68908 5.11222  
0.00625
9.70341 5.36241 5.24207  
0.009375
9.59183 6.02135 5.38887  
0.0125
9.5032 6.66716 5.55217  
0.015625
9.43647 7.30102 5.73165  
0.01875
9.39064 7.924 5.92714  
0.021875
9.36477 8.53709 6.13861  
0.025
9.358 9.14118 6.36614  
0.028125
9.36948 9.73705 6.60993  
0.03125
9.39845 10.3254 6.87025  
0.034375
9.44415 10.9067 7.14746  
0.0375
9.50589 11.4815 7.44202  
0.040625
9.58299 12.0502 7.75442  
0.04375
9.6748 12.6128 8.08522  
0.046875
9.78071 13.1697 8.43503  
0.05
9.9001 13.7207 8.80449  
0.053125
10.0324 14.2657 9.19427  
0.05625
10.177 14.8044 9.60507  
0.059375
10.3333 15.3365 10.0376  
0.0625
10.5009 15.8615 10.4925  
0.065625
10.679 16.3786 10.9705  
0.06875
10.8671 16.8871 11.4723  
0.071875
11.0647 17.3861 11.9985  
0.075
11.271 17.8744 12.5496  
0.078125
11.4855 18.3509 13.1262  
0.08125
11.7076 18.8142 13.7288  
0.084375
11.9366 19.2629 14.3576  
0.0875
12.1717 19.6954 15.0129  
0.090625
12.4122 20.1098 15.6948  
0.09375
12.6575 20.5044 16.4033  
0.096875
12.9065 20.8773 17.1383  
0.1
13.1587 21.2263 17.8992  
0.103125
13.4129 21.5494 18.6857  
0.10625
13.6684 21.8443 19.4969  
0.109375
13.9242 22.1089 20.3318  
0.1125
14.1792 22.3409 21.1893  
0.115625
14.4325 22.538 22.0679  
0.11875
14.683 22.698 22.9659  
0.121875
14.9296 22.8189 23.8812  
0.125
15.171 22.8985 24.8118  
0.128125
15.4063 22.9349 25.755  
0.13125
15.6342 22.9264 26.7082  
0.134375
15.8535 22.8713 27.6683  
0.1375
16.063 22.7684 28.6323  
0.140625
16.2616 22.6166 29.5966  
0.14375
16.4481 22.4151 30.5578  
0.146875
16.6213 22.1634 31.512  
0.15
16.7801 21.8615 32.4556  
0.153125
16.9234 21.5095 33.3844  
0.15625
17.0502 21.1081 34.2948  
0.159375
17.1595 20.6584 35.1827  
0.1625
17.2505 20.1618 36.0443  
0.165625
17.3223 19.62 36.8759  
0.16875
17.3742 19.0352 37.6739  
0.171875
17.4056 18.4101 38.4351  
0.175
17.416 17.7475 39.1562  
0.178125
17.4049 17.0505 39.8347  
0.18125
17.3721 16.3227 40.4679  
0.184375
17.3174 15.5676 41.0537  
0.1875
17.2408 14.7891 41.5906  
0.190625
17.1423 13.9913 42.0771  
0.19375
17.0222 13.1781 42.5124  
0.196875
16.8807 12.3537 42.896  
0.2
16.7184 11.5221 43.2278  
0.203125
16.5356 10.6874 43.5082  
0.20625
16.3331 9.85332 43.7377  
0.209375
16.1116 9.02369 43.9176  
0.2125
15.8719 8.20203 44.0491  
0.215625
15.615 7.39165 44.1339  
0.21875
15.3416 6.59561 44.1741  
0.221875
15.053 5.81671 44.1716  
0.225
14.7501 5.05746 44.1289  
0.228125
14.434 4.32007 44.0485  
0.23125
14.1059 3.60646 43.9329  
0.234375
13.7669 2.91826 43.7848  
0.2375
13.4181 2.25678 43.6069  
0.240625
13.0607 1.62309 43.4018  
0.24375
12.6958 1.01796 43.1724  
0.246875
12.3244 0.441903 42.9212  
0.25
11.9478 -0.10478 42.6507  
0.253125
11.5669 -0.622024 42.3634  
0.25625
11.1827 -1.10996 42.0617  
0.259375
10.7963 -1.56889 41.7479  
0.2625
10.4086 -1.99928 41.424  
0.265625
10.0204 -2.40173 41.0919  
0.26875
9.6326 -2.77696 40.7536  
0.271875
9.24598 -3.12579 40.4107  
0.275
8.86128 -3.4491 40.0648  
0.278125
8.47918 -3.74787 39.7173  
0.28125
8.10033 -4.0231 39.3694  
0.284375
7.72529 -4.27583 39.0223  
0.2875
7.35461 -4.50713 38.677  
0.290625
6.98877 -4.71809 38.3343  
0.29375
6.62821 -4.90978 37.9952  
0.296875
6.27332 -5.08327 37.6601  
0.3
5.92444 -5.23963 37.3298  
0.303125
5.58189 -5.37989 37.0047  
0.30625
5.24592 -5.50507 36.6852  
0.309375
4.91676 -5.61614 36.3715  
0.3125
4.59462 -5.71407 36.0641  
0.315625
4.27964 -5.79977 35.763  
0.31875
3.97195 -5.87411 35.4684  
0.321875
3.67165 -5.93794 35.1804  
0.325
3.37881 -5.99206 34.899  
0.328125
3.09347 -6.03724 34.6243  
0.33125
2.81566 -6.07418 34.3561  
0.334375
2.54538 -6.10358 34.0945  
0.3375
2.28261 -6.12609 33.8393  
0.340625
2.02731 -6.14232 33.5904  
0.34375
1.77943 -6.15283 33.3478  
0.346875
1.5389 -6.15816 33.1112  
0.35
1.30563 -6.15883 32.8806  
0.353125
1.07954 -6.1553 32.6557  
0.35625
0.860526 -6.14802 32.4365  
0.359375
0.648467 -6.13739 32.2226  
0.3625
0.443247 -6.12382 32.0141  
0.365625
0.244735 -6.10765 31.8106  
0.36875
0.052797 -6.08921 31.612  
0.371875
-0.132707 -6.06883 31.4181  
0.375
-0.311921 -6.04679 31.2289  
0.378125
-0.484995 -6.02335 31.044  
0.38125
-0.652079 -5.99877 30.8633  
0.384375
-0.813327 -5.97327 30.6867  
0.3875
-0.968896 -5.94708 30.514  
0.390625
-1.11894 -5.92038 30.345  
0.39375
-1.26362 -5.89335 30.1797  
0.396875
-1.40309 -5.86617 30.0178  
0.4
-1.53751 -5.83899 29.8592  
0.403125
-1.66704 -5.81196 29.7038  
0.40625
-1.79183 -5.78519 29.5515  
0.409375
-1.91204 -5.75881 29.4022  
0.4125
-2.02783 -5.73294 29.2557  
0.415625
-2.13934 -5.70767 29.1119  
0.41875
-2.24673 -5.6831 28.9707  
0.421875
-2.35014 -5.6593 28.8321  
0.425
-2.44972 -5.63636 28.6959  
0.428125
-2.54562 -5.61434 28.562  
0.43125
-2.63797 -5.59332 28.4304  
0.434375
-2.72692 -5.57333 28.3011  
0.4375
-2.81261 -5.55445 28.1738  
0.440625
-2.89515 -5.53671 28.0486  
0.44375
-2.9747 -5.52015 27.9254  
0.446875
-3.05137 -5.50482 27.8041  
0.45
-3.12529 -5.49074 27.6847  
0.453125
-3.19658 -5.47794 27.5671  
0.45625
-3.26537 -5.46646 27.4513  
0.459375
-3.33176 -5.45631 27.3373  
0.4625
-3.39587 -5.44751 27.2249  
0.465625
-3.45782 -5.44008 27.1142  
0.46875
-3.5177 -5.43404 27.0052  
0.471875
-3.57563 -5.42939 26.8977  
0.475
-3.63171 -5.42614 26.7919  
0.478125
-3.68603 -5.42431 26.6876  
0.48125
-3.73869 -5.42389 26.5848  
0.484375
-3.78979 -5.4249 26.4835  
0.4875
-3.83941 -5.42733 26.3837  
0.490625
-3.88765 -5.43119 26.2854  
0.49375
-3.93458 -5.43647 26.1886  
0.496875
-3.9803 -5.44318 26.0932  
0.5
-4.02487 -5.45131 25.9993  
0.503125
-4.06839 -5.46086 25.9068  
0.50625
-4.11092 -5.47182 25.8157  
0.509375
-4.15253 -5.48419 25.7261  
0.5125
-4.1933 -5.49796 25.6379  
0.515625
-4.2333 -5.51313 25.5512  
0.51875
-4.27258 -5.52968 25.4658  
0.521875
-4.31122 -5.54762 25.3819  
0.525
-4.34927 -5.56693 25.2995  
0.528125
-4.3868 -5.5876 25.2185  
0.53125
-4.42385 -5.60962 25.1389  
0.534375
-4.46049 -5.63299 25.0608  
0.5375
-4.49677 -5.65769 24.9841  
0.540625
-4.53274 -5.68371 24.909  
0.54375
-4.56844 -5.71104 24.8353  
0.546875
-4.60394 -5.73968 24.7631  
0.55
-4.63926 -5.7696 24.6924  
0.553125
-4.67446 -5.8008 24.6232  
0.55625
-4.70957 -5.83326 24.5556  
0.559375
-4.74465 -5.86698 24.4895  
0.5625
-4.77971 -5.90193 24.425  
0.565625
-4.81482 -5.93811 24.3621  
0.56875
-4.84999 -5.9755 24.3008  
0.571875
-4.88527 -6.0141 24.2411  
0.575
-4.92068 -6.05387 24.1831  
0.578125
-4.95626 -6.09482 24.1267  
0.58125
-4.99204 -6.13692 24.072  
0.584375
-5.02804 -6.18016 24.0189  
0.5875
-5.0643 -6.22452 23.9677  
0.590625
-5.10083 -6.26999 23.9181  
0.59375
-5.13767 -6.31655 23.8703  
0.596875
-5.17484 -6.36419 23.8244  
0.6
-5.21236 -6.41289 23.7802  
0.603125
-5.25024 -6.46262 23.7379  
0.60625
-5.28852 -6.51337 23.6974  
0.609375
-5.3272 -6.56513 23.6588  
0.6125
-5.36632 -6.61786 23.6222  
0.615625
-5.40587 -6.67156 23.5874  
0.61875
-5.44588 -6.72619 23.5547  
0.621875
-5.48636 -6.78174 23.5239  
0.625
-5.52732 -6.83818 23.4952  
0.628125
-5.56878 -6.89549 23.4685  
0.63125
-5.61075 -6.95364 23.4439  
0.634375
-5.65323 -7.01262 23.4214  
0.6375
-5.69623 -7.07238 23.4011  
0.640625
-5.73977 -7.1329 23.3829  
0.64375
-5.78384 -7.19416 23.3669  
0.646875
-5.82846 -7.25613 23.3531  
0.65
-5.87362 -7.31876 23.3415  
0.653125
-5.91933 -7.38204 23.3322  
0.65625
-5.96559 -7.44592 23.3253  
0.659375
-6.0124 -7.51037 23.3206  
0.6625
-6.05976 -7.57535 23.3183  
0.665625
-6.10767 -7.64083 23.3184  
0.66875
-6.15613 -7.70676 23.3209  
0.671875
-6.20513 -7.7731 23.3259  
0.675
-6.25466 -7.83982 23.3333  
0.678125
-6.30473 -7.90686 23.3432  
0.68125
-6.35532 -7.97418 23.3556  
0.684375
-6.40642 -8.04173 23.3705  
0.6875
-6.45803 -8.10947 23.388  
0.690625
-6.51013 -8.17733 23.408  
0.69375
-6.56271 -8.24528 23.4307  
0.696875
-6.61576 -8.31324 23.456  
0.7
-6.66926 -8.38117 23.4839  
0.703125
-6.72319 -8.44901 23.5144  
0.70625
-6.77754 -8.5167 23.5476  
0.709375
-6.83228 -8.58417 23.5835  
0.7125
-6.88741 -8.65136 23.6221  
0.715625
-6.94289 -8.71821 23.6633  
0.71875
-6.9987 -8.78464 23.7073  
0.721875
-7.05481 -8.85059 23.754  
0.725
-7.11121 -8.91599 23.8033  
0.728125
-7.16787 -8.98076 23.8554  
0.73125
-7.22474 -9.04483 23.9102  
0.734375
-7.28182 -9.10813 23.9676  
0.7375
-7.33905 -9.17057 24.0278  
0.740625
-7.39642 -9.23209 24.0906  
0.74375
-7.45388 -9.29258 24.1561  
0.746875
-7.51139 -9.35199 24.2242  
0.75
-7.56893 -9.41022 24.2949  
0.753125
-7.62646 -9.46719 24.3683  
0.75625
-7.68392 -9.52281 24.4441  
0.759375
-7.74129 -9.57701 24.5226  
0.7625
-7.79851 -9.62969 24.6035  
0.765625
-7.85555 -9.68077 24.6868  
0.76875
-7.91236 -9.73017 24.7726  
0.771875
-7.96889 -9.77779 24.8607  
0.775
-8.02509 -9.82355 24.9511  
0.778125
-8.08091 -9.86737 25.0438  
0.78125
-8.13632 -9.90916 25.1386  
0.784375
-8.19124 -9.94883 25.2356  
0.7875
-8.24564 -9.9863 25.3345  
0.790625
-8.29945 -10.0215 25.4355  
0.79375
-8.35263 -10.0543 25.5383  
0.796875
-8.40512 -10.0847 25.6429  
0.8
-8.45686 -10.1126 25.7492  
0.803125
-8.5078 -10.1379 25.8572  
0.80625
-8.55788 -10.1605 25.9666  
0.809375
-8.60705 -10.1804 26.0774  
0.8125
-8.65525 -10.1975 26.1896  
0.815625
-8.70241 -10.2118 26.3029  
0.81875
-8.7485 -10.2231 26.4173  
0.821875
-8.79343 -10.2314 26.5326  
0.825
-8.83717 -10.2368 26.6487  
0.828125
-8.87965 -10.239 26.7656  
0.83125
-8.92082 -10.2382 26.883  
0.834375
-8.96062 -10.2342 27.0008  
0.8375
-8.99899 -10.227 27.1189  
0.840625
-9.03589 -10.2166 27.2372  
0.84375
-9.07126 -10.203 27.3554  
0.846875
-9.10504 -10.1861 27.4735  
0.85
-9.13719 -10.166 27.5914  
0.853125
-9.16766 -10.1427 27.7088  
0.85625
-9.1964 -10.1161 27.8256  
0.859375
-9.22337 -10.0862 27.9417  
0.8625
-9.24851 -10.0532 28.0569  
0.865625
-9.2718 -10.0169 28.171  
0.86875
-9.29318 -9.9775 28.284  
0.871875
-9.31263 -9.93494 28.3957  
0.875
-9.3301 -9.88929 28.5058  
0.878125
-9.34557 -9.84059 28.6144  
0.88125
-9.35901 -9.78891 28.7212  
0.884375
-9.37038 -9.7343 28.8261  
0.8875
-9.37967 -9.67683 28.9289  
0.890625
-9.38685 -9.61658 29.0296  
0.89375
-9.3919 -9.55362 29.1279  
0.896875
-9.39481 -9.48804 29.2238  
0.9
-9.39557 -9.41993 29.3172  
0.903125
-9.39417 -9.34938 29.4078  
0.90625
-9.39061 -9.2765 29.4957  
0.909375
-9.38487 -9.20139 29.5807  
0.9125
-9.37697 -9.12416 29.6627  
0.915625
-9.36691 -9.04491 29.7415  
0.91875
-9.3547 -8.96378 29.8172  
0.921875
-9.34034 -8.88087 29.8896  
0.925
-9.32385 -8.79631 29.9587  
0.928125
-9.30526 -8.71023 30.0243  
0.93125
-9.28457 -8.62274 30.0865  
0.934375
-9.26183 -8.53399 30.1451  
0.9375
-9.23705 -8.4441 30.2  
0.940625
-9.21027 -8.35319 30.2514  
0.94375
-9.18151 -8.26141 30.2991  
0.946875
-9.15083 -8.16888 30.343  
0.95
-9.11825 -8.07573 30.3832  
0.953125
-9.08382 -7.9821 30.4197  
0.95625
-9.04759 -7.88811 30.4524  
0.959375
-9.0096 -7.7939 30.4813  
0.9625
-8.9699 -7.69958 30.5065  
0.965625
-8.92855 -7.60528 30.5279  
0.96875
-8.88559 -7.51112 30.5456  
0.971875
-8.8411 -7.41723 30.5595  
0.975
-8.79512 -7.32371 30.5697  
0.978125
-8.74771 -7.23069 30.5763  
0.98125
-8.69894 -7.13827 30.5792  
0.984375
-8.64887 -7.04656 30.5785  
0.9875
-8.59756 -6.95566 30.5743  
0.990625
-8.54508 -6.86566 30.5666  
0.99375
-8.49149 -6.77667 30.5555  
0.996875
-8.43686 -6.68878 30.5409  
1
-8.38126 -6.60206 30.5231  
1.00313
-8.32476 -6.51661 30.502  
1.00625
-8.26741 -6.4325 30.4777  
1.00938
-8.2093 -6.34979 30.4503  
1.0125
-8.15049 -6.26857 30.4198  
1.01563
-8.09105 -6.18889 30.3864  
1.01875
-8.03105 -6.11082 30.3501  
1.02188
-7.97054 -6.0344 30.3109  
1.025
-7.90961 -5.95969 30.269  
1.02813
-7.84831 -5.88674 30.2245  
1.03125
-7.78671 -5.81558 30.1774  
1.03438
-7.72488 -5.74626 30.1278  
1.0375
-7.66287 -5.6788 30.0758  
1.04063
-7.60076 -5.61324 30.0215  
1.04375
-7.53861 -5.54961 29.965  
1.04688
-7.47647 -5.48792 29.9063  
1.05
-7.4144 -5.42819 29.8455  
1.05313
-7.35246 -5.37045 29.7828  
1.05625
-7.29071 -5.3147 29.7181  
1.05938
-7.2292 -5.26094 29.6517  
1.0625
-7.16799 -5.20919 29.5835  
1.06563
-7.10712 -5.15945 29.5136  
1.06875
-7.04666 -5.11172 29.4421  
1.07188
-6.98664 -5.066 29.3692  
1.075
-6.92711 -5.02227 29.2948  
1.07813
-6.86812 -4.98054 29.2191  
1.08125
-6.80972 -4.9408 29.1421  
1.08438
-6.75194 -4.90303 29.0639  
1.0875
-6.69483 -4.86722 28.9846  
1.09063
-6.63842 -4.83336 28.9042  
1.09375
-6.58275 -4.80143 28.8228  
1.09688
-6.52787 -4.77141 28.7405  
1.1
-6.47379 -4.74329 28.6574  
1.10313
-6.42055 -4.71704 28.5734  
1.10625
-6.36819 -4.69265 28.4888  
1.10938
-6.31673 -4.67009 28.4034  
1.1125
-6.26621 -4.64935 28.3175  
1.11563
-6.21664 -4.63039 28.231  
1.11875
-6.16805 -4.6132 28.144  
1.12188
-6.12046 -4.59775 28.0566  
1.125
-6.0739 -4.58401 27.9688  
1.12813
-6.02839 -4.57197 27.8807  
1.13125
-5.98394 -4.5616 27.7923  
1.13438
-5.94058 -4.55288 27.7037  
1.1375
-5.89831 -4.54577 27.6149  
1.14063
-5.85716 -4.54026 27.5259  
1.14375
-5.81713 -4.53632 27.4369  
1.14688
-5.77825 -4.53393 27.3479  
1.15
-5.74051 -4.53306 27.2588  
1.15313
-5.70394 -4.53369 27.1698  
1.15625
-5.66855 -4.53579 27.0809  
1.15938
-5.63433 -4.53936 26.9921  
1.1625
-5.6013 -4.54435 26.9035  
1.16563
-5.56946 -4.55075 26.8151  
1.16875
-5.53883 -4.55854 26.727  
1.17188
-5.5094 -4.56769 26.6391  
1.175
-5.48118 -4.5782 26.5516  
1.17813
-5.45418 -4.59002 26.4644  
1.18125
-5.42839 -4.60316 26.3777  
1.18438
-5.40382 -4.61758 26.2913  
1.1875
-5.38047 -4.63328 26.2054  
1.19063
-5.35834 -4.65023 26.1201  
1.19375
-5.33743 -4.66841 26.0352  
1.19688
-5.31775 -4.68781 25.9509  
1.2
-5.29928 -4.70842 25.8672  
1.20313
-5.28204 -4.73021 25.7841  
1.20625
-5.26601 -4.75318 25.7017  
1.20938
-5.2512 -4.77731 25.62  
1.2125
-5.23761 -4.80258 25.539  
1.21563
-5.22523 -4.82898 25.4587  
1.21875
-5.21405 -4.85651 25.3792  
1.22188
-5.20409 -4.88514 25.3005  
1.225
-5.19532 -4.91488 25.2227  
1.22813
-5.18776 -4.94569 25.1457  
1.23125
-5.18139 -4.97759 25.0696  
1.23438
-5.17621 -5.01054 24.9945  
1.2375
-5.17222 -5.04456 24.9202  
1.24063
-5.16942 -5.07962 24.847  
1.24375
-5.16779 -5.11572 24.7748  
1.24688
-5.16734 -5.15285 24.7036  
1.25
-5.16805 -5.19099 24.6335  
1.25313
-5.16994 -5.23016 24.5644  
1.25625
-5.17298 -5.27032 24.4965  
1.25938
-5.17717 -5.31148 24.4298  
1.2625
-5.18252 -5.35364 24.3642  
1.26563
-5.18901 -5.39677 24.2998  
1.26875
-5.19665 -5.44088 24.2367  
1.27188
-5.20541 -5.48596 24.1749  
1.275
-5.21531 -5.532 24.1143  
1.27813
-5.22633 -5.579 24.0551  
1.28125
-5.23847 -5.62694 23.9972  
1.28438
-5.25172 -5.67582 23.9407  
1.2875
-5.26608 -5.72564 23.8857  
1.29063
-5.28155 -5.77638 23.8321  
1.29375
-5.29811 -5.82803 23.7799  
1.29688
-5.31576 -5.8806 23.7293  
1.3
-5.3345 -5.93407 23.6802  
1.30313
-5.35431 -5.98843 23.6327  
1.30625
-5.3752 -6.04367 23.5868  
1.30938
-5.39716 -6.09979 23.5426  
1.3125
-5.42018 -6.15677 23.5  
1.31563
-5.44425 -6.21461 23.4591  
1.31875
-5.46937 -6.27328 23.4199  
1.32188
-5.49554 -6.33279 23.3826  
1.325
-5.52274 -6.39312 23.347  
1.32813
-5.55096 -6.45425 23.3132  
1.33125
-5.58021 -6.51617 23.2813  
1.33438
-5.61048 -6.57887 23.2514  
1.3375
-5.64174 -6.64233 23.2233  
1.34063
-5.67401 -6.70653 23.1973  
1.34375
-5.70727 -6.77145 23.1732  
1.34688
-5.7415 -6.83709 23.1512  
1.35
-5.77671 -6.9034 23.1312  
1.35313
-5.81288 -6.97039 23.1134  
1.35625
-5.85001 -7.03801 23.0977  
1.35938
-5.88808 -7.10626 23.0842  
1.3625
-5.92708 -7.1751 23.0729  
1.36563
-5.967 -7.2445 23.0638  
1.36875
-6.00783 -7.31445 23.057  
1.37188
-6.04956 -7.3849 23.0526  
1.375
-6.09218 -7.45583 23.0504  
1.37813
-6.13566 -7.52721 23.0507  
1.38125
-6.18 -7.59899 23.0534  
1.38438
-6.22519 -7.67115 23.0585  
1.3875
-6.2712 -7.74364 23.0661  
1.39063
-6.31803 -7.81643 23.0762  
1.39375
-6.36565 -7.88947 23.0888  
1.39688
-6.41405 -7.96273 23.104  
1.4
-6.4632 -8.03614 23.1218  
1.40313
-6.51309 -8.10967 23.1422  
1.40625
-6.5637 -8.18326 23.1653  
1.40938
-6.61501 -8.25687 23.1911  
1.4125
-6.66699 -8.33044 23.2195  
1.41563
-6.71963 -8.40391 23.2506  
1.41875
-6.77289 -8.47722 23.2845  
1.42188
-6.82675 -8.55031 23.3212  
1.425
-6.88119 -8.62313 23.3606  
1.42813
-6.93617 -8.6956 23.4028  
1.43125
-6.99167 -8.76766 23.4478  
1.43438
-7.04766 -8.83924 23.4957  
1.4375
-7.1041 -8.91027 23.5463  
1.44063
-7.16096 -8.98068 23.5998  
1.44375
-7.21822 -9.05038 23.6561  
1.44688
-7.27583 -9.11931 23.7152  
1.45
-7.33375 -9.18737 23.7772  
1.45313
-7.39196 -9.2545 23.8419  
1.45625
-7.4504 -9.32061 23.9095  
1.45938
-7.50905 -9.38562 23.9799  
1.4625
-7.56784 -9.44943 24.053  
1.46563
-7.62676 -9.51197 24.1289  
1.46875
-7.68574 -9.57314 24.2075  
1.47188
-7.74474 -9.63286 24.2889  
1.475
-7.80372 -9.69103 24.3729  
1.47813
-7.86263 -9.74756 24.4595  
1.48125
-7.92141 -9.80236 24.5487  
1.48438
-7.98001 -9.85534 24.6405  
1.4875
-8.03838 -9.90641 24.7347  
1.49063
-8.09648 -9.95546 24.8314  
1.49375
-8.15423 -10.0024 24.9305  
1.49688
-8.2116 -10.0472 25.0319  
1.5
-8.26851 -10.0897 25.1355  
1.50313
-8.32491 -10.1298 25.2413  
1.50625
-8.38074 -10.1674 25.3491  
1.50938
-8.43595 -10.2025 25.459  
1.5125
-8.49047 -10.235 25.5707  
1.51563
-8.54424 -10.2648 25.6843  
1.51875
-8.59719 -10.2917 25.7995  
1.52188
-8.64927 -10.3158 25.9164  
1.525
-8.70041 -10.3369 26.0347  
1.52813
-8.75055 -10.3551 26.1544  
1.53125
-8.79963 -10.3701 26.2753  
1.53438
-8.84758 -10.3819 26.3974  
1.5375
-8.89434 -10.3906 26.5204  
1.54063
-8.93984 -10.396 26.6444  
1.54375
-8.98403 -10.398 26.769  
1.54688
-9.02684 -10.3968 26.8942  
1.55
-9.06821 -10.3921 27.0198  
1.55313
-9.10808 -10.3839 27.1457  
1.55625
-9.14639 -10.3723 27.2717  
1.55938
-9.18308 -10.3572 27.3977  
1.5625
-9.2181 -10.3387 27.5235  
1.56563
-9.25139 -10.3166 27.6489  
1.56875
-9.28289 -10.291 27.7739  
1.57188
-9.31255 -10.2619 27.8982  
1.575
-9.34033 -10.2293 28.0216  
1.57813
-9.36618 -10.1932 28.144  
1.58125
-9.39004 -10.1537 28.2653  
1.58438
-9.41188 -10.1108 28.3853  
1.5875
-9.43166 -10.0645 28.5038  
1.59063
-9.44933 -10.0148 28.6206  
1.59375
-9.46486 -9.96194 28.7357  
1.59688
-9.47823 -9.90584 28.8488  
1.6
-9.48939 -9.84661 28.9598  
1.60313
-9.49833 -9.78432 29.0685  
1.60625
-9.50501 -9.71905 29.1749  
1.60938
-9.50944 -9.65089 29.2787  
1.6125
-9.51157 -9.57994 29.3798  
1.61563
-9.51141 -9.5063 29.4781  
1.61875
-9.50895 -9.43007 29.5735  
1.62188
-9.50417 -9.35137 29.6658  
1.625
-9.49709 -9.27032 29.755  
1.62813
-9.48769 -9.18703 29.8409  
1.63125
-9.47599 -9.10163 29.9234  
1.63438
-9.462 -9.01425 30.0024  
1.6375
-9.44573 -8.92503 30.0779  
1.64063
-9.42719 -8.83409 30.1497  
1.64375
-9.40642 -8.74158 30.2178  
1.64688
-9.38342 -8.64764 30.2821  
1.65
-9.35824 -8.5524 30.3426  
1.65313
-9.3309 -8.45602 30.3991  
1.65625
-9.30144 -8.35864 30.4518  
1.65938
-9.26989 -8.26039 30.5004  
1.6625
-9.2363 -8.16142 30.5451  
1.66563
-9.20071 -8.06188 30.5857  
1.66875
-9.16317 -7.96191 30.6223  
1.67188
-9.12373 -7.86165 30.6549  
1.675
-9.08245 -7.76123 30.6834  
1.67813
-9.03937 -7.6608 30.7079  
1.68125
-8.99455 -7.56049 30.7283  
1.68438
-8.94806 -7.46042 30.7448  
1.6875
-8.89996 -7.36073 30.7573  
1.69063
-8.85031 -7.26154 30.7658  
1.69375
-8.79918 -7.16298 30.7705  
1.69688
-8.74663 -7.06515 30.7713  
1.7
-8.69274 -6.96818 30.7683  
1.70313
-8.63757 -6.87216 30.7615  
1.70625
-8.5812 -6.77721 30.751  
1.70938
-8.52369 -6.68342 30.737  
1.7125
-8.46512 -6.59089 30.7193  
1.71563
-8.40556 -6.4997 30.6982  
1.71875
-8.34509 -6.40995 30.6736  
1.72188
-8.28377 -6.3217 30.6458  
1.725
-8.22169 -6.23504 30.6146  
1.72813
-8.15891 -6.15003 30.5803  
1.73125
-8.09551 -6.06674 30.5429  
1.73438
-8.03157 -5.98523 30.5025  
1.7375
-7.96714 -5.90555 30.4591  
1.74063
-7.90231 -5.82775 30.4129  
1.74375
-7.83715 -5.75188 30.364  
1.74688
-7.77172 -5.67798 30.3125  
1.75
-7.70609 -5.60607 30.2584  
1.75313
-7.64034 -5.5362 30.2018  
1.75625
-7.57452 -5.46839 30.1428  
1.75938
-7.50871 -5.40266 30.0816  
1.7625
-7.44296 -5.33904 30.0182  
1.76563
-7.37734 -5.27753 29.9526  
1.76875
-7.31191 -5.21815 29.8851  
1.77188
-7.24673 -5.1609 29.8156  
1.775
-7.18185 -5.1058 29.7443  
1.77813
-7.11734 -5.05284 29.6712  
1.78125
-7.05324 -5.00202 29.5965  
1.78438
-6.9896 -4.95333 29.5202  
1.7875
-6.92649 -4.90678 29.4424  
1.79063
-6.86394 -4.86234 29.3632  
1.79375
-6.802 -4.82002 29.2826  
1.79688
-6.74072 -4.77979 29.2008  
1.8
-6.68014 -4.74163 29.1178  
1.80313
-6.62031 -4.70554 29.0337  
1.80625
-6.56125 -4.6715 28.9485  
1.80938
-6.50302 -4.63947 28.8624  
1.8125
-6.44563 -4.60945 28.7754  
1.81563
-6.38914 -4.5814 28.6876  
1.81875
-6.33357 -4.55531 28.599  
1.82188
-6.27895 -4.53115 28.5097  
1.825
-6.22531 -4.50889 28.4198  
1.82813
-6.17268 -4.48851 28.3294  
1.83125
-6.12109 -4.46998 28.2384  
1.83438
-6.07055 -4.45328 28.1469  
1.8375
-6.02109 -4.43837 28.0551  
1.84063
-5.97273 -4.42523 27.9629  
1.84375
-5.92549 -4.41384 27.8705  
1.84688
-5.87939 -4.40416 27.7778  
1.85
-5.83444 -4.39617 27.6849  
1.85313
-5.79067 -4.38983 27.5919  
1.85625
-5.74807 -4.38513 27.4988  
1.85938
-5.70668 -4.38204 27.4057  
1.8625
-5.66649 -4.38052 27.3125  
1.86563
-5.62753 -4.38056 27.2194  
1.86875
-5.58979 -4.38213 27.1264  
1.87188
-5.55328 -4.38519 27.0336  
1.875
-5.51802 -4.38974 26.9409  
1.87813
-5.48402 -4.39574 26.8484  
1.88125
-5.45126 -4.40316 26.7562  
1.88438
-5.41977 -4.412 26.6643  
1.8875
-5.38954 -4.42222 26.5727  
1.89063
-5.36058 -4.4338 26.4815  
1.89375
-5.33289 -4.44673 26.3906  
1.89688
-5.30646 -4.46097 26.3002  
1.9
-5.28132 -4.47652 26.2103  
1.90313
-5.25744 -4.49335 26.1209  
1.90625
-5.23483 -4.51145 26.032  
1.90938
-5.2135 -4.53079 25.9436  
1.9125
-5.19343 -4.55137 25.8559  
1.91563
-5.17464 -4.57316 25.7688  
1.91875
-5.15711 -4.59615 25.6823  
1.92188
-5.14084 -4.62032 25.5966  
1.925
-5.12584 -4.64566 25.5116  
1.92813
-5.11209 -4.67216 25.4273  
1.93125
-5.09959 -4.69981 25.3438  
1.93438
-5.08835 -4.72858 25.2611  
1.9375
-5.07835 -4.75848 25.1792  
1.94063
-5.0696 -4.78948 25.0982  
1.94375
-5.06209 -4.82158 25.0182  
1.94688
-5.0558 -4.85477 24.939  
1.95
-5.05075 -4.88904 24.8608  
1.95313
-5.04692 -4.92438 24.7835  
1.95625
-5.04431 -4.96078 24.7073  
1.95938
-5.04291 -4.99824 24.6321  
1.9625
-5.04273 -5.03674 24.558  
1.96563
-5.04374 -5.07628 24.485  
1.96875
-5.04596 -5.11685 24.4131  
1.97188
-5.04937 -5.15844 24.3424  
1.975
-5.05396 -5.20106 24.2728  
1.97813
-5.05974 -5.24468 24.2044  
1.98125
-5.0667 -5.28931 24.1373  
1.98438
-5.07483 -5.33494 24.0715  
1.9875
-5.08412 -5.38157 24.007  
1.99063
-5.09458 -5.42918 23.9437  
1.99375
-5.10619 -5.47777 23.8819  
1.99688
-5.11895 -5.52734 23.8214  
