0
10 4 5  
0.00625
9.625 5.4125 5.1875  
0.0125
9.36172 6.75099 5.44825  
0.01875
9.19855 8.02831 5.77515  
0.025
9.12541 9.25586 6.16452  
0.03125
9.13356 10.4434 6.61536  
0.0375
9.21542 11.5988 7.12883  
0.04375
9.36439 12.7285 7.70777  
0.05
9.57464 13.8366 8.35638  
0.05625
9.84101 14.9256 9.07993  
0.0625
10.1588 15.996 9.88445  
0.06875
10.5236 17.0462 10.7765  
0.075
10.9313 18.0725 11.763  
0.08125
11.3776 19.0689 12.8507  
0.0875
11.8583 20.027 14.046  
0.09375
12.3689 20.936 15.3547  
0.1
12.9043 21.7827 16.7813  
0.10625
13.4592 22.5514 18.3283  
0.1125
14.0275 23.224 19.9962  
0.11875
14.6022 23.7806 21.7824  
0.125
15.1759 24.1994 23.6804  
0.13125
15.7399 24.4578 25.6797  
0.1375
16.2847 24.5332 27.7647  
0.14375
16.8003 24.4038 29.9146  
0.15
17.2755 24.0503 32.1031  
0.15625
17.6989 23.4569 34.2986  
0.1625
18.0588 22.6136 36.4646  
0.16875
18.3435 21.5169 38.5612  
0.175
18.5418 20.1716 40.546  
0.18125
18.6437 18.5916 42.3768  
0.1875
18.6404 16.8002 44.0134  
0.19375
18.5254 14.8296 45.4205  
0.2
18.2944 12.7199 46.5698  
0.20625
17.946 10.5171 47.4421  
0.2125
17.4817 8.27072 48.0287  
0.21875
16.906 6.03068 48.332  
0.225
16.2263 3.84466 48.365  
0.23125
15.4525 1.75533 48.1504  
0.2375
14.5964 -0.201721 47.718  
0.24375
13.6715 -1.99928 47.1031  
0.25
12.6921 -3.61909 46.3435  
0.25625
11.6726 -5.05158 45.4771  
0.2625
10.6274 -6.29503 44.5401  
0.26875
9.56971 -7.3543 43.5653  
0.275
8.51196 -8.23931 42.5808  
0.28125
7.46501 -8.96351 41.6102  
0.2875
6.43823 -9.54249 40.6719  
0.29375
5.43943 -9.99276 39.7795  
0.3
4.47492 -10.3308 38.9426  
0.30625
3.54956 -10.5722 38.1669  
0.3125
2.66695 -10.7317 37.4552  
0.31875
1.82953 -10.8222 36.8082  
0.325
1.0388 -10.8553 36.2243  
0.33125
0.295416 -10.8409 35.701  
0.3375
-0.400602 -10.7873 35.2347  
0.34375
-1.04977 -10.7018 34.8213  
0.35
-1.65302 -10.5902 34.4563  
0.35625
-2.2116 -10.4573 34.135  
0.3625
-2.72695 -10.3071 33.8528  
0.36875
-3.20071 -10.1429 33.6053  
0.375
-3.6346 -9.96741 33.3882  
0.38125
-4.0304 -9.78272 33.1973  
0.3875
-4.38992 -9.59066 33.0287  
0.39375
-4.71497 -9.39274 32.879  
0.4
-5.00733 -9.19026 32.7448  
0.40625
-5.26876 -8.98433 32.6231  
0.4125
-5.50098 -8.77594 32.5112  
0.41875
-5.70567 -8.56599 32.4065  
0.425
-5.88444 -8.35532 32.3069  
0.43125
-6.03887 -8.1447 32.2103  
0.4375
-6.17048 -7.93488 32.1151  
0.44375
-6.28076 -7.72659 32.0197  
0.45
-6.37112 -7.52051 31.9228  
0.45625
-6.44296 -7.3173 31.8232  
0.4625
-6.49761 -7.11761 31.72  
0.46875
-6.53636 -6.92206 31.6126  
0.475
-6.56046 -6.73121 31.5002  
0.48125
-6.57113 -6.54562 31.3825  
0.4875
-6.56954 -6.3658 31.259  
0.49375
-6.55681 -6.1922 31.1296  
0.5
-6.53402 -6.02524 30.9943  
0.50625
-6.50222 -5.86531 30.8529  
0.5125
-6.46241 -5.71271 30.7056  
0.51875
-6.41556 -5.56772 30.5525  
0.525
-6.36257 -5.43058 30.3939  
0.53125
-6.30432 -5.30144 30.2299  
0.5375
-6.24164 -5.18044 30.0609  
0.54375
-6.17531 -5.06767 29.8872  
0.55
-6.10608 -4.96316 29.7092  
0.55625
-6.03465 -4.86691 29.5273  
0.5625
-5.96167 -4.77889 29.3418  
0.56875
-5.88774 -4.69902 29.153  
0.575
-5.81345 -4.62722 28.9616  
0.58125
-5.73931 -4.56337 28.7677  
0.5875
-5.66581 -4.50731 28.5718  
0.59375
-5.59341 -4.45889 28.3742  
0.6
-5.5225 -4.41794 28.1754  
0.60625
-5.45346 -4.38428 27.9757  
0.6125
-5.38664 -4.3577 27.7754  
0.61875
-5.32233 -4.33803 27.575  
0.625
-5.26081 -4.32505 27.3746  
0.63125
-5.20233 -4.31858 27.1746  
0.6375
-5.14709 -4.31843 26.9753  
0.64375
-5.0953 -4.3244 26.7771  
0.65
-5.04712 -4.33632 26.5801  
0.65625
-5.0027 -4.35401 26.3846  
0.6625
-4.96215 -4.3773 26.1909  
0.66875
-4.9256 -4.40605 25.9993  
0.675
-4.89313 -4.44011 25.81  
0.68125
-4.86481 -4.47933 25.6231  
0.6875
-4.84072 -4.5236 25.439  
0.69375
-4.8209 -4.57281 25.2579  
0.7
-4.8054 -4.62685 25.08  
0.70625
-4.79424 -4.68564 24.9054  
0.7125
-4.78745 -4.74908 24.7345  
0.71875
-4.78505 -4.8171 24.5674  
0.725
-4.78705 -4.88965 24.4044  
0.73125
-4.79347 -4.96667 24.2456  
0.7375
-4.80429 -5.04811 24.0914  
0.74375
-4.81953 -5.13392 23.9418  
0.75
-4.83918 -5.22408 23.7972  
0.75625
-4.86324 -5.31854 23.6577  
0.7625
-4.89169 -5.41728 23.5236  
0.76875
-4.92454 -5.52028 23.3952  
0.775
-4.96178 -5.62751 23.2727  
0.78125
-5.00338 -5.73894 23.1563  
0.7875
-5.04936 -5.85454 23.0463  
0.79375
-5.09968 -5.97428 22.943  
0.8
-5.15434 -6.09812 22.8466  
0.80625
-5.21333 -6.22602 22.7575  
0.8125
-5.27662 -6.35793 22.6759  
0.81875
-5.3442 -6.49378 22.6021  
0.825
-5.41605 -6.63349 22.5365  
0.83125
-5.49214 -6.77697 22.4793  
0.8375
-5.57244 -6.92412 22.4309  
0.84375
-5.65692 -7.0748 22.3917  
0.85
-5.74554 -7.22887 22.3619  
0.85625
-5.83825 -7.38615 22.342  
0.8625
-5.93499 -7.54644 22.3322  
0.86875
-6.03571 -7.70951 22.333  
0.875
-6.14032 -7.8751 22.3447  
0.88125
-6.24874 -8.04292 22.3676  
0.8875
-6.36088 -8.21262 22.4021  
0.89375
-6.47661 -8.38384 22.4486  
0.9
-6.59581 -8.55615 22.5073  
0.90625
-6.71834 -8.72911 22.5787  
0.9125
-6.84401 -8.90219 22.663  
0.91875
-6.97264 -9.07484 22.7605  
0.925
-7.10403 -9.24645 22.8715  
0.93125
-7.23793 -9.41637 22.9961  
0.9375
-7.37409 -9.58387 23.1347  
0.94375
-7.5122 -9.74821 23.2872  
0.95
-7.65195 -9.90856 23.4538  
0.95625
-7.79299 -10.064 23.6345  
0.9625
-7.93493 -10.2138 23.8292  
0.96875
-8.07736 -10.3568 24.0379  
0.975
-8.21982 -10.4921 24.2603  
0.98125
-8.36184 -10.6186 24.496  
0.9875
-8.50288 -10.7354 24.7448  
0.99375
-8.64242 -10.8413 25.006  
1
-8.77984 -10.9352 25.279  
1.00625
-8.91456 -11.0162 25.5631  
1.0125
-9.04591 -11.0831 25.8573  
1.01875
-9.17324 -11.135 26.1607  
1.025
-9.29585 -11.1709 26.4721  
1.03125
-9.41303 -11.1898 26.7902  
1.0375
-9.52408 -11.191 27.1136  
1.04375
-9.62827 -11.1739 27.4409  
1.05
-9.72487 -11.1377 27.7703  
1.05625
-9.81317 -11.082 28.1001  
1.0625
-9.89247 -11.0066 28.4285  
1.06875
-9.96211 -10.9113 28.7537  
1.075
-10.0214 -10.7962 29.0736  
1.08125
-10.0699 -10.6615 29.3864  
1.0875
-10.1068 -10.5076 29.6901  
1.09375
-10.1319 -10.3352 29.9827  
1.1
-10.1446 -10.145 30.2624  
1.10625
-10.1446 -9.93817 30.5274  
1.1125
-10.1317 -9.71581 30.7759  
1.11875
-10.1057 -9.47931 31.0064  
1.125
-10.0666 -9.23018 31.2176  
1.13125
-10.0143 -8.97005 31.4081  
1.1375
-9.94903 -8.70068 31.5769  
1.14375
-9.87101 -8.42389 31.7232  
1.15
-9.78056 -8.14154 31.8464  
1.15625
-9.67812 -7.85553 31.946  
1.1625
-9.56421 -7.56775 32.0218  
1.16875
-9.43943 -7.28004 32.0739  
1.175
-9.30447 -6.9942 32.1025  
1.18125
-9.16008 -6.71191 32.1079  
1.1875
-9.00707 -6.43478 32.0908  
1.19375
-8.8463 -6.16427 32.0519  
1.2
-8.67867 -5.90172 31.9921  
1.20625
-8.50511 -5.64829 31.9123  
1.2125
-8.32656 -5.40502 31.8137  
1.21875
-8.14397 -5.17277 31.6973  
1.225
-7.95827 -4.95225 31.5644  
1.23125
-7.77039 -4.74401 31.4161  
1.2375
-7.58124 -4.54846 31.2538  
1.24375
-7.39169 -4.36586 31.0787  
1.25
-7.20258 -4.19634 30.8919  
1.25625
-7.01469 -4.03993 30.6946  
1.2625
-6.82877 -3.89654 30.4881  
1.26875
-6.6455 -3.766 30.2733  
1.275
-6.46553 -3.64804 30.0513  
1.28125
-6.28944 -3.54235 29.823  
1.2875
-6.11775 -3.44855 29.5895  
1.29375
-5.95092 -3.36622 29.3515  
1.3
-5.78938 -3.29492 29.1098  
1.30625
-5.63347 -3.23417 28.8652  
1.3125
-5.48352 -3.18349 28.6182  
1.31875
-5.33977 -3.14241 28.3696  
1.325
-5.20243 -3.11043 28.1198  
1.33125
-5.07168 -3.0871 27.8695  
1.3375
-4.94765 -3.07194 27.619  
1.34375
-4.83041 -3.06452 27.3687  
1.35
-4.72005 -3.06443 27.1191  
1.35625
-4.61657 -3.07126 26.8705  
1.3625
-4.51999 -3.08465 26.6233  
1.36875
-4.43028 -3.10427 26.3776  
1.375
-4.3474 -3.12979 26.1339  
1.38125
-4.2713 -3.16093 25.8922  
1.3875
-4.2019 -3.19744 25.653  
1.39375
-4.13913 -3.2391 25.4163  
1.4
-4.08287 -3.28569 25.1824  
1.40625
-4.03305 -3.33706 24.9514  
1.4125
-3.98955 -3.39305 24.7236  
1.41875
-3.95227 -3.45353 24.4992  
1.425
-3.9211 -3.51842 24.2783  
1.43125
-3.89593 -3.58764 24.061  
1.4375
-3.87666 -3.66113 23.8476  
1.44375
-3.86319 -3.73886 23.6382  
1.45
-3.85542 -3.82081 23.433  
1.45625
-3.85326 -3.90697 23.2322  
1.4625
-3.85661 -3.99738 23.0359  
1.46875
-3.86541 -4.09205 22.8443  
1.475
-3.87958 -4.19103 22.6576  
1.48125
-3.89904 -4.29437 22.476  
1.4875
-3.92375 -4.40215 22.2997  
1.49375
-3.95365 -4.51443 22.1289  
1.5
-3.9887 -4.63129 21.9638  
1.50625
-4.02886 -4.75282 21.8047  
1.5125
-4.07411 -4.87912 21.6519  
1.51875
-4.12442 -5.01027 21.5054  
1.525
-4.17979 -5.14637 21.3658  
1.53125
-4.2402 -5.28751 21.2332  
1.5375
-4.30566 -5.43379 21.1079  
1.54375
-4.37616 -5.5853 20.9902  
1.55
-4.45174 -5.74212 20.8806  
1.55625
-4.53238 -5.90432 20.7794  
1.5625
-4.61813 -6.07195 20.6869  
1.56875
-4.70899 -6.24509 20.6036  
1.575
-4.805 -6.42374 20.5298  
1.58125
-4.90617 -6.60793 20.4661  
1.5875
-5.01253 -6.79765 20.4129  
1.59375
-5.1241 -6.99285 20.3707  
1.6
-5.2409 -7.19348 20.34  
1.60625
-5.36293 -7.39943 20.3214  
1.6125
-5.49021 -7.61056 20.3154  
1.61875
-5.62274 -7.82668 20.3226  
1.625
-5.76048 -8.04756 20.3436  
1.63125
-5.90343 -8.27292 20.3791  
1.6375
-6.05152 -8.5024 20.4296  
1.64375
-6.2047 -8.73559 20.4958  
1.65
-6.36288 -8.972 20.5783  
1.65625
-6.52595 -9.21107 20.6779  
1.6625
-6.69377 -9.45215 20.7951  
1.66875
-6.86617 -9.69449 20.9306  
1.675
-7.04294 -9.93728 21.085  
1.68125
-7.22383 -10.1796 21.2589  
1.6875
-7.40857 -10.4203 21.4527  
1.69375
-7.5968 -10.6583 21.6671  
1.7
-7.78814 -10.8924 21.9023  
1.70625
-7.98216 -11.1211 22.1587  
1.7125
-8.17835 -11.343 22.4365  
1.71875
-8.37614 -11.5565 22.7359  
1.725
-8.57491 -11.7599 23.0567  
1.73125
-8.77397 -11.9513 23.3987  
1.7375
-8.97255 -12.1289 23.7616  
1.74375
-9.16983 -12.2908 24.1448  
1.75
-9.36489 -12.4349 24.5474  
1.75625
-9.55677 -12.5593 24.9683  
1.7625
-9.74442 -12.6619 25.4064  
1.76875
-9.92677 -12.7407 25.86  
1.775
-10.1026 -12.7938 26.3272  
1.78125
-10.2708 -12.8195 26.8059  
1.7875
-10.4301 -12.816 27.2937  
1.79375
-10.5792 -12.782 27.788  
1.8
-10.7169 -12.7161 28.2858  
1.80625
-10.8419 -12.6175 28.784  
1.8125
-10.9528 -12.4855 29.2792  
1.81875
-11.0486 -12.3199 29.7679  
1.825
-11.1281 -12.1208 30.2465  
1.83125
-11.1901 -11.8888 30.7115  
1.8375
-11.2338 -11.6249 31.159  
1.84375
-11.2582 -11.3304 31.5858  
1.85
-11.2628 -11.0073 31.9882  
1.85625
-11.2468 -10.6578 32.3632  
1.8625
-11.21 -10.2845 32.7078  
1.86875
-11.1521 -9.89035 33.0195  
1.875
-11.0733 -9.47867 33.2961  
1.88125
-10.9736 -9.05289 33.5359  
1.8875
-10.8536 -8.61663 33.7376  
1.89375
-10.7138 -8.17357 33.9004  
1.9
-10.555 -7.72739 34.0239  
1.90625
-10.3783 -7.2817 34.1084  
1.9125
-10.1847 -6.83997 34.1544  
1.91875
-9.97569 -6.40547 34.1628  
1.925
-9.75255 -5.98119 34.1352  
1.93125
-9.51684 -5.56985 34.0731  
1.9375
-9.27015 -5.17381 33.9784  
1.94375
-9.01413 -4.79509 33.8535  
1.95
-8.75044 -4.43535 33.7005  
1.95625
-8.48075 -4.09587 33.5218  
1.9625
-8.20669 -3.77759 33.3199  
1.96875
-7.92987 -3.48111 33.0971  
1.975
-7.65183 -3.20673 32.8559  
1.98125
-7.37401 -2.95446 32.5986  
1.9875
-7.09779 -2.72406 32.3273  
1.99375
-6.82443 -2.51507 32.044  
