0
10 4 5  
0.0125
9.25 6.825 5.375  
0.025
8.94688 9.3557 6.02977  
0.0375
8.99798 11.6958 6.92533  
0.05
9.33521 13.92 8.06768  
0.0625
9.90831 16.0719 9.49031  
0.075
10.6788 18.1635 11.2436  
0.0875
11.6143 20.1732 13.3871  
0.1
12.6842 22.0425 15.9811  
0.1125
13.854 23.6726 19.0765  
0.125
15.0813 24.922 22.6991  
0.1375
16.3114 25.6098 26.8298  
0.15
17.4737 25.5283 31.3807  
0.1625
18.4805 24.4707 36.1721  
0.175
19.2293 22.2771 40.9207  
0.1875
19.6103 18.8929 45.2523  
0.2
19.5206 14.4277 48.7522  
0.2125
18.884 9.18366 51.0539  
0.225
17.6714 3.627 51.9453  
0.2375
15.9159 -1.70769 51.4479  
0.25
13.7129 -6.35126 49.8219  
0.2625
11.2049 -10.0124 47.4877  
0.275
8.55275 -12.6167 44.8982  
0.2875
5.90656 -14.2656 42.4269  
0.3
3.38505 -15.1524 40.3129  
0.3125
1.06786 -15.484 38.664  
0.325
-1.00113 -15.4328 37.4907  
0.3375
-2.80509 -15.1211 36.7465  
0.35
-4.34459 -14.6254 36.3581  
0.3625
-5.6297 -13.9887 36.2434  
0.375
-6.67458 -13.2338 36.3217  
0.3875
-7.49448 -12.374 36.5178  
0.4
-8.10442 -11.4214 36.7641  
0.4125
-8.51905 -10.3908 37.002  
0.425
-8.75302 -9.30231 37.1835  
0.4375
-8.82168 -8.18125 37.2717  
0.45
-8.74162 -7.05659 37.242  
0.4625
-8.53099 -5.9585 37.082  
0.475
-8.20943 -4.91553 36.7904  
0.4875
-7.79769 -3.95204 36.3751  
0.5
-7.31699 -3.08631 35.8509  
0.5125
-6.78815 -2.32967 35.2369  
0.525
-6.23084 -1.68649 34.5537  
0.5375
-5.6628 -1.15497 33.8212  
0.55
-5.09932 -0.728482 33.0574  
0.5625
-4.55296 -0.39701 32.2774  
0.575
-4.03347 -0.148613 31.493  
0.5875
-3.54786 0.0293585 30.7132  
0.6
-3.10071 0.149318 29.9441  
0.6125
-2.69446 0.222802 29.1897  
0.625
-2.3298 0.260087 28.4524  
0.6375
-2.00606 0.270012 27.7336  
0.65
-1.72155 0.259955 27.0335  
0.6625
-1.47387 0.235906 26.352  
0.675
-1.26014 0.202596 25.6889  
0.6875
-1.0773 0.163659 25.0435  
0.7
-0.922181 0.1218 24.4152  
0.7125
-0.791684 0.0789543 23.8034  
0.725
-0.682854 0.0364375 23.2075  
0.7375
-0.592943 -0.00492502 22.627  
0.75
-0.51944 -0.0446868 22.0614  
0.7625
-0.460096 -0.0826877 21.5101  
0.775
-0.41292 -0.118979 20.9729  
0.7875
-0.376177 -0.153762 20.4492  
0.8
-0.348376 -0.187346 19.9386  
0.8125
-0.328247 -0.220109 19.441  
0.825
-0.314729 -0.252476 18.9559  
0.8375
-0.306948 -0.2849 18.483  
0.85
-0.304192 -0.317854 18.022  
0.8625
-0.3059 -0.351822 17.5726  
0.875
-0.31164 -0.387295 17.1347  
0.8875
-0.321097 -0.42478 16.7078  
0.9
-0.334057 -0.464794 16.2918  
0.9125
-0.350399 -0.507874 15.8865  
0.925
-0.370084 -0.554583 15.4915  
0.9375
-0.393146 -0.605515 15.1068  
0.95
-0.419692 -0.661307 14.7321  
0.9625
-0.449894 -0.722646 14.3673  
0.975
-0.483988 -0.790279 14.0122  
0.9875
-0.522274 -0.865025 13.6666  
1
-0.565118 -0.947786 13.3306  
1.0125
-0.612952 -1.03956 13.0041  
1.025
-0.666278 -1.14147 12.6869  
1.0375
-0.725677 -1.25473 12.3793  
1.05
-0.791809 -1.38074 12.0812  
1.0625
-0.865426 -1.52104 11.7928  
1.075
-0.947378 -1.67736 11.5144  
1.0875
-1.03863 -1.85162 11.2464  
1.1
-1.14025 -2.04598 10.9893  
1.1125
-1.25346 -2.26286 10.7437  
1.125
-1.37964 -2.50495 10.5106  
1.1375
-1.5203 -2.77525 10.291  
1.15
-1.67717 -3.0771 10.0865  
1.1625
-1.85216 -3.41418 9.89884  
1.175
-2.04742 -3.79059 9.73042  
1.1875
-2.26531 -4.21077 9.58417  
1.2
-2.50849 -4.67961 9.4638  
1.2125
-2.77988 -5.20234 9.37394  
1.225
-3.08269 -5.78454 9.32036  
1.2375
-3.42042 -6.43202 9.31025  
1.25
-3.79687 -7.15071 9.3525  
1.2625
-4.2161 -7.94635 9.45807  
1.275
-4.68238 -8.8242 9.6404  
1.2875
-5.20011 -9.78848 9.91587  
1.3
-5.77366 -10.8416 10.3042  
1.3125
-6.40715 -11.9832 10.8291  
1.325
-7.10416 -13.2086 11.5181  
1.3375
-7.86722 -14.5072 12.4031  
1.35
-8.69721 -15.8596 13.5196  
1.3625
-9.59251 -17.2356 14.9058  
1.375
-10.5479 -18.5902 16.5998  
1.3875
-11.5532 -19.861 18.6359  
1.4
-12.5917 -20.965 21.0383  
1.4125
-13.6383 -21.7987 23.8121  
1.425
-14.6584 -22.2402 26.933  
1.4375
-15.6061 -22.1577 30.3348  
1.45
-16.425 -21.4252 33.8988  
1.4625
-17.0501 -19.9463 37.4502  
1.475
-17.4121 -17.6829 40.7651  
1.4875
-17.4459 -14.6835 43.5946  
1.5
-17.1006 -11.0992 45.7069  
1.5125
-16.3505 -7.17547 46.9367  
1.525
-15.2036 -3.21547 47.2298  
1.5375
-13.7051 0.479255 46.6602  
1.55
-11.932 3.67 45.4116  
1.5625
-9.98178 6.22107 43.7289  
1.575
-7.95642 8.10583 41.8595  
1.5875
-5.94864 9.38291 40.0068  
1.6
-4.0322 10.1584 38.3089  
1.6125
-2.25837 10.551 36.8392  
1.625
-0.657193 10.6687 35.6204  
1.6375
0.758541 10.5979 34.6422  
1.65
1.98846 10.4025 33.8767  
1.6625
3.04021 10.1264 33.2883  
1.675
3.92598 9.79882 32.8409  
1.6875
4.66009 9.43876 32.5008  
1.7
5.25742 9.0586 32.2381  
1.7125
5.73257 8.66686 32.0274  
1.725
6.09936 8.26993 31.8478  
1.7375
6.37068 7.87319 31.6821  
1.75
6.55849 7.48156 31.517  
1.7625
6.67387 7.09971 31.3424  
1.775
6.7271 6.73212 31.1512  
1.7875
6.72773 6.38299 30.9385  
1.8
6.68464 6.05609 30.7018  
1.8125
6.60607 5.75463 30.4403  
1.825
6.49964 5.48119 30.1545  
1.8375
6.37233 5.23763 29.8459  
1.85
6.23049 5.02512 29.517  
1.8625
6.07982 4.84416 29.1704  
1.875
5.92537 4.69466 28.8093  
1.8875
5.77153 4.57603 28.4368  
1.9
5.62209 4.48732 28.056  
1.9125
5.48024 4.42729 27.67  
1.925
5.34863 4.39456 27.2815  
1.9375
5.22937 4.38766 26.8933  
1.95
5.12415 4.40516 26.5078  
1.9625
5.03428 4.44568 26.1272  
1.975
4.96071 4.50796 25.7538  
1.9875
4.90411 4.59089 25.3895  
2
4.86496 4.69354 25.0362  
