0 10 4 5  
0.00625 9.72641 5.34897 5.25942  
0.0125 9.54513 6.64459 5.58599  
0.01875 9.4481 7.89569 5.97752  
0.025 9.42819 9.10956 6.43389  
0.03125 9.47899 10.2919 6.95666  
0.0375 9.59475 11.4468 7.54873  
0.04375 9.77014 12.5764 8.21401  
0.05 10.0002 13.6811 8.95713  
0.05625 10.2801 14.7593 9.78314  
0.0625 10.6053 15.8074 10.6972  
0.06875 10.9708 16.8196 11.7042  
0.075 11.3718 17.7882 12.8083  
0.08125 11.8031 18.7031 14.0129  
0.0875 12.2589 19.5524 15.3195  
0.09375 12.7333 20.3225 16.7277  
0.1 13.2194 20.9981 18.2347  
0.10625 13.7102 21.563 19.8344  
0.1125 14.1979 22.0007 21.5177  
0.11875 14.6742 22.2951 23.2716  
0.125 15.1305 22.4311 25.0793  
0.13125 15.5579 22.396 26.9205  
0.1375 15.9474 22.1805 28.7717  
0.14375 16.2905 21.779 30.6065  
0.15 16.5787 21.1909 32.3973  
0.15625 16.8048 20.421 34.1157  
0.1625 16.9621 19.4793 35.734  
0.16875 17.0456 18.3814 37.227  
0.175 17.0516 17.1475 38.5723  
0.18125 16.9781 15.8017 39.7521  
0.1875 16.8247 14.3708 40.7539  
0.19375 16.5928 12.883 41.5703  
0.2 16.2854 11.3666 42.1997  
0.20625 15.9068 9.84903 42.6458  
0.2125 15.4626 8.35523 42.9168  
0.21875 14.9593 6.9073 43.0248  
0.225 14.4043 5.52375 42.9848  
0.23125 13.8052 4.21922 42.8136  
0.2375 13.1698 3.00452 42.5293  
0.24375 12.5061 1.88672 42.1499  
0.25 11.8216 0.869574 41.693  
0.25625 11.1235 -0.0460985 41.1751  
0.2625 10.4185 -0.861907 40.6114  
0.26875 9.71262 -1.58139 40.0152  
0.275 9.01132 -2.20954 39.3982  
0.28125 8.31933 -2.75236 38.7705  
0.2875 7.64076 -3.2165 38.1402  
0.29375 6.97901 -3.60892 37.5138  
0.3 6.33691 -3.93668 36.8967  
0.30625 5.7167 -4.20668 36.2927  
0.3125 5.1201 -4.42558 35.7048  
0.31875 4.54835 -4.59965 35.1349  
0.325 4.00228 -4.73476 34.5841  
0.33125 3.48237 -4.83628 34.0532  
0.3375 2.98875 -4.90912 33.5422  
0.34375 2.52131 -4.95773 33.051  
0.35 2.0797 -4.98608 32.5789  
0.35625 1.66338 -4.99774 32.1254  
0.3625 1.27166 -4.99584 31.6896  
0.36875 0.903729 -4.98316 31.2705  
0.375 0.558676 -4.96216 30.8674  
0.38125 0.235521 -4.93497 30.4791  
0.3875 -0.0667712 -4.90344 30.1048  
0.39375 -0.349267 -4.8692 29.7437  
0.4 -0.613054 -4.83365 29.3948  
0.40625 -0.859227 -4.79798 29.0573  
0.4125 -1.08887 -4.76324 28.7306  
0.41875 -1.30308 -4.73031 28.4139  
0.425 -1.50289 -4.69993 28.1068  
0.43125 -1.68935 -4.67275 27.8085  
0.4375 -1.86347 -4.64929 27.5187  
0.44375 -2.02621 -4.63002 27.2368  
0.45 -2.17851 -4.6153 26.9626  
0.45625 -2.32127 -4.60544 26.6958  
0.4625 -2.45535 -4.60069 26.4359  
0.46875 -2.58158 -4.60125 26.1829  
0.475 -2.70074 -4.60729 25.9364  
0.48125 -2.81357 -4.61892 25.6964  
0.4875 -2.92079 -4.63626 25.4628  
0.49375 -3.02306 -4.65938 25.2354  
0.5 -3.12102 -4.68832 25.0142  
0.50625 -3.21526 -4.72312 24.7991  
0.5125 -3.30635 -4.76381 24.5901  
0.51875 -3.39482 -4.8104 24.3874  
0.525 -3.48118 -4.86288 24.1908  
0.53125 -3.56589 -4.92126 24.0005  
0.5375 -3.6494 -4.98553 23.8165  
0.54375 -3.73212 -5.05565 23.6389  
0.55 -3.81444 -5.13163 23.4679  
0.55625 -3.89674 -5.21342 23.3036  
0.5625 -3.97934 -5.30101 23.1461  
0.56875 -4.06258 -5.39436 22.9956  
0.575 -4.14675 -5.49344 22.8523  
0.58125 -4.23213 -5.59821 22.7165  
0.5875 -4.31898 -5.70861 22.5882  
0.59375 -4.40754 -5.8246 22.4678  
0.6 -4.49805 -5.94612 22.3555  
0.60625 -4.5907 -6.0731 22.2516  
0.6125 -4.68568 -6.20545 22.1564  
0.61875 -4.78318 -6.34307 22.0702  
0.625 -4.88334 -6.48587 21.9932  
0.63125 -4.9863 -6.63371 21.9259  
0.6375 -5.09219 -6.78644 21.8685  
0.64375 -5.20111 -6.94388 21.8214  
0.65 -5.31316 -7.10585 21.7851  
0.65625 -5.42839 -7.27211 21.7598  
0.6625 -5.54686 -7.44241 21.746  
0.66875 -5.6686 -7.61645 21.744  
0.675 -5.79362 -7.79389 21.7543  
0.68125 -5.9219 -7.97437 21.7773  
0.6875 -6.0534 -8.15745 21.8132  
0.69375 -6.18806 -8.34268 21.8626  
0.7 -6.3258 -8.52952 21.9258  
0.70625 -6.46648 -8.71741 22.003  
0.7125 -6.60996 -8.90571 22.0948  
0.71875 -6.75607 -9.09372 22.2012  
0.725 -6.90458 -9.28072 22.3227  
0.73125 -7.05524 -9.46587 22.4594  
0.7375 -7.20777 -9.64832 22.6114  
0.74375 -7.36185 -9.82714 22.7788  
0.75 -7.51712 -10.0013 22.9616  
0.75625 -7.67316 -10.1699 23.1599  
0.7625 -7.82955 -10.3317 23.3733  
0.76875 -7.9858 -10.4857 23.6016  
0.775 -8.14138 -10.6307 23.8445  
0.78125 -8.29575 -10.7656 24.1014  
0.7875 -8.4483 -10.8891 24.3717  
0.79375 -8.5984 -11.0001 24.6547  
0.8 -8.74541 -11.0975 24.9494  
0.80625 -8.88863 -11.1801 25.2548  
0.8125 -9.02736 -11.247 25.5698  
0.81875 -9.16086 -11.297 25.8929  
0.825 -9.28842 -11.3294 26.2228  
0.83125 -9.4093 -11.3433 26.5579  
0.8375 -9.52275 -11.3381 26.8965  
0.84375 -9.62808 -11.3133 27.2369  
0.85 -9.72458 -11.2686 27.577  
0.85625 -9.81159 -11.2038 27.9151  
0.8625 -9.88849 -11.1189 28.2492  
0.86875 -9.9547 -11.0141 28.5772  
0.875 -10.0097 -10.8899 28.8973  
0.88125 -10.0531 -10.7469 29.2075  
0.8875 -10.0844 -10.5858 29.5058  
0.89375 -10.1034 -10.4077 29.7907  
0.9 -10.1099 -10.2137 30.0603  
0.90625 -10.1037 -10.0051 30.3132  
0.9125 -10.0849 -9.78332 30.548  
0.91875 -10.0534 -9.54999 30.7635  
0.925 -10.0095 -9.30673 30.9587  
0.93125 -9.95338 -9.05524 31.1329  
0.9375 -9.88537 -8.79728 31.2853  
0.94375 -9.80591 -8.5346 31.4157  
0.95 -9.71551 -8.26895 31.5238  
0.95625 -9.61471 -8.00203 31.6095  
0.9625 -9.50417 -7.7355 31.6731  
0.96875 -9.38457 -7.47092 31.7148  
0.975 -9.25664 -7.20976 31.7353  
0.98125 -9.12115 -6.95338 31.735  
0.9875 -8.97891 -6.70302 31.7147  
0.99375 -8.83073 -6.4598 31.6753  
1 -8.67743 -6.2247 31.6177  
1.00625 -8.51985 -5.99856 31.5428  
1.0125 -8.35881 -5.78209 31.4517  
1.01875 -8.1951 -5.57589 31.3455  
1.025 -8.02953 -5.38041 31.2252  
1.03125 -7.86285 -5.19599 31.0919  
1.0375 -7.6958 -5.02286 30.9466  
1.04375 -7.52905 -4.86117 30.7905  
1.05 -7.36328 -4.71095 30.6245  
1.05625 -7.1991 -4.57215 30.4496  
1.0625 -7.03707 -4.44468 30.2668  
1.06875 -6.87774 -4.32835 30.0769  
1.075 -6.72157 -4.22294 29.8808  
1.08125 -6.56902 -4.1282 29.6793  
1.0875 -6.42048 -4.04381 29.4731  
1.09375 -6.2763 -3.96946 29.263  
1.1 -6.1368 -3.90479 29.0497  
1.10625 -6.00225 -3.84946 28.8337  
1.1125 -5.87289 -3.8031 28.6156  
1.11875 -5.74892 -3.76534 28.3959  
1.125 -5.6305 -3.73582 28.1752  
1.13125 -5.51778 -3.7142 27.9538  
1.1375 -5.41085 -3.70013 27.7323  
1.14375 -5.30982 -3.69327 27.511  
1.15 -5.21473 -3.69332 27.2902  
1.15625 -5.12563 -3.69998 27.0704  
1.1625 -5.04253 -3.71296 26.8518  
1.16875 -4.96544 -3.732 26.6347  
1.175 -4.89435 -3.75688 26.4193  
1.18125 -4.82923 -3.78735 26.2061  
1.1875 -4.77005 -3.82323 25.9951  
1.19375 -4.71678 -3.86432 25.7867  
1.2 -4.66935 -3.91048 25.5811  
1.20625 -4.62771 -3.96154 25.3784  
1.2125 -4.59181 -4.01739 25.179  
1.21875 -4.56158 -4.07792 24.9829  
1.225 -4.53696 -4.14304 24.7905  
1.23125 -4.51788 -4.21266 24.602  
1.2375 -4.50429 -4.28672 24.4174  
1.24375 -4.4961 -4.36518 24.2371  
1.25 -4.49327 -4.44799 24.0613  
1.25625 -4.49573 -4.53512 23.8901  
1.2625 -4.50343 -4.62657 23.7238  
1.26875 -4.51631 -4.72231 23.5625  
1.275 -4.53431 -4.82235 23.4066  
1.28125 -4.55739 -4.92668 23.2562  
1.2875 -4.5855 -5.0353 23.1116  
1.29375 -4.6186 -5.14823 22.9731  
1.3 -4.65666 -5.26548 22.8408  
1.30625 -4.69962 -5.38704 22.7151  
1.3125 -4.74746 -5.51292 22.5962  
1.31875 -4.80015 -5.64312 22.4845  
1.325 -4.85765 -5.77763 22.3801  
1.33125 -4.91993 -5.91644 22.2835  
1.3375 -4.98696 -6.0595 22.195  
1.34375 -5.05872 -6.20678 22.1148  
1.35 -5.13516 -6.35822 22.0433  
1.35625 -5.21625 -6.51374 21.9809  
1.3625 -5.30196 -6.67325 21.9279  
1.36875 -5.39223 -6.83661 21.8848  
1.375 -5.48702 -7.00368 21.8518  
1.38125 -5.58627 -7.17429 21.8294  
1.3875 -5.68991 -7.3482 21.818  
1.39375 -5.79787 -7.52519 21.818  
1.4 -5.91005 -7.70495 21.8297  
1.40625 -6.02635 -7.88716 21.8536  
1.4125 -6.14665 -8.07143 21.89  
1.41875 -6.27081 -8.25735 21.9394  
1.425 -6.39867 -8.44444 22.0021  
1.43125 -6.53005 -8.63217 22.0784  
1.4375 -6.66475 -8.81994 22.1687  
1.44375 -6.80254 -9.00713 22.2732  
1.45 -6.94316 -9.19302 22.3923  
1.45625 -7.08631 -9.37685 22.526  
1.4625 -7.2317 -9.55782 22.6746  
1.46875 -7.37895 -9.73503 22.838  
1.475 -7.52769 -9.90758 23.0165  
1.48125 -7.6775 -10.0745 23.2098  
1.4875 -7.82793 -10.2347 23.4178  
1.49375 -7.97847 -10.3872 23.6402  
1.5 -8.12861 -10.5308 23.8768  
1.50625 -8.27778 -10.6645 24.1269  
1.5125 -8.4254 -10.7872 24.3901  
1.51875 -8.57083 -10.8977 24.6655  
1.525 -8.71342 -10.995 24.9524  
1.53125 -8.85251 -11.0779 25.2497  
1.5375 -8.98739 -11.1455 25.5563  
1.54375 -9.11736 -11.1969 25.871  
1.55 -9.2417 -11.2311 26.1923  
1.55625 -9.35968 -11.2474 26.5187  
1.5625 -9.4706 -11.2453 26.8488  
1.56875 -9.57375 -11.2242 27.1806  
1.575 -9.66846 -11.1837 27.5125  
1.58125 -9.75406 -11.1238 27.8426  
1.5875 -9.82997 -11.0444 28.169  
1.59375 -9.8956 -10.9457 28.4899  
1.6 -9.95045 -10.828 28.8032  
1.60625 -9.99407 -10.6921 29.1073  
1.6125 -10.0261 -10.5385 29.4001  
1.61875 -10.0462 -10.3682 29.6801  
1.625 -10.0542 -10.1823 29.9457  
1.63125 -10.05 -9.98199 30.1952  
1.6375 -10.0334 -9.76871 30.4274  
1.64375 -10.0046 -9.54391 30.6412  
1.65 -9.96372 -9.30916 30.8355  
1.65625 -9.91092 -9.06608 31.0094  
1.6625 -9.84653 -8.81636 31.1625  
1.66875 -9.77095 -8.56168 31.2941  
1.675 -9.68464 -8.30373 31.4042  
1.68125 -9.58815 -8.04415 31.4926  
1.6875 -9.48205 -7.78456 31.5594  
1.69375 -9.36702 -7.52647 31.605  
1.7 -9.24374 -7.27132 31.6297  
1.70625 -9.11296 -7.02045 31.6342  
1.7125 -8.97544 -6.7751 31.619  
1.71875 -8.83196 -6.53636 31.585  
1.725 -8.68333 -6.30521 31.533  
1.73125 -8.53034 -6.08251 31.464  
1.7375 -8.37379 -5.86899 31.3789  
1.74375 -8.21447 -5.66525 31.2788  
1.75 -8.05313 -5.47177 31.1646  
1.75625 -7.89053 -5.28892 31.0375  
1.7625 -7.72738 -5.11696 30.8984  
1.76875 -7.56436 -4.95605 30.7483  
1.775 -7.40212 -4.80626 30.5883  
1.78125 -7.24126 -4.6676 30.4193  
1.7875 -7.08236 -4.53997 30.2423  
1.79375 -6.92594 -4.42324 30.058  
1.8 -6.77249 -4.31721 29.8674  
1.80625 -6.62244 -4.22165 29.6713  
1.8125 -6.4762 -4.13629 29.4703  
1.81875 -6.33412 -4.06082 29.2652  
1.825 -6.19652 -3.99492 29.0568  
1.83125 -6.06368 -3.93827 28.8454  
1.8375 -5.93584 -3.89051 28.6319  
1.84375 -5.81322 -3.85131 28.4166  
1.85 -5.69599 -3.8203 28.2001  
1.85625 -5.5843 -3.79717 27.9828  
1.8625 -5.47826 -3.78157 27.7653  
1.86875 -5.37796 -3.77319 27.5477  
1.875 -5.28347 -3.77172 27.3306  
1.88125 -5.19485 -3.77687 27.1143  
1.8875 -5.11212 -3.78837 26.8991  
1.89375 -5.03528 -3.80595 26.6854  
1.9 -4.96435 -3.82939 26.4733  
1.90625 -4.8993 -3.85846 26.2631  
1.9125 -4.8401 -3.89296 26.0552  
1.91875 -4.78672 -3.93271 25.8497  
1.925 -4.73913 -3.97755 25.6469  
1.93125 -4.69725 -4.02733 25.4471  
1.9375 -4.66106 -4.08191 25.2504  
1.94375 -4.63048 -4.1412 25.057  
1.95 -4.60546 -4.2051 24.8672  
1.95625 -4.58593 -4.27351 24.6812  
1.9625 -4.57184 -4.34638 24.4991  
1.96875 -4.56312 -4.42365 24.3213  
1.975 -4.55972 -4.50527 24.1478  
1.98125 -4.56157 -4.59121 23.979  
1.9875 -4.56862 -4.68145 23.815  
1.99375 -4.58082 -4.77597 23.656  
