0 10 4 5  
0.05 9.84154 13.7179 8.6098  
0.1 13.1233 21.419 17.5135  
0.15 16.971 22.5541 32.3878  
0.2 16.3885 11.5604 43.0201  
0.25 12.1806 1.79657 43.0197  
0.3 7.50512 -5.58043 38.9035  
0.35 1.40104 -7.09743 33.6422  
0.4 -2.29263 -6.64068 30.3872  
0.45 -3.88834 -6.29667 28.8454  
0.5 -4.55063 -6.05375 27.3733  
0.55 -5.14378 -6.05464 26.1249  
0.6 -5.57923 -6.3591 25.1937  
0.65 -5.98481 -6.93909 24.6299  
0.7 -6.50823 -7.66413 24.4559  
0.75 -7.13799 -8.42709 24.7387  
0.8 -7.79104 -9.07283 25.5032  
0.85 -8.37355 -9.39513 26.6475  
0.9 -8.75582 -9.23163 27.9294  
0.95 -8.81521 -8.56931 29.0135  
1 -8.51727 -7.5832 29.5987  
1.05 -7.93572 -6.5598 29.5564  
1.1 -7.21749 -5.75559 28.9587  
1.15 -6.53055 -5.30238 27.9984  
1.2 -6.01035 -5.21061 26.8867  
1.25 -5.73005 -5.432 25.7999  
1.3 -5.70783 -5.91291 24.8768  
1.35 -5.93213 -6.60768 24.2352  
1.4 -6.37748 -7.46108 23.9857  
1.45 -7.00052 -8.37765 24.2266  
1.5 -7.72335 -9.19362 25.0101  
1.55 -8.41855 -9.67996 26.275  
1.6 -8.91745 -9.61747 27.7814  
1.65 -9.0624 -8.93763 29.1327  
1.7 -8.78577 -7.81559 29.9376  
1.75 -8.15133 -6.59661 30.0026  
1.8 -7.32539 -5.60978 29.3915  
1.85 -6.5097 -5.02942 28.3315  
1.9 -5.8716 -4.86843 27.0756  
1.95 -5.50238 -5.06143 25.8264  
2 -5.42298 -5.54193 24.7339  
