0
10 4 5  
0.025
9.28595 9.17406 6.29754  
0.05
9.79778 13.7576 8.6517  
0.075
11.1655 17.9488 12.2866  
0.1
13.081 21.4234 17.5426  
0.125
15.1793 23.3322 24.4696  
0.15
16.9382 22.5581 32.3687  
0.175
17.7512 18.5131 39.5871  
0.2
17.1873 11.9622 44.2402  
0.225
15.2281 4.8115 45.4634  
0.25
12.2481 -1.08287 43.8782  
0.275
8.82581 -4.87742 40.9291  
0.3
5.51837 -6.78865 37.8805  
0.325
2.67743 -7.48129 35.3247  
0.35
0.412397 -7.53396 33.3388  
0.375
-1.3166 -7.29927 31.81  
0.4
-2.59756 -6.96766 30.6075  
0.425
-3.52272 -6.63866 29.6267  
0.45
-4.17727 -6.36191 28.7943  
0.475
-4.63501 -6.15987 28.0636  
0.5
-4.95672 -6.0404 27.4086  
0.525
-5.19061 -6.00359 26.8168  
0.55
-5.37389 -6.04546 26.2845  
0.575
-5.53442 -6.15993 25.8137  
0.6
-5.69245 -6.33986 25.4097  
0.625
-5.86211 -6.57737 25.0797  
0.65
-6.05257 -6.86378 24.8324  
0.675
-6.26893 -7.18913 24.6766  
0.7
-6.51276 -7.54166 24.6208  
0.725
-6.7824 -7.90715 24.6724  
0.75
-7.07308 -8.26846 24.8359  
0.775
-7.37697 -8.60545 25.1122  
0.8
-7.68319 -8.89547 25.4958  
0.825
-7.97811 -9.11481 25.974  
0.85
-8.24595 -9.24099 26.5255  
0.875
-8.46992 -9.25593 27.1199  
0.9
-8.63377 -9.14941 27.7197  
0.925
-8.7238 -8.92194 28.2835  
0.95
-8.73083 -8.58622 28.7702  
0.975
-8.65185 -8.16629 29.1447  
1
-8.49084 -7.69444 29.3825  
1.025
-8.25854 -7.20651 29.4718  
1.05
-7.97115 -6.73685 29.4139  
1.075
-7.64833 -6.3142 29.2212  
1.1
-7.31089 -5.95937 28.914  
1.125
-6.97865 -5.68477 28.5166  
1.15
-6.66895 -5.49547 28.0542  
1.175
-6.39573 -5.3911 27.5513  
1.2
-6.16932 -5.3678 27.03  
1.225
-5.99668 -5.41997 26.5102  
1.25
-5.88189 -5.54149 26.0096  
1.275
-5.8268 -5.72635 25.544  
1.3
-5.83153 -5.96883 25.1282  
1.325
-5.89495 -6.26331 24.7761  
1.35
-6.01489 -6.60368 24.5012  
1.375
-6.18818 -6.9826 24.3163  
1.4
-6.41049 -7.39065 24.234  
1.425
-6.67607 -7.81535 24.2652  
1.45
-6.97721 -8.24036 24.4185  
1.475
-7.30382 -8.64509 24.6986  
1.5
-7.643 -9.00486 25.1039  
1.525
-7.97889 -9.29214 25.6243  
1.55
-8.29295 -9.47907 26.2396  
1.575
-8.5649 -9.54116 26.9182  
1.6
-8.77436 -9.46188 27.6181  
1.625
-8.90318 -9.23702 28.2904  
1.65
-8.93796 -8.87744 28.8847  
1.675
-8.87243 -8.40904 29.3561  
1.7
-8.70886 -7.86953 29.6713  
1.725
-8.45813 -7.30251 29.8132  
1.75
-8.13839 -6.75072 29.7811  
1.775
-7.77256 -6.25028 29.5889  
1.8
-7.38541 -5.82719 29.2604  
1.825
-7.00073 -5.4966 28.8246  
1.85
-6.63928 -5.26418 28.3116  
1.875
-6.31764 -5.12868 27.7498  
1.9
-6.04787 -5.08461 27.1644  
1.925
-5.8379 -5.12464 26.5776  
1.95
-5.69222 -5.24117 26.0084  
1.975
-5.61269 -5.42727 25.4738  
2
-5.59935 -5.67688 24.9891  
2.025
-5.65097 -5.98462 24.5691  
