0
10 4 5  
0.00625
9.67898 5.37733 5.22437  
0.0125
9.45889 6.69215 5.51804  
0.01875
9.33016 7.95519 5.87672  
0.025
9.2844 9.17569 6.29874  
0.03125
9.31426 10.3613 6.78458  
0.0375
9.41323 11.5179 7.33643  
0.04375
9.57551 12.6498 7.95779  
0.05
9.79583 13.7592 8.65324  
0.05625
10.0694 14.8466 9.42811  
0.0625
10.3915 15.9103 10.2882  
0.06875
10.7577 16.9467 11.2395  
0.075
11.1636 17.95 12.288  
0.08125
11.6044 18.9118 13.4388  
0.0875
12.0753 19.8219 14.6965  
0.09375
12.5709 20.6675 16.064  
0.1
13.0853 21.4338 17.5424  
0.10625
13.6122 22.1042 19.1303  
0.1125
14.1443 22.6605 20.8231  
0.11875
14.674 23.0834 22.6128  
0.125
15.1925 23.3537 24.4871  
0.13125
15.6909 23.4527 26.4293  
0.1375
16.1595 23.3635 28.4184  
0.14375
16.5881 23.0722 30.4289  
0.15
16.9666 22.5691 32.4314  
0.15625
17.2851 21.8499 34.3935  
0.1625
17.5342 20.9164 36.281  
0.16875
17.7052 19.7776 38.0595  
0.175
17.7911 18.4494 39.6961  
0.18125
17.786 16.9546 41.161  
0.1875
17.6863 15.3219 42.4293  
0.19375
17.4903 13.5848 43.4827  
0.2
17.1987 11.7795 44.3099  
0.20625
16.8142 9.94352 44.9076  
0.2125
16.3418 8.11336 45.2798  
0.21875
15.7882 6.32291 45.4377  
0.225
15.1616 4.60199 45.3981  
0.23125
14.4715 2.97531 45.1825  
0.2375
13.7281 1.46189 44.8151  
0.24375
12.9418 0.0749695 44.3216  
0.25
12.1232 -1.17774 43.7276  
0.25625
11.2824 -2.2935 43.0578  
0.2625
10.4292 -3.27377 42.3348  
0.26875
9.57234 -4.1234 41.5788  
0.275
8.71972 -4.84975 40.8072  
0.28125
7.87829 -5.46193 40.0344  
0.2875
7.05399 -5.97006 39.2719  
0.29375
6.25176 -6.38472 38.5288  
0.3
5.47561 -6.7165 37.8116  
0.30625
4.72865 -6.97563 37.125  
0.3125
4.01323 -7.17176 36.4719  
0.31875
3.33097 -7.31381 35.8538  
0.325
2.68288 -7.40991 35.271  
0.33125
2.06946 -7.46732 34.7232  
0.3375
1.49074 -7.4925 34.2093  
0.34375
0.946393 -7.49113 33.7278  
0.35
0.435797 -7.46816 33.2769  
0.35625
-0.0419207 -7.42785 32.8545  
0.3625
-0.487819 -7.3739 32.4587  
0.36875
-0.903097 -7.30946 32.0874  
0.375
-1.28906 -7.23722 31.7384  
0.38125
-1.64708 -7.15946 31.4099  
0.3875
-1.97858 -7.07812 31.1  
0.39375
-2.285 -6.99482 30.8069  
0.4
-2.56779 -6.91093 30.5291  
0.40625
-2.82837 -6.82761 30.265  
0.4125
-3.06816 -6.7458 30.0134  
0.41875
-3.28853 -6.66631 29.773  
0.425
-3.49082 -6.58979 29.5428  
0.43125
-3.67632 -6.51678 29.3217  
0.4375
-3.84628 -6.44772 29.1089  
0.44375
-4.00189 -6.38297 28.9037  
0.45
-4.14429 -6.32281 28.7054  
0.45625
-4.27456 -6.26746 28.5134  
0.4625
-4.39373 -6.21708 28.3273  
0.46875
-4.50279 -6.1718 28.1466  
0.475
-4.60266 -6.13171 27.9709  
0.48125
-4.69421 -6.09684 27.8  
0.4875
-4.77825 -6.06724 27.6336  
0.49375
-4.85558 -6.04289 27.4715  
0.5
-4.9269 -6.02377 27.3135  
0.50625
-4.99291 -6.00985 27.1596  
0.5125
-5.05423 -6.00108 27.0096  
0.51875
-5.11145 -5.99739 26.8635  
0.525
-5.16514 -5.9987 26.7212  
0.53125
-5.21581 -6.00494 26.5827  
0.5375
-5.26394 -6.01601 26.4481  
0.54375
-5.30996 -6.03182 26.3174  
0.55
-5.3543 -6.05226 26.1906  
0.55625
-5.39733 -6.07723 26.0677  
0.5625
-5.4394 -6.10662 25.9489  
0.56875
-5.48084 -6.14032 25.8342  
0.575
-5.52193 -6.1782 25.7238  
0.58125
-5.56296 -6.22016 25.6176  
0.5875
-5.60416 -6.26607 25.5159  
0.59375
-5.64577 -6.31581 25.4187  
0.6
-5.68798 -6.36925 25.3262  
0.60625
-5.73098 -6.42626 25.2385  
0.6125
-5.77494 -6.48671 25.1556  
0.61875
-5.82 -6.55045 25.0779  
0.625
-5.86629 -6.61736 25.0053  
0.63125
-5.91392 -6.68729 24.938  
0.6375
-5.96299 -6.76007 24.8762  
0.64375
-6.01358 -6.83557 24.82  
0.65
-6.06576 -6.91361 24.7696  
0.65625
-6.11958 -6.99403 24.7251  
0.6625
-6.17508 -7.07664 24.6865  
0.66875
-6.23228 -7.16127 24.6542  
0.675
-6.2912 -7.24771 24.6281  
0.68125
-6.35184 -7.33577 24.6085  
0.6875
-6.41419 -7.42522 24.5954  
0.69375
-6.47821 -7.51585 24.589  
0.7
-6.54388 -7.60741 24.5893  
0.70625
-6.61113 -7.69966 24.5965  
0.7125
-6.67992 -7.79234 24.6107  
0.71875
-6.75016 -7.88516 24.6319  
0.725
-6.82176 -7.97786 24.6603  
0.73125
-6.89463 -8.07013 24.6957  
0.7375
-6.96866 -8.16165 24.7384  
0.74375
-7.04371 -8.25211 24.7882  
0.75
-7.11966 -8.34117 24.8452  
0.75625
-7.19635 -8.42849 24.9094  
0.7625
-7.27362 -8.51371 24.9807  
0.76875
-7.3513 -8.59646 25.0589  
0.775
-7.4292 -8.67639 25.1441  
0.78125
-7.50713 -8.7531 25.236  
0.7875
-7.58488 -8.82622 25.3345  
0.79375
-7.66223 -8.89536 25.4394  
0.8
-7.73894 -8.96015 25.5504  
0.80625
-7.8148 -9.0202 25.6673  
0.8125
-7.88954 -9.07514 25.7898  
0.81875
-7.96291 -9.12461 25.9174  
0.825
-8.03466 -9.16826 26.0499  
0.83125
-8.10452 -9.20575 26.1868  
0.8375
-8.17223 -9.23678 26.3277  
0.84375
-8.2375 -9.26103 26.472  
0.85
-8.30008 -9.27826 26.6193  
0.85625
-8.35968 -9.28823 26.769  
0.8625
-8.41606 -9.29074 26.9205  
0.86875
-8.46893 -9.28562 27.0732  
0.875
-8.51806 -9.27275 27.2264  
0.88125
-8.56319 -9.25205 27.3796  
0.8875
-8.60409 -9.2235 27.532  
0.89375
-8.64055 -9.1871 27.6831  
0.9
-8.67235 -9.14292 27.832  
0.90625
-8.69931 -9.09107 27.9782  
0.9125
-8.72126 -9.03172 28.1209  
0.91875
-8.73807 -8.96508 28.2595  
0.925
-8.7496 -8.8914 28.3934  
0.93125
-8.75577 -8.81101 28.522  
0.9375
-8.75649 -8.72426 28.6445  
0.94375
-8.75173 -8.63155 28.7606  
0.95
-8.74147 -8.53332 28.8696  
0.95625
-8.72572 -8.43003 28.9711  
0.9625
-8.70453 -8.32219 29.0647  
0.96875
-8.67796 -8.21034 29.1499  
0.975
-8.64611 -8.09502 29.2264  
0.98125
-8.60912 -7.97679 29.294  
0.9875
-8.56713 -7.85624 29.3524  
0.99375
-8.52032 -7.73395 29.4015  
1
-8.4689 -7.6105 29.4411  
1.00625
-8.4131 -7.48646 29.4711  
1.0125
-8.35316 -7.3624 29.4916  
1.01875
-8.28935 -7.23887 29.5026  
1.025
-8.22194 -7.11639 29.5041  
1.03125
-8.15125 -6.99549 29.4964  
1.0375
-8.07758 -6.87664 29.4796  
1.04375
-8.00124 -6.76029 29.4538  
1.05
-7.92257 -6.64686 29.4194  
1.05625
-7.84189 -6.53675 29.3767  
1.0625
-7.75954 -6.43032 29.3259  
1.06875
-7.67585 -6.32787 29.2674  
1.075
-7.59115 -6.22971 29.2015  
1.08125
-7.50578 -6.13607 29.1286  
1.0875
-7.42004 -6.04719 29.0491  
1.09375
-7.33427 -5.96324 28.9634  
1.1
-7.24877 -5.88437 28.8718  
1.10625
-7.16382 -5.81072 28.7749  
1.1125
-7.07972 -5.74238 28.6729  
1.11875
-6.99674 -5.67941 28.5664  
1.125
-6.91514 -5.62186 28.4556  
1.13125
-6.83516 -5.56976 28.3411  
1.1375
-6.75704 -5.5231 28.2231  
1.14375
-6.68099 -5.48186 28.1021  
1.15
-6.60721 -5.44603 27.9785  
1.15625
-6.5359 -5.41555 27.8526  
1.1625
-6.46722 -5.39036 27.7247  
1.16875
-6.40134 -5.3704 27.5953  
1.175
-6.3384 -5.35559 27.4647  
1.18125
-6.27853 -5.34584 27.3331  
1.1875
-6.22185 -5.34107 27.201  
1.19375
-6.16847 -5.34118 27.0686  
1.2
-6.11847 -5.34609 26.9362  
1.20625
-6.07195 -5.35568 26.8042  
1.2125
-6.02896 -5.36987 26.6727  
1.21875
-5.98958 -5.38856 26.5421  
1.225
-5.95385 -5.41163 26.4127  
1.23125
-5.92181 -5.43901 26.2846  
1.2375
-5.89351 -5.47059 26.1583  
1.24375
-5.86896 -5.50628 26.0338  
1.25
-5.84818 -5.54598 25.9114  
1.25625
-5.83118 -5.5896 25.7915  
1.2625
-5.81798 -5.63705 25.6742  
1.26875
-5.80857 -5.68825 25.5597  
1.275
-5.80294 -5.74311 25.4482  
1.28125
-5.80108 -5.80153 25.3401  
1.2875
-5.80299 -5.86344 25.2355  
1.29375
-5.80863 -5.92874 25.1346  
1.3
-5.81799 -5.99735 25.0377  
1.30625
-5.83104 -6.06917 24.9449  
1.3125
-5.84775 -6.14413 24.8565  
1.31875
-5.86808 -6.22212 24.7727  
1.325
-5.89199 -6.30305 24.6937  
1.33125
-5.91944 -6.38681 24.6196  
1.3375
-5.95039 -6.4733 24.5508  
1.34375
-5.98479 -6.5624 24.4874  
1.35
-6.02258 -6.654 24.4296  
1.35625
-6.0637 -6.74797 24.3777  
1.3625
-6.10809 -6.84417 24.3317  
1.36875
-6.15568 -6.94244 24.292  
1.375
-6.20641 -7.04265 24.2587  
1.38125
-6.26019 -7.1446 24.232  
1.3875
-6.31693 -7.24813 24.212  
1.39375
-6.37656 -7.35304 24.199  
1.4
-6.43896 -7.45911 24.1932  
1.40625
-6.50404 -7.56612 24.1946  
1.4125
-6.57168 -7.67383 24.2035  
1.41875
-6.64177 -7.78198 24.22  
1.425
-6.71416 -7.89029 24.2441  
1.43125
-6.78873 -7.99847 24.2761  
1.4375
-6.86533 -8.10621 24.316  
1.44375
-6.94379 -8.21318 24.3639  
1.45
-7.02394 -8.31903 24.4198  
1.45625
-7.10561 -8.4234 24.4838  
1.4625
-7.1886 -8.52592 24.5559  
1.46875
-7.27271 -8.62618 24.636  
1.475
-7.35771 -8.72377 24.7241  
1.48125
-7.44338 -8.81827 24.8202  
1.4875
-7.52949 -8.90925 24.9241  
1.49375
-7.61577 -8.99626 25.0356  
1.5
-7.70196 -9.07885 25.1545  
1.50625
-7.78779 -9.15657 25.2807  
1.5125
-7.87296 -9.22896 25.4138  
1.51875
-7.95719 -9.29558 25.5535  
1.525
-8.04016 -9.35597 25.6994  
1.53125
-8.12156 -9.4097 25.8511  
1.5375
-8.20107 -9.45637 26.0082  
1.54375
-8.27836 -9.49556 26.1701  
1.55
-8.35311 -9.52691 26.3364  
1.55625
-8.42497 -9.55007 26.5063  
1.5625
-8.49363 -9.56474 26.6792  
1.56875
-8.55875 -9.57066 26.8545  
1.575
-8.62001 -9.56759 27.0315  
1.58125
-8.6771 -9.55537 27.2094  
1.5875
-8.7297 -9.53387 27.3874  
1.59375
-8.77752 -9.50303 27.5648  
1.6
-8.8203 -9.46284 27.7407  
1.60625
-8.85776 -9.41336 27.9143  
1.6125
-8.88967 -9.35471 28.0848  
1.61875
-8.91582 -9.28707 28.2514  
1.625
-8.93602 -9.21069 28.4133  
1.63125
-8.95011 -9.12588 28.5697  
1.6375
-8.95795 -9.03302 28.7198  
1.64375
-8.95946 -8.93252 28.8629  
1.65
-8.95457 -8.82489 28.9984  
1.65625
-8.94325 -8.71065 29.1255  
1.6625
-8.9255 -8.59038 29.2438  
1.66875
-8.90138 -8.46471 29.3527  
1.675
-8.87095 -8.33428 29.4517  
1.68125
-8.83434 -8.19978 29.5405  
1.6875
-8.79169 -8.06191 29.6186  
1.69375
-8.74318 -7.92137 29.6859  
1.7
-8.68904 -7.77888 29.7421  
1.70625
-8.6295 -7.63515 29.7872  
1.7125
-8.56484 -7.49089 29.821  
1.71875
-8.49536 -7.34678 29.8437  
1.725
-8.42138 -7.20349 29.8551  
1.73125
-8.34324 -7.06166 29.8556  
1.7375
-8.2613 -6.92189 29.8453  
1.74375
-8.17594 -6.78476 29.8244  
1.75
-8.08753 -6.6508 29.7932  
1.75625
-7.99648 -6.5205 29.752  
1.7625
-7.90317 -6.39431 29.7013  
1.76875
-7.808 -6.27263 29.6413  
1.775
-7.71138 -6.15582 29.5726  
1.78125
-7.61369 -6.0442 29.4955  
1.7875
-7.51532 -5.93802 29.4106  
1.79375
-7.41665 -5.83753 29.3182  
1.8
-7.31805 -5.7429 29.219  
1.80625
-7.21987 -5.65428 29.1133  
1.8125
-7.12246 -5.57178 29.0016  
1.81875
-7.02614 -5.49548 28.8844  
1.825
-6.93123 -5.42542 28.7623  
1.83125
-6.83801 -5.36161 28.6356  
1.8375
-6.74677 -5.30406 28.5048  
1.84375
-6.65776 -5.25272 28.3704  
1.85
-6.57122 -5.20755 28.2329  
1.85625
-6.48737 -5.16848 28.0925  
1.8625
-6.40642 -5.13541 27.9498  
1.86875
-6.32855 -5.10827 27.8051  
1.875
-6.25394 -5.08694 27.6589  
1.88125
-6.18273 -5.07131 27.5115  
1.8875
-6.11505 -5.06126 27.3632  
1.89375
-6.05104 -5.05668 27.2144  
1.9
-5.99079 -5.05744 27.0654  
1.90625
-5.9344 -5.06341 26.9166  
1.9125
-5.88194 -5.07447 26.7682  
1.91875
-5.83349 -5.09051 26.6206  
1.925
-5.78909 -5.11139 26.474  
1.93125
-5.74879 -5.13701 26.3287  
1.9375
-5.71262 -5.16724 26.185  
1.94375
-5.68062 -5.20199 26.0431  
1.95
-5.6528 -5.24114 25.9034  
1.95625
-5.62917 -5.28459 25.766  
1.9625
-5.60973 -5.33224 25.6311  
1.96875
-5.59448 -5.38401 25.4992  
1.975
-5.58342 -5.4398 25.3702  
1.98125
-5.57652 -5.49952 25.2446  
1.9875
-5.57378 -5.5631 25.1226  
1.99375
-5.57518 -5.63044 25.0042  
2
-5.58068 -5.70146 24.8899  
