0
10 4 5  
0.003125
9.82623 4.6972 5.10313  
0.00625
9.67898 5.37733 5.22437  
0.009375
9.55695 6.04185 5.36288  
0.0125
9.45889 6.69215 5.51804  
0.015625
9.38366 7.32953 5.68941  
0.01875
9.33016 7.9552 5.87672  
0.021875
9.29739 8.57025 6.07983  
0.025
9.28441 9.1757 6.29875  
0.028125
9.29031 9.77246 6.5336  
0.03125
9.31427 10.3613 6.7846  
0.034375
9.3555 10.9429 7.05208  
0.0375
9.41325 11.518 7.33645  
0.040625
9.48681 12.0868 7.63818  
0.04375
9.57553 12.6498 7.95782  
0.046875
9.67875 13.2073 8.29597  
0.05
9.79586 13.7592 8.65328  
0.053125
9.92626 14.3057 9.03044  
0.05625
10.0694 14.8466 9.42816  
0.059375
10.2246 15.3816 9.84718  
0.0625
10.3915 15.9104 10.2883  
0.065625
10.5694 16.4323 10.7522  
0.06875
10.7577 16.9468 11.2396  
0.071875
10.956 17.453 11.7513  
0.075
11.1636 17.95 12.288  
0.078125
11.38 18.4367 12.8504  
0.08125
11.6045 18.9118 13.4389  
0.084375
11.8365 19.3741 14.0542  
0.0875
12.0753 19.8219 14.6966  
0.090625
12.3204 20.2536 15.3665  
0.09375
12.5709 20.6675 16.0641  
0.096875
12.8262 21.0616 16.7895  
0.1
13.0854 21.4338 17.5426  
0.103125
13.3477 21.7821 18.3231  
0.10625
13.6122 22.1042 19.1305  
0.109375
13.8781 22.3978 19.9642  
0.1125
14.1444 22.6604 20.8233  
0.115625
14.41 22.8898 21.7067  
0.11875
14.674 23.0834 22.613  
0.121875
14.9352 23.2388 23.5405  
0.125
15.1926 23.3536 24.4873  
0.128125
15.4449 23.4256 25.4511  
0.13125
15.691 23.4525 26.4296  
0.134375
15.9296 23.4324 27.4198  
0.1375
16.1595 23.3633 28.4187  
0.140625
16.3794 23.2436 29.423  
0.14375
16.5881 23.0719 30.4291  
0.146875
16.7842 22.8472 31.4333  
0.15
16.9666 22.5688 32.4316  
0.153125
17.134 22.2362 33.4198  
0.15625
17.2851 21.8495 34.3936  
0.159375
17.4189 21.4091 35.3488  
0.1625
17.5341 20.916 36.2811  
0.165625
17.6299 20.3714 37.186  
0.16875
17.7052 19.7772 38.0595  
0.171875
17.7591 19.1355 38.8975  
0.175
17.791 18.449 39.696  
0.178125
17.8 17.7207 40.4515  
0.18125
17.7858 16.9542 41.1608  
0.184375
17.748 16.1531 41.8208  
0.1875
17.6861 15.3216 42.429  
0.190625
17.6001 14.4639 42.9834  
0.19375
17.4901 13.5845 43.4823  
0.196875
17.3561 12.6881 43.9245  
0.2
17.1985 11.7793 44.3094  
0.203125
17.0176 10.8629 44.6368  
0.20625
16.814 9.94348 44.907  
0.209375
16.5884 9.02553 45.1208  
0.2125
16.3416 8.11344 45.2792  
0.215625
16.0745 7.21134 45.384  
0.21875
15.788 6.32312 45.4371  
0.221875
15.4833 5.45235 45.4408  
0.225
15.1615 4.60231 45.3976  
0.228125
14.8238 3.77591 45.3104  
0.23125
14.4714 2.97572 45.1821  
0.234375
14.1057 2.20393 45.0158  
0.2375
13.728 1.46237 44.8148  
0.240625
13.3396 0.752511 44.5822  
0.24375
12.9417 0.0754865 44.3213  
0.246875
12.5358 -0.567913 44.0354  
0.25
12.1232 -1.17721 43.7274  
0.253125
11.705 -1.7522 43.4006  
0.25625
11.2825 -2.29296 43.0577  
0.259375
10.8569 -2.79981 42.7015  
0.2625
10.4293 -3.27325 42.3348  
0.265625
10.0008 -3.714 41.9598  
0.26875
9.57248 -4.12291 41.5788  
0.271875
9.14519 -4.50097 41.194  
0.275
8.71988 -4.8493 40.8073  
0.278125
8.29739 -5.16906 40.4202  
0.28125
7.87848 -5.46151 40.0344  
0.284375
7.46386 -5.72794 39.6513  
0.2875
7.05419 -5.96967 39.2719  
0.290625
6.65006 -6.18804 38.8975  
0.29375
6.25198 -6.38437 38.5288  
0.296875
5.86043 -6.55998 38.1667  
0.3
5.47583 -6.71618 37.8116  
0.303125
5.09854 -6.85422 37.4643  
0.30625
4.72888 -6.97533 37.125  
0.309375
4.36711 -7.0807 36.7942  
0.3125
4.01346 -7.17148 36.4719  
0.315625
3.66811 -7.24875 36.1584  
0.31875
3.3312 -7.31355 35.8538  
0.321875
3.00284 -7.36688 35.558  
0.325
2.68311 -7.40966 35.271  
0.328125
2.37205 -7.44278 34.9928  
0.33125
2.06969 -7.46708 34.7232  
0.334375
1.776 -7.48333 34.4621  
0.3375
1.49096 -7.49227 34.2093  
0.340625
1.21453 -7.49459 33.9646  
0.34375
0.946618 -7.49092 33.7278  
0.346875
0.68715 -7.48185 33.4986  
0.35
0.43602 -7.46795 33.2768  
0.353125
0.193112 -7.44972 33.0622  
0.35625
-0.0417015 -7.42765 32.8545  
0.359375
-0.268557 -7.40217 32.6534  
0.3625
-0.487603 -7.37371 32.4587  
0.365625
-0.698991 -7.34262 32.27  
0.36875
-0.902884 -7.30927 32.0873  
0.371875
-1.09945 -7.27398 31.9101  
0.375
-1.28885 -7.23704 31.7383  
0.378125
-1.47127 -7.19872 31.5716  
0.38125
-1.64687 -7.15928 31.4098  
0.384375
-1.81585 -7.11895 31.2526  
0.3875
-1.97838 -7.07794 31.0998  
0.390625
-2.13463 -7.03645 30.9513  
0.39375
-2.2848 -6.99465 30.8068  
0.396875
-2.42906 -6.9527 30.666  
0.4
-2.56759 -6.91077 30.5289  
0.403125
-2.70057 -6.86897 30.3953  
0.40625
-2.82817 -6.82745 30.2649  
0.409375
-2.95058 -6.7863 30.1376  
0.4125
-3.06796 -6.74565 30.0132  
0.415625
-3.18049 -6.70557 29.8917  
0.41875
-3.28834 -6.66616 29.7728  
0.421875
-3.39166 -6.62749 29.6565  
0.425
-3.49063 -6.58965 29.5426  
0.428125
-3.5854 -6.55268 29.431  
0.43125
-3.67614 -6.51664 29.3215  
0.434375
-3.76298 -6.4816 29.2141  
0.4375
-3.8461 -6.44759 29.1087  
0.440625
-3.92563 -6.41466 29.0052  
0.44375
-4.00171 -6.38285 28.9035  
0.446875
-4.07449 -6.35218 28.8035  
0.45
-4.14411 -6.3227 28.7052  
0.453125
-4.2107 -6.29441 28.6085  
0.45625
-4.27439 -6.26735 28.5132  
0.459375
-4.3353 -6.24153 28.4195  
0.4625
-4.39357 -6.21698 28.3271  
0.465625
-4.4493 -6.1937 28.2361  
0.46875
-4.50263 -6.17171 28.1464  
0.471875
-4.55366 -6.15101 28.0579  
0.475
-4.6025 -6.13162 27.9707  
0.478125
-4.64926 -6.11353 27.8847  
0.48125
-4.69405 -6.09676 27.7998  
0.484375
-4.73697 -6.0813 27.716  
0.4875
-4.77811 -6.06716 27.6334  
0.490625
-4.81756 -6.05433 27.5518  
0.49375
-4.85543 -6.04282 27.4712  
0.496875
-4.8918 -6.03261 27.3918  
0.5
-4.92676 -6.02371 27.3133  
0.503125
-4.96039 -6.0161 27.2358  
0.50625
-4.99277 -6.0098 27.1593  
0.509375
-5.02398 -6.00477 27.0839  
0.5125
-5.0541 -6.00103 27.0093  
0.515625
-5.08319 -5.99856 26.9358  
0.51875
-5.11133 -5.99735 26.8632  
0.521875
-5.13859 -5.99739 26.7916  
0.525
-5.16503 -5.99867 26.7209  
0.528125
-5.19071 -6.00118 26.6512  
0.53125
-5.2157 -6.00491 26.5825  
0.534375
-5.24005 -6.00985 26.5147  
0.5375
-5.26383 -6.01599 26.4479  
0.540625
-5.28708 -6.02331 26.382  
0.54375
-5.30986 -6.03181 26.3171  
0.546875
-5.33222 -6.04146 26.2532  
0.55
-5.35421 -6.05226 26.1903  
0.553125
-5.37586 -6.06419 26.1284  
0.55625
-5.39724 -6.07724 26.0675  
0.559375
-5.41838 -6.09139 26.0076  
0.5625
-5.43932 -6.10663 25.9487  
0.565625
-5.4601 -6.12295 25.8908  
0.56875
-5.48076 -6.14034 25.834  
0.571875
-5.50133 -6.15877 25.7782  
0.575
-5.52186 -6.17823 25.7235  
0.578125
-5.54237 -6.19872 25.6699  
0.58125
-5.56289 -6.2202 25.6174  
0.584375
-5.58346 -6.24267 25.5659  
0.5875
-5.6041 -6.26612 25.5156  
0.590625
-5.62484 -6.29052 25.4665  
0.59375
-5.64571 -6.31586 25.4185  
0.596875
-5.66674 -6.34213 25.3716  
0.6
-5.68793 -6.36931 25.3259  
0.603125
-5.70933 -6.39738 25.2815  
0.60625
-5.73094 -6.42633 25.2382  
0.609375
-5.7528 -6.45613 25.1962  
0.6125
-5.77491 -6.48678 25.1554  
0.615625
-5.7973 -6.51826 25.1159  
0.61875
-5.81997 -6.55054 25.0776  
0.621875
-5.84296 -6.58361 25.0407  
0.625
-5.86627 -6.61745 25.005  
0.628125
-5.88991 -6.65205 24.9707  
0.63125
-5.91391 -6.68739 24.9378  
0.634375
-5.93826 -6.72343 24.9062  
0.6375
-5.96298 -6.76018 24.876  
0.640625
-5.98809 -6.7976 24.8472  
0.64375
-6.01358 -6.83568 24.8198  
0.646875
-6.03947 -6.8744 24.7939  
0.65
-6.06577 -6.91373 24.7694  
0.653125
-6.09247 -6.95366 24.7464  
0.65625
-6.11959 -6.99416 24.7249  
0.659375
-6.14713 -7.0352 24.7048  
0.6625
-6.1751 -7.07678 24.6863  
0.665625
-6.20349 -7.11885 24.6694  
0.66875
-6.23231 -7.16141 24.654  
0.671875
-6.26156 -7.20442 24.6402  
0.675
-6.29124 -7.24786 24.6279  
0.678125
-6.32135 -7.2917 24.6173  
0.68125
-6.35188 -7.33592 24.6083  
0.684375
-6.38285 -7.38049 24.6009  
0.6875
-6.41424 -7.42538 24.5952  
0.690625
-6.44604 -7.47057 24.5912  
0.69375
-6.47827 -7.51602 24.5888  
0.696875
-6.5109 -7.5617 24.5881  
0.7
-6.54394 -7.60758 24.5892  
0.703125
-6.57738 -7.65364 24.5919  
0.70625
-6.6112 -7.69984 24.5964  
0.709375
-6.64541 -7.74614 24.6026  
0.7125
-6.68 -7.79252 24.6106  
0.715625
-6.71494 -7.83894 24.6203  
0.71875
-6.75024 -7.88535 24.6318  
0.721875
-6.78588 -7.93174 24.6451  
0.725
-6.82185 -7.97805 24.6602  
0.728125
-6.85814 -8.02426 24.677  
0.73125
-6.89473 -8.07032 24.6957  
0.734375
-6.93161 -8.1162 24.7161  
0.7375
-6.96876 -8.16185 24.7383  
0.740625
-7.00617 -8.20724 24.7624  
0.74375
-7.04382 -8.25231 24.7882  
0.746875
-7.0817 -8.29704 24.8158  
0.75
-7.11978 -8.34138 24.8452  
0.753125
-7.15804 -8.38528 24.8764  
0.75625
-7.19647 -8.4287 24.9094  
0.759375
-7.23505 -8.47159 24.9442  
0.7625
-7.27375 -8.51392 24.9807  
0.765625
-7.31255 -8.55563 25.0189  
0.76875
-7.35143 -8.59667 25.059  
0.771875
-7.39037 -8.63701 25.1007  
0.775
-7.42934 -8.67659 25.1441  
0.778125
-7.46832 -8.71537 25.1893  
0.78125
-7.50727 -8.7533 25.2361  
0.784375
-7.54618 -8.79034 25.2845  
0.7875
-7.58502 -8.82642 25.3346  
0.790625
-7.62376 -8.86151 25.3862  
0.79375
-7.66237 -8.89556 25.4395  
0.796875
-7.70083 -8.92852 25.4943  
0.8
-7.73909 -8.96034 25.5505  
0.803125
-7.77714 -8.99098 25.6083  
0.80625
-7.81495 -9.02039 25.6674  
0.809375
-7.85247 -9.04852 25.728  
0.8125
-7.88969 -9.07533 25.7899  
0.815625
-7.92657 -9.10077 25.8531  
0.81875
-7.96307 -9.12479 25.9176  
0.821875
-7.99916 -9.14736 25.9833  
0.825
-8.03482 -9.16843 26.0501  
0.828125
-8.07 -9.18797 26.118  
0.83125
-8.10468 -9.20592 26.187  
0.834375
-8.13882 -9.22225 26.257  
0.8375
-8.17238 -9.23693 26.3279  
0.840625
-8.20534 -9.24992 26.3997  
0.84375
-8.23766 -9.26118 26.4723  
0.846875
-8.2693 -9.27068 26.5456  
0.85
-8.30023 -9.27839 26.6195  
0.853125
-8.33042 -9.28429 26.6941  
0.85625
-8.35984 -9.28835 26.7692  
0.859375
-8.38845 -9.29054 26.8448  
0.8625
-8.41621 -9.29084 26.9207  
0.865625
-8.4431 -9.28924 26.997  
0.86875
-8.46908 -9.28571 27.0734  
0.871875
-8.49413 -9.28024 27.15  
0.875
-8.5182 -9.27283 27.2267  
0.878125
-8.54128 -9.26345 27.3033  
0.88125
-8.56333 -9.25212 27.3799  
0.884375
-8.58432 -9.23882 27.4562  
0.8875
-8.60423 -9.22355 27.5323  
0.890625
-8.62302 -9.20632 27.6081  
0.89375
-8.64067 -9.18714 27.6834  
0.896875
-8.65717 -9.166 27.7582  
0.9
-8.67247 -9.14294 27.8323  
0.903125
-8.68656 -9.11796 27.9058  
0.90625
-8.69942 -9.09107 27.9785  
0.909375
-8.71103 -9.06231 28.0503  
0.9125
-8.72137 -9.0317 28.1212  
0.915625
-8.73042 -8.99927 28.1911  
0.91875
-8.73817 -8.96504 28.2599  
0.921875
-8.7446 -8.92906 28.3274  
0.925
-8.7497 -8.89135 28.3937  
0.928125
-8.75345 -8.85197 28.4587  
0.93125
-8.75585 -8.81095 28.5223  
0.934375
-8.75689 -8.76833 28.5843  
0.9375
-8.75656 -8.72418 28.6448  
0.940625
-8.75487 -8.67854 28.7037  
0.94375
-8.75179 -8.63145 28.7609  
0.946875
-8.74734 -8.58299 28.8163  
0.95
-8.74152 -8.5332 28.8699  
0.953125
-8.73433 -8.48215 28.9216  
0.95625
-8.72576 -8.4299 28.9714  
0.959375
-8.71584 -8.37651 29.0192  
0.9625
-8.70456 -8.32205 29.0649  
0.965625
-8.69193 -8.26658 29.1086  
0.96875
-8.67798 -8.21018 29.1502  
0.971875
-8.6627 -8.15291 29.1895  
0.975
-8.64612 -8.09484 29.2267  
0.978125
-8.62825 -8.03605 29.2616  
0.98125
-8.60911 -7.97661 29.2943  
0.984375
-8.58873 -7.91658 29.3246  
0.9875
-8.56711 -7.85605 29.3527  
0.990625
-8.54429 -7.79508 29.3784  
0.99375
-8.52029 -7.73375 29.4017  
0.996875
-8.49514 -7.67212 29.4227  
1
-8.46887 -7.61028 29.4413  
1.00313
-8.44149 -7.5483 29.4575  
1.00625
-8.41305 -7.48624 29.4713  
1.00938
-8.38358 -7.42417 29.4827  
1.0125
-8.3531 -7.36217 29.4918  
1.01563
-8.32165 -7.3003 29.4984  
1.01875
-8.28928 -7.23863 29.5027  
1.02188
-8.256 -7.17723 29.5047  
1.025
-8.22187 -7.11615 29.5043  
1.02813
-8.18691 -7.05547 29.5015  
1.03125
-8.15116 -6.99525 29.4965  
1.03438
-8.11467 -6.93553 29.4892  
1.0375
-8.07748 -6.87639 29.4797  
1.04063
-8.03962 -6.81787 29.4679  
1.04375
-8.00113 -6.76004 29.4539  
1.04688
-7.96207 -6.70293 29.4378  
1.05
-7.92245 -6.64661 29.4195  
1.05313
-7.88234 -6.59112 29.3991  
1.05625
-7.84177 -6.53651 29.3767  
1.05938
-7.80077 -6.48281 29.3523  
1.0625
-7.75941 -6.43007 29.3259  
1.06563
-7.7177 -6.37833 29.2976  
1.06875
-7.67571 -6.32763 29.2674  
1.07188
-7.63346 -6.27799 29.2353  
1.075
-7.59101 -6.22946 29.2015  
1.07813
-7.54838 -6.18207 29.1659  
1.08125
-7.50563 -6.13583 29.1286  
1.08438
-7.46278 -6.09079 29.0896  
1.0875
-7.41989 -6.04695 29.049  
1.09063
-7.37699 -6.00435 29.0069  
1.09375
-7.33411 -5.96301 28.9633  
1.09688
-7.2913 -5.92293 28.9182  
1.1
-7.2486 -5.88415 28.8718  
1.10313
-7.20604 -5.84667 28.8239  
1.10625
-7.16365 -5.8105 28.7748  
1.10938
-7.12148 -5.77567 28.7244  
1.1125
-7.07955 -5.74216 28.6728  
1.11563
-7.0379 -5.71001 28.6201  
1.11875
-6.99657 -5.6792 28.5663  
1.12188
-6.95558 -5.64975 28.5114  
1.125
-6.91496 -5.62166 28.4555  
1.12813
-6.87476 -5.59493 28.3987  
1.13125
-6.83498 -5.56956 28.3409  
1.13438
-6.79568 -5.54556 28.2823  
1.1375
-6.75686 -5.52291 28.2229  
1.14063
-6.71856 -5.50162 28.1628  
1.14375
-6.68081 -5.48169 28.1019  
1.14688
-6.64363 -5.4631 28.0404  
1.15
-6.60704 -5.44586 27.9783  
1.15313
-6.57106 -5.42996 27.9156  
1.15625
-6.53572 -5.41539 27.8524  
1.15938
-6.50105 -5.40214 27.7887  
1.1625
-6.46705 -5.39021 27.7245  
1.16563
-6.43375 -5.37959 27.66  
1.16875
-6.40117 -5.37026 27.5951  
1.17188
-6.36932 -5.36222 27.5299  
1.175
-6.33823 -5.35545 27.4645  
1.17813
-6.30791 -5.34996 27.3988  
1.18125
-6.27836 -5.34572 27.3329  
1.18438
-6.24962 -5.34272 27.2669  
1.1875
-6.22169 -5.34095 27.2008  
1.19063
-6.19458 -5.34041 27.1346  
1.19375
-6.16831 -5.34108 27.0684  
1.19688
-6.14288 -5.34294 27.0021  
1.2
-6.11831 -5.34599 26.936  
1.20313
-6.09461 -5.35021 26.8699  
1.20625
-6.07179 -5.3556 26.8039  
1.20938
-6.04985 -5.36213 26.7381  
1.2125
-6.02881 -5.36979 26.6725  
1.21563
-6.00867 -5.37858 26.607  
1.21875
-5.98943 -5.38849 26.5419  
1.22188
-5.97111 -5.39949 26.477  
1.225
-5.95371 -5.41157 26.4124  
1.22813
-5.93723 -5.42473 26.3482  
1.23125
-5.92168 -5.43896 26.2844  
1.23438
-5.90706 -5.45423 26.221  
1.2375
-5.89338 -5.47055 26.158  
1.24063
-5.88063 -5.48789 26.0955  
1.24375
-5.86883 -5.50624 26.0335  
1.24688
-5.85797 -5.5256 25.9721  
1.25
-5.84806 -5.54595 25.9112  
1.25313
-5.83909 -5.56728 25.8509  
1.25625
-5.83107 -5.58958 25.7912  
1.25938
-5.824 -5.61284 25.7322  
1.2625
-5.81787 -5.63705 25.6739  
1.26563
-5.8127 -5.66219 25.6163  
1.26875
-5.80847 -5.68825 25.5594  
1.27188
-5.80518 -5.71523 25.5033  
1.275
-5.80284 -5.74312 25.448  
1.27813
-5.80145 -5.77189 25.3935  
1.28125
-5.801 -5.80155 25.3398  
1.28438
-5.80148 -5.83207 25.2871  
1.2875
-5.80291 -5.86346 25.2352  
1.29063
-5.80527 -5.8957 25.1843  
1.29375
-5.80856 -5.92877 25.1344  
1.29688
-5.81278 -5.96267 25.0854  
1.3
-5.81793 -5.99739 25.0374  
1.30313
-5.82399 -6.03291 24.9905  
1.30625
-5.83098 -6.06922 24.9446  
1.30938
-5.83888 -6.10632 24.8999  
1.3125
-5.84769 -6.14419 24.8562  
1.31563
-5.85741 -6.18282 24.8137  
1.31875
-5.86803 -6.22219 24.7724  
1.32188
-5.87955 -6.26229 24.7323  
1.325
-5.89195 -6.30312 24.6934  
1.32813
-5.90524 -6.34466 24.6558  
1.33125
-5.91941 -6.38689 24.6194  
1.33438
-5.93446 -6.42981 24.5843  
1.3375
-5.95037 -6.47339 24.5506  
1.34063
-5.96714 -6.51763 24.5182  
1.34375
-5.98477 -6.5625 24.4872  
1.34688
-6.00325 -6.608 24.4576  
1.35
-6.02257 -6.65411 24.4294  
1.35313
-6.04272 -6.70081 24.4027  
1.35625
-6.0637 -6.74809 24.3774  
1.35938
-6.08549 -6.79592 24.3537  
1.3625
-6.10809 -6.84429 24.3315  
1.36563
-6.1315 -6.89318 24.3109  
1.36875
-6.1557 -6.94258 24.2918  
1.37188
-6.18068 -6.99245 24.2743  
1.375
-6.20643 -7.04279 24.2585  
1.37813
-6.23295 -7.09356 24.2443  
1.38125
-6.26021 -7.14475 24.2318  
1.38438
-6.28823 -7.19634 24.2209  
1.3875
-6.31697 -7.24829 24.2118  
1.39063
-6.34643 -7.30059 24.2045  
1.39375
-6.3766 -7.3532 24.1989  
1.39688
-6.40746 -7.40611 24.195  
1.4
-6.43901 -7.45928 24.193  
1.40313
-6.47123 -7.51269 24.1928  
1.40625
-6.5041 -7.5663 24.1945  
1.40938
-6.53761 -7.62008 24.198  
1.4125
-6.57175 -7.67401 24.2034  
1.41563
-6.60649 -7.72805 24.2106  
1.41875
-6.64184 -7.78216 24.2198  
1.42188
-6.67776 -7.83632 24.2309  
1.425
-6.71424 -7.89048 24.244  
1.42813
-6.75127 -7.94461 24.259  
1.43125
-6.78882 -7.99867 24.276  
1.43438
-6.82688 -8.05261 24.295  
1.4375
-6.86542 -8.10641 24.3159  
1.44063
-6.90443 -8.16001 24.3388  
1.44375
-6.94389 -8.21338 24.3638  
1.44688
-6.98377 -8.26647 24.3908  
1.45
-7.02405 -8.31924 24.4197  
1.45313
-7.06471 -8.37164 24.4507  
1.45625
-7.10572 -8.42362 24.4837  
1.45938
-7.14707 -8.47513 24.5188  
1.4625
-7.18872 -8.52614 24.5558  
1.46563
-7.23065 -8.57657 24.5949  
1.46875
-7.27283 -8.6264 24.636  
1.47188
-7.31524 -8.67555 24.6791  
1.475
-7.35784 -8.72399 24.7241  
1.47813
-7.40061 -8.77166 24.7712  
1.48125
-7.44352 -8.81849 24.8202  
1.48438
-7.48654 -8.86445 24.8712  
1.4875
-7.52963 -8.90947 24.9241  
1.49063
-7.57277 -8.9535 24.9789  
1.49375
-7.61592 -8.99648 25.0356  
1.49688
-7.65904 -9.03836 25.0942  
1.5
-7.70211 -9.07907 25.1546  
1.50313
-7.74509 -9.11857 25.2168  
1.50625
-7.78794 -9.15679 25.2808  
1.50938
-7.83063 -9.19368 25.3465  
1.5125
-7.87312 -9.22918 25.4139  
1.51563
-7.91537 -9.26323 25.4829  
1.51875
-7.95735 -9.29578 25.5536  
1.52188
-7.99901 -9.32678 25.6258  
1.525
-8.04032 -9.35617 25.6995  
1.52813
-8.08124 -9.38389 25.7747  
1.53125
-8.12172 -9.4099 25.8513  
1.53438
-8.16174 -9.43413 25.9292  
1.5375
-8.20123 -9.45655 26.0084  
1.54063
-8.24018 -9.4771 26.0888  
1.54375
-8.27853 -9.49573 26.1703  
1.54688
-8.31624 -9.5124 26.253  
1.55
-8.35327 -9.52707 26.3366  
1.55313
-8.38959 -9.53969 26.4211  
1.55625
-8.42514 -9.55022 26.5065  
1.55938
-8.45989 -9.55863 26.5926  
1.5625
-8.4938 -9.56488 26.6795  
1.56563
-8.52682 -9.56894 26.7669  
1.56875
-8.55892 -9.57078 26.8548  
1.57188
-8.59005 -9.57038 26.9431  
1.575
-8.62018 -9.5677 27.0318  
1.57813
-8.64926 -9.56274 27.1207  
1.58125
-8.67726 -9.55546 27.2097  
1.58438
-8.70413 -9.54587 27.2987  
1.5875
-8.72985 -9.53395 27.3877  
1.59063
-8.75438 -9.51969 27.4766  
1.59375
-8.77767 -9.50309 27.5651  
1.59688
-8.7997 -9.48415 27.6533  
1.6
-8.82044 -9.46288 27.741  
1.60313
-8.83985 -9.43929 27.8282  
1.60625
-8.8579 -9.41339 27.9146  
1.60938
-8.87456 -9.38519 28.0003  
1.6125
-8.8898 -9.35472 28.0852  
1.61563
-8.9036 -9.322 28.169  
1.61875
-8.91594 -9.28706 28.2518  
1.62188
-8.92679 -9.24994 28.3333  
1.625
-8.93613 -9.21066 28.4136  
1.62813
-8.94394 -9.16928 28.4926  
1.63125
-8.95021 -9.12584 28.57  
1.63438
-8.95492 -9.08038 28.6459  
1.6375
-8.95805 -9.03295 28.7201  
1.64063
-8.95959 -8.98362 28.7926  
1.64375
-8.95955 -8.93244 28.8632  
1.64688
-8.9579 -8.87948 28.932  
1.65
-8.95464 -8.82479 28.9987  
1.65313
-8.94978 -8.76845 29.0634  
1.65625
-8.94331 -8.71053 29.1259  
1.65938
-8.93523 -8.6511 29.1861  
1.6625
-8.92556 -8.59025 29.2441  
1.66563
-8.91428 -8.52804 29.2998  
1.66875
-8.90142 -8.46456 29.353  
1.67188
-8.88698 -8.39989 29.4038  
1.675
-8.87098 -8.33412 29.452  
1.67813
-8.85343 -8.26732 29.4977  
1.68125
-8.83435 -8.1996 29.5407  
1.68438
-8.81377 -8.13104 29.5811  
1.6875
-8.79169 -8.06171 29.6189  
1.69063
-8.76815 -7.99173 29.6539  
1.69375
-8.74317 -7.92116 29.6861  
1.69688
-8.71679 -7.85011 29.7156  
1.7
-8.68902 -7.77866 29.7424  
1.70313
-8.6599 -7.7069 29.7663  
1.70625
-8.62947 -7.63492 29.7874  
1.70938
-8.59775 -7.56281 29.8057  
1.7125
-8.56479 -7.49065 29.8212  
1.71563
-8.53063 -7.41853 29.8339  
1.71875
-8.4953 -7.34654 29.8438  
1.72188
-8.45885 -7.27474 29.851  
1.725
-8.42131 -7.20324 29.8553  
1.72813
-8.38273 -7.1321 29.8569  
1.73125
-8.34316 -7.0614 29.8558  
1.73438
-8.30264 -6.99122 29.8519  
1.7375
-8.26121 -6.92163 29.8454  
1.74063
-8.21893 -6.8527 29.8363  
1.74375
-8.17584 -6.7845 29.8245  
1.74688
-8.13199 -6.71709 29.8101  
1.75
-8.08742 -6.65054 29.7933  
1.75313
-8.0422 -6.5849 29.7739  
1.75625
-7.99636 -6.52024 29.7521  
1.75938
-7.94996 -6.4566 29.7279  
1.7625
-7.90304 -6.39405 29.7013  
1.76563
-7.85566 -6.33262 29.6725  
1.76875
-7.80787 -6.27237 29.6414  
1.77188
-7.75971 -6.21333 29.608  
1.775
-7.71124 -6.15556 29.5726  
1.77813
-7.6625 -6.09908 29.5351  
1.78125
-7.61354 -6.04394 29.4955  
1.78438
-7.56441 -5.99015 29.454  
1.7875
-7.51516 -5.93777 29.4106  
1.79063
-7.46584 -5.8868 29.3653  
1.79375
-7.41649 -5.83727 29.3182  
1.79688
-7.36715 -5.78922 29.2694  
1.8
-7.31788 -5.74265 29.2189  
1.80313
-7.26872 -5.69758 29.1668  
1.80625
-7.2197 -5.65403 29.1132  
1.80938
-7.17088 -5.61202 29.0581  
1.8125
-7.12229 -5.57154 29.0015  
1.81563
-7.07397 -5.53262 28.9436  
1.81875
-7.02596 -5.49525 28.8843  
1.82188
-6.97831 -5.45944 28.8239  
1.825
-6.93105 -5.42519 28.7622  
1.82813
-6.88421 -5.39251 28.6994  
1.83125
-6.83783 -5.3614 28.6355  
1.83438
-6.79194 -5.33185 28.5706  
1.8375
-6.74658 -5.30385 28.5047  
1.84063
-6.70178 -5.27742 28.4379  
1.84375
-6.65757 -5.25253 28.3703  
1.84688
-6.61398 -5.22918 28.3019  
1.85
-6.57103 -5.20736 28.2327  
1.85313
-6.52876 -5.18707 28.1628  
1.85625
-6.48718 -5.16829 28.0923  
1.85938
-6.44633 -5.15102 28.0212  
1.8625
-6.40623 -5.13524 27.9496  
1.86563
-6.3669 -5.12094 27.8775  
1.86875
-6.32837 -5.10811 27.8049  
1.87188
-6.29064 -5.09672 27.732  
1.875
-6.25375 -5.08678 27.6587  
1.87813
-6.21771 -5.07827 27.5851  
1.88125
-6.18254 -5.07116 27.5112  
1.88438
-6.14826 -5.06545 27.4372  
1.8875
-6.11487 -5.06113 27.3629  
1.89063
-6.0824 -5.05816 27.2886  
1.89375
-6.05086 -5.05655 27.2141  
1.89688
-6.02026 -5.05628 27.1396  
1.9
-5.99062 -5.05732 27.0651  
1.90313
-5.96194 -5.05966 26.9907  
1.90625
-5.93423 -5.0633 26.9163  
1.90938
-5.90751 -5.06821 26.842  
1.9125
-5.88177 -5.07437 26.7679  
1.91563
-5.85705 -5.08178 26.694  
1.91875
-5.83332 -5.09041 26.6203  
1.92188
-5.81062 -5.10026 26.5468  
1.925
-5.78893 -5.11131 26.4737  
1.92813
-5.76827 -5.12353 26.4009  
1.93125
-5.74863 -5.13693 26.3284  
1.93438
-5.73004 -5.15148 26.2563  
1.9375
-5.71247 -5.16717 26.1847  
1.94063
-5.69595 -5.18399 26.1135  
1.94375
-5.68048 -5.20193 26.0428  
1.94688
-5.66605 -5.22096 25.9727  
1.95
-5.65266 -5.24109 25.9031  
1.95313
-5.64032 -5.26228 25.8341  
1.95625
-5.62903 -5.28455 25.7657  
1.95938
-5.61879 -5.30786 25.6979  
1.9625
-5.6096 -5.33221 25.6309  
1.96563
-5.60146 -5.35759 25.5645  
1.96875
-5.59436 -5.38399 25.4989  
1.97188
-5.58831 -5.41139 25.434  
1.975
-5.5833 -5.43978 25.37  
1.97813
-5.57934 -5.46916 25.3067  
1.98125
-5.57641 -5.49952 25.2443  
1.98438
-5.57453 -5.53083 25.1829  
1.9875
-5.57368 -5.5631 25.1223  
1.99063
-5.57387 -5.5963 25.0626  
1.99375
-5.57508 -5.63044 25.004  
1.99688
-5.57733 -5.66551 24.9463  
2
-5.58059 -5.70148 24.8896  
