0
10 4 5  
0.0125
9.45894 6.6921 5.51801  
0.025
9.28449 9.17562 6.29869  
0.0375
9.41334 11.5179 7.33639  
0.05
9.79577 13.7591 8.65308  
0.0625
10.3913 15.9101 10.2879  
0.075
11.1632 17.9496 12.2875  
0.0875
12.0748 19.8214 14.6957  
0.1
13.0847 21.4333 17.5412  
0.1125
14.1435 22.6601 20.8212  
0.125
15.1916 23.3538 24.4842  
0.1375
16.1583 23.3647 28.4146  
0.15
16.9655 22.5722 32.427  
0.1625
17.5334 20.9219 36.2769  
0.175
17.7912 18.4572 39.6938  
0.1875
17.6877 15.331 42.4302  
0.2
17.2017 11.7879 44.3146  
0.2125
16.3462 8.11877 45.2877  
0.225
15.1665 4.60306 45.4076  
0.2375
13.7325 1.4586 44.8241  
0.25
12.1263 -1.18421 43.7346  
0.2625
10.4305 -3.28183 42.3395  
0.275
8.71929 -4.85808 40.81  
0.2875
7.05214 -5.97791 39.2736  
0.3
5.47278 -6.72364 37.8128  
0.3125
4.0098 -7.17823 36.4732  
0.325
2.67913 -7.41584 35.2726  
0.3375
1.48683 -7.49804 34.2113  
0.35
0.431823 -7.47339 33.2793  
0.3625
-0.491819 -7.37887 32.4616  
0.375
-1.29307 -7.24194 31.7417  
0.3875
-1.98258 -7.08258 31.1036  
0.4
-2.57177 -6.91512 30.5331  
0.4125
-3.07211 -6.7497 30.0178  
0.425
-3.49472 -6.59339 29.5476  
0.4375
-3.85011 -6.451 29.1141  
0.45
-4.14802 -6.32575 28.7109  
0.4625
-4.39734 -6.21967 28.3331  
0.475
-4.60612 -6.13393 27.9769  
0.4875
-4.78155 -6.06909 27.6398  
0.5
-4.93 -6.02524 27.3199  
0.5125
-5.05711 -6.00216 27.0161  
0.525
-5.1678 -5.99939 26.7278  
0.5375
-5.26634 -6.0163 26.4548  
0.55
-5.35643 -6.05215 26.1973  
0.5625
-5.44124 -6.10611 25.9556  
0.575
-5.52348 -6.1773 25.7303  
0.5875
-5.6054 -6.26477 25.5223  
0.6
-5.6889 -6.36755 25.3324  
0.6125
-5.77553 -6.48462 25.1617  
0.625
-5.86654 -6.61489 25.011  
0.6375
-5.9629 -6.75723 24.8816  
0.65
-6.06532 -6.9104 24.7746  
0.6625
-6.17429 -7.07307 24.6911  
0.675
-6.29007 -7.24381 24.6322  
0.6875
-6.41271 -7.42101 24.5989  
0.7
-6.54206 -7.60292 24.5923  
0.7125
-6.67778 -7.7876 24.6131  
0.725
-6.8193 -7.97292 24.6619  
0.7375
-6.9659 -8.15655 24.7393  
0.75
-7.11662 -8.33597 24.8454  
0.7625
-7.27032 -8.50847 24.98  
0.775
-7.42568 -8.67119 25.1426  
0.7875
-7.58116 -8.82114 25.3322  
0.8
-7.73508 -8.95527 25.5473  
0.8125
-7.88557 -9.07056 25.7858  
0.825
-8.03064 -9.16406 26.0452  
0.8375
-8.16821 -9.23306 26.3222  
0.85
-8.29613 -9.27511 26.6132  
0.8625
-8.41224 -9.28824 26.9137  
0.875
-8.51444 -9.27098 27.2192  
0.8875
-8.60074 -9.22252 27.5245  
0.9
-8.66932 -9.14277 27.8242  
0.9125
-8.71863 -9.03242 28.113  
0.925
-8.74742 -8.89296 28.3856  
0.9375
-8.7548 -8.72666 28.6369  
0.95
-8.74031 -8.53651 28.8623  
0.9625
-8.70392 -8.32612 29.0578  
0.975
-8.64608 -8.09961 29.2202  
0.9875
-8.56768 -7.8614 29.3469  
1
-8.47002 -7.61612 29.4363  
1.0125
-8.35483 -7.36837 29.4877  
1.025
-8.22414 -7.1226 29.5011  
1.0375
-8.08025 -6.88298 29.4775  
1.05
-7.92567 -6.65323 29.4183  
1.0625
-7.76302 -6.43662 29.3256  
1.075
-7.59496 -6.23585 29.2021  
1.0875
-7.42411 -6.0531 29.0506  
1.1
-7.25303 -5.88999 28.8741  
1.1125
-7.08412 -5.74765 28.6759  
1.125
-6.91961 -5.62675 28.4593  
1.1375
-6.76154 -5.52757 28.2274  
1.15
-6.61168 -5.45006 27.9833  
1.1625
-6.47161 -5.39394 27.73  
1.175
-6.34267 -5.3587 27.4704  
1.1875
-6.22595 -5.34372 27.2071  
1.2
-6.12238 -5.34828 26.9426  
1.2125
-6.03264 -5.3716 26.6793  
1.225
-5.95727 -5.41291 26.4195  
1.2375
-5.89665 -5.47141 26.1652  
1.25
-5.85102 -5.54635 25.9185  
1.2625
-5.82051 -5.63699 25.6812  
1.275
-5.80513 -5.74261 25.4553  
1.2875
-5.80484 -5.8625 25.2424  
1.3
-5.81949 -5.99599 25.0445  
1.3125
-5.84889 -6.14235 24.8631  
1.325
-5.89276 -6.30086 24.7  
1.3375
-5.9508 -6.4707 24.5569  
1.35
-6.0226 -6.651 24.4354  
1.3625
-6.10774 -6.84078 24.3371  
1.375
-6.20568 -7.03888 24.2636  
1.3875
-6.31582 -7.24401 24.2164  
1.4
-6.43747 -7.45465 24.197  
1.4125
-6.56983 -7.66906 24.2067  
1.425
-6.71195 -7.88524 24.2467  
1.4375
-6.86277 -8.10093 24.3178  
1.45
-7.02105 -8.31357 24.4208  
1.4625
-7.1854 -8.52034 24.5561  
1.475
-7.35422 -8.71814 24.7235  
1.4875
-7.52575 -8.90366 24.9225  
1.5
-7.69801 -9.07338 25.152  
1.5125
-7.86884 -9.22371 25.4104  
1.525
-8.03592 -9.35103 25.6951  
1.5375
-8.19677 -9.45186 26.003  
1.55
-8.34882 -9.52293 26.3304  
1.5625
-8.48942 -9.56141 26.6725  
1.575
-8.61595 -9.56499 27.0242  
1.5875
-8.72585 -9.53209 27.3796  
1.6
-8.81675 -9.46195 27.7325  
1.6125
-8.88649 -9.35475 28.0764  
1.625
-8.93328 -9.21169 28.4048  
1.6375
-8.95571 -9.03497 28.7113  
1.65
-8.95288 -8.82777 28.9902  
1.6625
-8.92441 -8.59413 29.2361  
1.675
-8.87048 -8.33882 29.4445  
1.6875
-8.79185 -8.06714 29.6121  
1.7
-8.68983 -7.78469 29.7364  
1.7125
-8.56625 -7.49716 29.8162  
1.725
-8.42338 -7.2101 29.8513  
1.7375
-8.26386 -6.9287 29.8424  
1.75
-8.0906 -6.6577 29.7913  
1.7625
-7.90668 -6.40118 29.7004  
1.775
-7.71528 -6.16257 29.5727  
1.7875
-7.51954 -5.94455 29.4116  
1.8
-7.32252 -5.74914 29.2209  
1.8125
-7.12712 -5.57767 29.0043  
1.825
-6.936 -5.43092 28.7657  
1.8375
-6.7516 -5.30914 28.509  
1.85
-6.57605 -5.21218 28.2376  
1.8625
-6.4112 -5.13957 27.9551  
1.875
-6.25861 -5.09063 27.6647  
1.8875
-6.11958 -5.06448 27.3693  
1.9
-5.99514 -5.06018 27.0719  
1.9125
-5.88607 -5.07675 26.775  
1.925
-5.79297 -5.1132 26.481  
1.9375
-5.71624 -5.1686 26.1922  
1.95
-5.65612 -5.24205 25.9107  
1.9625
-5.61274 -5.33272 25.6385  
1.975
-5.58611 -5.43984 25.3777  
1.9875
-5.57614 -5.56271 25.13  
2
-5.58269 -5.70065 24.8972  
2.0125
-5.60555 -5.85302 24.6813  
