0 10 4 5  
0.003125 9.82646 4.69696 5.10322  
0.00625 9.67943 5.37687 5.22451  
0.009375 9.55758 6.04119 5.36306  
0.0125 9.45968 6.69133 5.51823  
0.015625 9.38457 7.32856 5.68961  
0.01875 9.33119 7.95411 5.8769  
0.021875 9.29852 8.56906 6.07999  
0.025 9.28562 9.17444 6.29888  
0.028125 9.29159 9.77113 6.53369  
0.03125 9.3156 10.3599 6.78465  
0.034375 9.35687 10.9416 7.05209  
0.0375 9.41466 11.5166 7.33641  
0.040625 9.48825 12.0854 7.6381  
0.04375 9.57699 12.6485 7.95769  
0.046875 9.68023 13.206 8.29579  
0.05 9.79735 13.758 8.65306  
0.053125 9.92777 14.3046 9.03018  
0.05625 10.0709 14.8455 9.42787  
0.059375 10.2262 15.3807 9.84688  
0.0625 10.3931 15.9095 10.2879  
0.065625 10.571 16.4316 10.7518  
0.06875 10.7594 16.9462 11.2393  
0.071875 10.9577 17.4526 11.7511  
0.075 11.1653 17.9498 12.2878  
0.078125 11.3817 18.4367 12.8502  
0.08125 11.6062 18.9121 13.4388  
0.084375 11.8383 19.3745 14.0542  
0.0875 12.0772 19.8226 14.6968  
0.090625 12.3224 20.2545 15.3669  
0.09375 12.573 20.6686 16.0648  
0.096875 12.8283 21.063 16.7904  
0.1 13.0877 21.4355 17.5438  
0.103125 13.3501 21.784 18.3246  
0.10625 13.6148 22.1063 19.1324  
0.109375 13.8808 22.4 19.9666  
0.1125 14.1472 22.6629 20.8263  
0.115625 14.413 22.8923 21.7102  
0.11875 14.6772 23.086 22.6171  
0.121875 14.9386 23.2415 23.5453  
0.125 15.1961 23.3563 24.4928  
0.128125 15.4486 23.4282 25.4574  
0.13125 15.6948 23.455 26.4366  
0.134375 15.9336 23.4347 27.4277  
0.1375 16.1636 23.3652 28.4275  
0.140625 16.3837 23.2451 29.4327  
0.14375 16.5925 23.073 30.4397  
0.146875 16.7887 22.8477 31.4448  
0.15 16.9712 22.5685 32.444  
0.153125 17.1386 22.235 33.433  
0.15625 17.2897 21.8473 34.4077  
0.159375 17.4234 21.4059 35.3637  
0.1625 17.5386 20.9116 36.2966  
0.165625 17.6343 20.3657 37.2021  
0.16875 17.7094 19.77 38.0761  
0.171875 17.7631 19.1268 38.9144  
0.175 17.7946 18.4388 39.7131  
0.178125 17.8034 17.7089 40.4686  
0.18125 17.7888 16.9407 41.1778  
0.184375 17.7504 16.138 41.8375  
0.1875 17.688 15.3048 42.4453  
0.190625 17.6015 14.4455 42.999  
0.19375 17.4908 13.5646 43.4971  
0.196875 17.3561 12.6668 43.9384  
0.2 17.1978 11.7566 44.3222  
0.203125 17.0161 10.839 44.6483  
0.20625 16.8117 9.91841 44.9172  
0.209375 16.5853 8.9995 45.1294  
0.2125 16.3376 8.08661 45.2863  
0.215625 16.0696 7.18388 45.3895  
0.21875 15.7823 6.2952 45.4409  
0.221875 15.4767 5.42416 45.4429  
0.225 15.154 4.57401 45.398  
0.228125 14.8155 3.74768 45.3091  
0.23125 14.4623 2.94772 45.1791  
0.234375 14.0958 2.17632 45.0113  
0.2375 13.7173 1.43529 44.8087  
0.240625 13.3282 0.726108 44.5747  
0.24375 12.9297 0.0498713 44.3124  
0.246875 12.5232 -0.592637 44.0252  
0.25 12.11 -1.20095 43.7161  
0.253125 11.6913 -1.77489 43.3882  
0.25625 11.2683 -2.31454 43.0445  
0.259375 10.8423 -2.82022 42.6875  
0.2625 10.4144 -3.29248 42.3201  
0.265625 9.98564 -3.73202 41.9445  
0.26875 9.55704 -4.13971 41.5631  
0.271875 9.12958 -4.51657 41.178  
0.275 8.70415 -4.86369 40.7909  
0.278125 8.28158 -5.18228 40.4037  
0.28125 7.86264 -5.47359 40.0178  
0.284375 7.44805 -5.73891 39.6347  
0.2875 7.03845 -5.97957 39.2554  
0.290625 6.63441 -6.19691 38.8811  
0.29375 6.23648 -6.39226 38.5126  
0.296875 5.84511 -6.56695 38.1506  
0.3 5.46072 -6.72226 37.7959  
0.303125 5.08366 -6.85948 37.4488  
0.30625 4.71426 -6.97981 37.1099  
0.309375 4.35277 -7.08446 36.7793  
0.3125 3.99943 -7.17456 36.4575  
0.315625 3.65439 -7.2512 36.1443  
0.31875 3.31782 -7.31542 35.8401  
0.321875 2.98981 -7.36821 35.5447  
0.325 2.67044 -7.4105 35.2581  
0.328125 2.35975 -7.44317 34.9803  
0.33125 2.05775 -7.46706 34.7111  
0.334375 1.76444 -7.48293 34.4504  
0.3375 1.47979 -7.49154 34.1979  
0.340625 1.20373 -7.49354 33.9536  
0.34375 0.936203 -7.48959 33.7171  
0.346875 0.677116 -7.48028 33.4883  
0.35 0.426364 -7.46616 33.2669  
0.353125 0.183832 -7.44773 33.0526  
0.35625 -0.0506102 -7.42549 32.8452  
0.359375 -0.2771 -7.39987 32.6443  
0.3625 -0.495784 -7.37127 32.4499  
0.365625 -0.706818 -7.34007 32.2616  
0.36875 -0.910363 -7.30662 32.0791  
0.371875 -1.10658 -7.27125 31.9021  
0.375 -1.29565 -7.23424 31.7306  
0.378125 -1.47775 -7.19588 31.5641  
0.38125 -1.65304 -7.1564 31.4025  
0.384375 -1.82171 -7.11604 31.2455  
0.3875 -1.98393 -7.07501 31.0929  
0.390625 -2.1399 -7.03351 30.9445  
0.39375 -2.28978 -6.9917 30.8002  
0.396875 -2.43377 -6.94977 30.6596  
0.4 -2.57203 -6.90784 30.5226  
0.403125 -2.70475 -6.86607 30.3891  
0.40625 -2.83211 -6.82457 30.2588  
0.409375 -2.95428 -6.78346 30.1316  
0.4125 -3.07144 -6.74284 30.0074  
0.415625 -3.18374 -6.7028 29.886  
0.41875 -3.29138 -6.66344 29.7672  
0.421875 -3.3945 -6.62482 29.651  
0.425 -3.49327 -6.58702 29.5371  
0.428125 -3.58786 -6.55011 29.4256  
0.43125 -3.67841 -6.51414 29.3162  
0.434375 -3.76509 -6.47915 29.2089  
0.4375 -3.84804 -6.44521 29.1035  
0.440625 -3.92741 -6.41234 29.0001  
0.44375 -4.00335 -6.3806 28.8984  
0.446875 -4.07599 -6.35 28.7985  
0.45 -4.14547 -6.32058 28.7002  
0.453125 -4.21193 -6.29236 28.6035  
0.45625 -4.2755 -6.26537 28.5083  
0.459375 -4.3363 -6.23963 28.4146  
0.4625 -4.39445 -6.21515 28.3222  
0.465625 -4.45009 -6.19195 28.2312  
0.46875 -4.50332 -6.17003 28.1415  
0.471875 -4.55426 -6.14941 28.0531  
0.475 -4.60301 -6.13009 27.9659  
0.478125 -4.6497 -6.11208 27.8799  
0.48125 -4.69441 -6.09538 27.795  
0.484375 -4.73726 -6.08 27.7113  
0.4875 -4.77833 -6.06594 27.6287  
0.490625 -4.81773 -6.05319 27.5471  
0.49375 -4.85555 -6.04175 27.4666  
0.496875 -4.89187 -6.03162 27.3871  
0.5 -4.92678 -6.02279 27.3087  
0.503125 -4.96037 -6.01527 27.2312  
0.50625 -4.99271 -6.00904 27.1548  
0.509375 -5.02389 -6.00409 27.0793  
0.5125 -5.05397 -6.00042 27.0048  
0.515625 -5.08304 -5.99803 26.9313  
0.51875 -5.11116 -5.99689 26.8587  
0.521875 -5.1384 -5.99701 26.7871  
0.525 -5.16482 -5.99837 26.7165  
0.528125 -5.19049 -6.00095 26.6468  
0.53125 -5.21548 -6.00476 26.578  
0.534375 -5.23982 -6.00978 26.5103  
0.5375 -5.2636 -6.01599 26.4435  
0.540625 -5.28685 -6.02339 26.3777  
0.54375 -5.30963 -6.03195 26.3128  
0.546875 -5.33199 -6.04168 26.2489  
0.55 -5.35399 -6.05255 26.186  
0.553125 -5.37565 -6.06455 26.1241  
0.55625 -5.39704 -6.07767 26.0632  
0.559375 -5.41819 -6.0919 26.0033  
0.5625 -5.43915 -6.10722 25.9445  
0.565625 -5.45995 -6.12361 25.8866  
0.56875 -5.48063 -6.14106 25.8299  
0.571875 -5.50122 -6.15956 25.7741  
0.575 -5.52177 -6.1791 25.7195  
0.578125 -5.54231 -6.19965 25.6659  
0.58125 -5.56286 -6.2212 25.6134  
0.584375 -5.58345 -6.24375 25.562  
0.5875 -5.60412 -6.26726 25.5118  
0.590625 -5.6249 -6.29173 25.4626  
0.59375 -5.6458 -6.31714 25.4147  
0.596875 -5.66686 -6.34348 25.3679  
0.6 -5.68809 -6.37072 25.3222  
0.603125 -5.70952 -6.39886 25.2778  
0.60625 -5.73117 -6.42787 25.2346  
0.609375 -5.75306 -6.45774 25.1926  
0.6125 -5.77521 -6.48845 25.1519  
0.615625 -5.79764 -6.51999 25.1124  
0.61875 -5.82036 -6.55234 25.0743  
0.621875 -5.84339 -6.58547 25.0374  
0.625 -5.86674 -6.61938 25.0018  
0.628125 -5.89043 -6.65404 24.9676  
0.63125 -5.91447 -6.68943 24.9347  
0.634375 -5.93886 -6.72554 24.9032  
0.6375 -5.96363 -6.76235 24.873  
0.640625 -5.98878 -6.79983 24.8443  
0.64375 -6.01432 -6.83797 24.817  
0.646875 -6.04026 -6.87674 24.7911  
0.65 -6.0666 -6.91613 24.7667  
0.653125 -6.09335 -6.95611 24.7438  
0.65625 -6.12052 -6.99666 24.7223  
0.659375 -6.14811 -7.03776 24.7024  
0.6625 -6.17613 -7.07939 24.684  
0.665625 -6.20457 -7.12152 24.6671  
0.66875 -6.23344 -7.16412 24.6518  
0.671875 -6.26273 -7.20719 24.6381  
0.675 -6.29246 -7.25067 24.6259  
0.678125 -6.32262 -7.29456 24.6154  
0.68125 -6.35321 -7.33883 24.6065  
0.684375 -6.38422 -7.38344 24.5992  
0.6875 -6.41566 -7.42838 24.5936  
0.690625 -6.44752 -7.47361 24.5897  
0.69375 -6.47979 -7.5191 24.5874  
0.696875 -6.51247 -7.56482 24.5868  
0.7 -6.54556 -7.61074 24.588  
0.703125 -6.57905 -7.65683 24.5909  
0.70625 -6.61292 -7.70307 24.5954  
0.709375 -6.64718 -7.7494 24.6018  
0.7125 -6.68181 -7.79581 24.6099  
0.715625 -6.71681 -7.84225 24.6197  
0.71875 -6.75215 -7.8887 24.6313  
0.721875 -6.78784 -7.93511 24.6447  
0.725 -6.82386 -7.98145 24.6599  
0.728125 -6.86019 -8.02768 24.6769  
0.73125 -6.89682 -8.07376 24.6957  
0.734375 -6.93375 -8.11965 24.7162  
0.7375 -6.97094 -8.16531 24.7386  
0.740625 -7.0084 -8.21071 24.7627  
0.74375 -7.04609 -8.25579 24.7887  
0.746875 -7.084 -8.30053 24.8165  
0.75 -7.12212 -8.34486 24.846  
0.753125 -7.16042 -8.38876 24.8773  
0.75625 -7.19889 -8.43218 24.9105  
0.759375 -7.2375 -8.47507 24.9454  
0.7625 -7.27624 -8.51738 24.982  
0.765625 -7.31508 -8.55908 25.0204  
0.76875 -7.35399 -8.60011 25.0606  
0.771875 -7.39296 -8.64043 25.1025  
0.775 -7.43196 -8.67999 25.146  
0.778125 -7.47096 -8.71874 25.1913  
0.78125 -7.50994 -8.75664 25.2383  
0.784375 -7.54888 -8.79364 25.2868  
0.7875 -7.58774 -8.82969 25.3371  
0.790625 -7.6265 -8.86474 25.3889  
0.79375 -7.66513 -8.89874 25.4422  
0.796875 -7.7036 -8.93165 25.4972  
0.8 -7.74188 -8.96342 25.5536  
0.803125 -7.77995 -8.994 25.6114  
0.80625 -7.81776 -9.02335 25.6708  
0.809375 -7.8553 -9.05141 25.7315  
0.8125 -7.89252 -9.07815 25.7935  
0.815625 -7.9294 -9.10351 25.8568  
0.81875 -7.9659 -9.12746 25.9214  
0.821875 -8.00199 -9.14995 25.9873  
0.825 -8.03765 -9.17093 26.0542  
0.828125 -8.07282 -9.19037 26.1223  
0.83125 -8.10749 -9.20823 26.1914  
0.834375 -8.14162 -9.22446 26.2615  
0.8375 -8.17517 -9.23904 26.3325  
0.840625 -8.20811 -9.25192 26.4044  
0.84375 -8.24041 -9.26306 26.4771  
0.846875 -8.27203 -9.27245 26.5505  
0.85 -8.30294 -9.28005 26.6246  
0.853125 -8.3331 -9.28582 26.6993  
0.85625 -8.36248 -9.28975 26.7745  
0.859375 -8.39105 -9.29181 26.8501  
0.8625 -8.41878 -9.29198 26.9261  
0.865625 -8.44563 -9.29024 27.0025  
0.86875 -8.47157 -9.28657 27.079  
0.871875 -8.49657 -9.28096 27.1557  
0.875 -8.52059 -9.2734 27.2324  
0.878125 -8.54362 -9.26387 27.3091  
0.88125 -8.56561 -9.25239 27.3857  
0.884375 -8.58654 -9.23893 27.4621  
0.8875 -8.60638 -9.22351 27.5383  
0.890625 -8.62511 -9.20612 27.614  
0.89375 -8.6427 -9.18677 27.6894  
0.896875 -8.65912 -9.16548 27.7641  
0.9 -8.67434 -9.14225 27.8383  
0.903125 -8.68836 -9.1171 27.9118  
0.90625 -8.70114 -9.09006 27.9845  
0.909375 -8.71267 -9.06113 28.0563  
0.9125 -8.72292 -9.03036 28.1272  
0.915625 -8.73188 -8.99776 28.1971  
0.91875 -8.73954 -8.96337 28.2658  
0.921875 -8.74587 -8.92722 28.3333  
0.925 -8.75087 -8.88935 28.3996  
0.928125 -8.75453 -8.8498 28.4645  
0.93125 -8.75683 -8.80862 28.528  
0.934375 -8.75776 -8.76585 28.59  
0.9375 -8.75733 -8.72154 28.6505  
0.940625 -8.75553 -8.67574 28.7093  
0.94375 -8.75235 -8.6285 28.7664  
0.946875 -8.74779 -8.57989 28.8217  
0.95 -8.74185 -8.52996 28.8752  
0.953125 -8.73455 -8.47876 28.9268  
0.95625 -8.72587 -8.42637 28.9765  
0.959375 -8.71583 -8.37285 29.0241  
0.9625 -8.70443 -8.31825 29.0698  
0.965625 -8.69169 -8.26266 29.1133  
0.96875 -8.67762 -8.20613 29.1547  
0.971875 -8.66222 -8.14875 29.1939  
0.975 -8.64553 -8.09057 29.2309  
0.978125 -8.62754 -8.03167 29.2657  
0.98125 -8.60828 -7.97212 29.2982  
0.984375 -8.58778 -7.912 29.3284  
0.9875 -8.56605 -7.85137 29.3563  
0.990625 -8.54311 -7.79032 29.3818  
0.99375 -8.519 -7.7289 29.405  
0.996875 -8.49373 -7.66721 29.4258  
1 -8.46734 -7.6053 29.4442  
1.00313 -8.43985 -7.54325 29.4602  
1.00625 -8.4113 -7.48113 29.4738  
1.00938 -8.38172 -7.41901 29.4851  
1.0125 -8.35113 -7.35697 29.4939  
1.01563 -8.31958 -7.29506 29.5004  
1.01875 -8.2871 -7.23336 29.5045  
1.02188 -8.25373 -7.17193 29.5062  
1.025 -8.21949 -7.11083 29.5056  
1.02813 -8.18443 -7.05014 29.5027  
1.03125 -8.1486 -6.9899 29.4975  
1.03438 -8.11202 -6.93018 29.49  
1.0375 -8.07473 -6.87105 29.4802  
1.04063 -8.03679 -6.81254 29.4682  
1.04375 -7.99822 -6.75472 29.4541  
1.04688 -7.95907 -6.69763 29.4377  
1.05 -7.91938 -6.64134 29.4193  
1.05313 -7.87919 -6.58588 29.3987  
1.05625 -7.83855 -6.53129 29.3761  
1.05938 -7.79749 -6.47764 29.3515  
1.0625 -7.75605 -6.42494 29.3249  
1.06563 -7.71429 -6.37325 29.2964  
1.06875 -7.67224 -6.3226 29.266  
1.07188 -7.62994 -6.27303 29.2337  
1.075 -7.58743 -6.22456 29.1997  
1.07813 -7.54476 -6.17723 29.1639  
1.08125 -7.50196 -6.13107 29.1264  
1.08438 -7.45908 -6.08609 29.0873  
1.0875 -7.41615 -6.04234 29.0466  
1.09063 -7.37322 -5.99982 29.0043  
1.09375 -7.33031 -5.95855 28.9605  
1.09688 -7.28748 -5.91857 28.9153  
1.1 -7.24476 -5.87987 28.8687  
1.10313 -7.20218 -5.84248 28.8207  
1.10625 -7.15977 -5.80641 28.7714  
1.10938 -7.11759 -5.77167 28.7209  
1.1125 -7.07565 -5.73827 28.6691  
1.11563 -7.034 -5.70621 28.6163  
1.11875 -6.99267 -5.67551 28.5623  
1.12188 -6.95168 -5.64616 28.5073  
1.125 -6.91107 -5.61817 28.4513  
1.12813 -6.87087 -5.59155 28.3943  
1.13125 -6.83111 -5.56629 28.3365  
1.13438 -6.79182 -5.54239 28.2778  
1.1375 -6.75303 -5.51986 28.2183  
1.14063 -6.71475 -5.49868 28.158  
1.14375 -6.67702 -5.47886 28.097  
1.14688 -6.63986 -5.46038 28.0354  
1.15 -6.6033 -5.44325 27.9732  
1.15313 -6.56736 -5.42746 27.9104  
1.15625 -6.53206 -5.41301 27.8471  
1.15938 -6.49742 -5.39987 27.7833  
1.1625 -6.46346 -5.38805 27.7191  
1.16563 -6.43021 -5.37754 27.6545  
1.16875 -6.39767 -5.36833 27.5895  
1.17188 -6.36587 -5.3604 27.5243  
1.175 -6.33483 -5.35375 27.4587  
1.17813 -6.30455 -5.34836 27.393  
1.18125 -6.27507 -5.34423 27.3271  
1.18438 -6.24638 -5.34135 27.261  
1.1875 -6.2185 -5.3397 27.1948  
1.19063 -6.19145 -5.33927 27.1286  
1.19375 -6.16524 -5.34004 27.0623  
1.19688 -6.13988 -5.34202 26.9961  
1.2 -6.11537 -5.34518 26.9299  
1.20313 -6.09174 -5.34951 26.8638  
1.20625 -6.06898 -5.355 26.7978  
1.20938 -6.04712 -5.36164 26.7319  
1.2125 -6.02614 -5.36942 26.6663  
1.21563 -6.00607 -5.37831 26.6008  
1.21875 -5.98691 -5.38832 26.5356  
1.22188 -5.96866 -5.39943 26.4707  
1.225 -5.95133 -5.41162 26.4062  
1.22813 -5.93493 -5.42489 26.342  
1.23125 -5.91945 -5.43922 26.2781  
1.23438 -5.90491 -5.45459 26.2147  
1.2375 -5.89131 -5.47101 26.1517  
1.24063 -5.87864 -5.48845 26.0893  
1.24375 -5.86692 -5.50691 26.0273  
1.24688 -5.85614 -5.52637 25.9658  
1.25 -5.84631 -5.54682 25.905  
1.25313 -5.83742 -5.56825 25.8447  
1.25625 -5.82949 -5.59065 25.7851  
1.25938 -5.8225 -5.61401 25.7261  
1.2625 -5.81646 -5.63831 25.6678  
1.26563 -5.81136 -5.66355 25.6102  
1.26875 -5.80722 -5.68971 25.5534  
1.27188 -5.80402 -5.71679 25.4973  
1.275 -5.80177 -5.74477 25.442  
1.27813 -5.80046 -5.77364 25.3876  
1.28125 -5.80009 -5.80339 25.334  
1.28438 -5.80066 -5.83401 25.2813  
1.2875 -5.80217 -5.86549 25.2295  
1.29063 -5.80462 -5.89782 25.1786  
1.29375 -5.808 -5.93099 25.1287  
1.29688 -5.81231 -5.96498 25.0798  
1.3 -5.81754 -5.99979 25.0319  
1.30313 -5.8237 -6.0354 24.9851  
1.30625 -5.83077 -6.0718 24.9393  
1.30938 -5.83876 -6.10899 24.8946  
1.3125 -5.84766 -6.14695 24.851  
1.31563 -5.85747 -6.18566 24.8086  
1.31875 -5.86817 -6.22512 24.7674  
1.32188 -5.87978 -6.26532 24.7273  
1.325 -5.89227 -6.30623 24.6885  
1.32813 -5.90565 -6.34785 24.651  
1.33125 -5.91991 -6.39017 24.6147  
1.33438 -5.93504 -6.43317 24.5797  
1.3375 -5.95104 -6.47684 24.5461  
1.34063 -5.9679 -6.52116 24.5138  
1.34375 -5.98562 -6.56611 24.4829  
1.34688 -6.00418 -6.61169 24.4534  
1.35 -6.02359 -6.65788 24.4253  
1.35313 -6.04383 -6.70466 24.3987  
1.35625 -6.06489 -6.75201 24.3736  
1.35938 -6.08677 -6.79992 24.35  
1.3625 -6.10946 -6.84837 24.3279  
1.36563 -6.13295 -6.89733 24.3074  
1.36875 -6.15724 -6.9468 24.2885  
1.37188 -6.1823 -6.99675 24.2711  
1.375 -6.20814 -7.04715 24.2554  
1.37813 -6.23474 -7.098 24.2414  
1.38125 -6.26209 -7.14925 24.229  
1.38438 -6.29019 -7.2009 24.2183  
1.3875 -6.31901 -7.25292 24.2094  
1.39063 -6.34856 -7.30528 24.2022  
1.39375 -6.37881 -7.35795 24.1967  
1.39688 -6.40975 -7.41092 24.193  
1.4 -6.44138 -7.46415 24.1912  
1.40313 -6.47367 -7.51761 24.1911  
1.40625 -6.50662 -7.57127 24.193  
1.40938 -6.54021 -7.6251 24.1966  
1.4125 -6.57443 -7.67908 24.2022  
1.41563 -6.60926 -7.73316 24.2096  
1.41875 -6.64467 -7.78732 24.219  
1.42188 -6.68067 -7.84151 24.2303  
1.425 -6.71723 -7.89571 24.2436  
1.42813 -6.75433 -7.94987 24.2588  
1.43125 -6.79195 -8.00396 24.2759  
1.43438 -6.83008 -8.05793 24.2951  
1.4375 -6.86869 -8.11175 24.3162  
1.44063 -6.90777 -8.16537 24.3394  
1.44375 -6.94729 -8.21876 24.3645  
1.44688 -6.98723 -8.27186 24.3917  
1.45 -7.02758 -8.32463 24.4208  
1.45313 -7.0683 -8.37703 24.452  
1.45625 -7.10937 -8.42901 24.4853  
1.45938 -7.15078 -8.48052 24.5205  
1.4625 -7.19248 -8.53151 24.5578  
1.46563 -7.23447 -8.58193 24.5971  
1.46875 -7.2767 -8.63174 24.6384  
1.47188 -7.31916 -8.68087 24.6816  
1.475 -7.36181 -8.72928 24.7269  
1.47813 -7.40462 -8.77691 24.7742  
1.48125 -7.44757 -8.8237 24.8234  
1.48438 -7.49063 -8.86961 24.8746  
1.4875 -7.53376 -8.91458 24.9278  
1.49063 -7.57693 -8.95855 24.9828  
1.49375 -7.62011 -9.00147 25.0397  
1.49688 -7.66327 -9.04328 25.0985  
1.5 -7.70636 -9.08391 25.1591  
1.50313 -7.74936 -9.12333 25.2215  
1.50625 -7.79223 -9.16146 25.2857  
1.50938 -7.83494 -9.19825 25.3516  
1.5125 -7.87744 -9.23365 25.4193  
1.51563 -7.9197 -9.2676 25.4885  
1.51875 -7.96168 -9.30004 25.5594  
1.52188 -8.00335 -9.33092 25.6318  
1.525 -8.04466 -9.36018 25.7057  
1.52813 -8.08557 -9.38776 25.7811  
1.53125 -8.12604 -9.41363 25.8579  
1.53438 -8.16604 -9.43772 25.936  
1.5375 -8.20552 -9.45998 26.0154  
1.54063 -8.24445 -9.48037 26.0959  
1.54375 -8.28277 -9.49884 26.1777  
1.54688 -8.32045 -9.51534 26.2604  
1.55 -8.35745 -9.52982 26.3442  
1.55313 -8.39372 -9.54226 26.4289  
1.55625 -8.42923 -9.5526 26.5145  
1.55938 -8.46394 -9.56081 26.6008  
1.5625 -8.49779 -9.56686 26.6877  
1.56563 -8.53075 -9.57071 26.7753  
1.56875 -8.56279 -9.57234 26.8633  
1.57188 -8.59385 -9.57171 26.9518  
1.575 -8.6239 -9.56881 27.0405  
1.57813 -8.65291 -9.56362 27.1295  
1.58125 -8.68082 -9.55612 27.2186  
1.58438 -8.70761 -9.54629 27.3077  
1.5875 -8.73324 -9.53412 27.3968  
1.59063 -8.75767 -9.51962 27.4857  
1.59375 -8.78086 -9.50277 27.5743  
1.59688 -8.80279 -9.48359 27.6625  
1.6 -8.82341 -9.46207 27.7503  
1.60313 -8.8427 -9.43822 27.8374  
1.60625 -8.86063 -9.41206 27.9239  
1.60938 -8.87717 -9.38361 28.0096  
1.6125 -8.89229 -9.35288 28.0944  
1.61563 -8.90596 -9.3199 28.1782  
1.61875 -8.91816 -9.28471 28.261  
1.62188 -8.92887 -9.24733 28.3425  
1.625 -8.93806 -9.2078 28.4227  
1.62813 -8.94572 -9.16616 28.5016  
1.63125 -8.95184 -9.12246 28.5789  
1.63438 -8.95639 -9.07675 28.6547  
1.6375 -8.95936 -9.02908 28.7289  
1.64063 -8.96075 -8.97951 28.8012  
1.64375 -8.96054 -8.92809 28.8717  
1.64688 -8.95872 -8.87489 28.9403  
1.65 -8.9553 -8.81997 29.0069  
1.65313 -8.95026 -8.76341 29.0714  
1.65625 -8.94362 -8.70527 29.1337  
1.65938 -8.93537 -8.64563 29.1938  
1.6625 -8.92551 -8.58457 29.2516  
1.66563 -8.91406 -8.52216 29.3071  
1.66875 -8.90102 -8.45848 29.3601  
1.67188 -8.8864 -8.39363 29.4106  
1.675 -8.87022 -8.32768 29.4586  
1.67813 -8.85249 -8.26072 29.5041  
1.68125 -8.83323 -8.19283 29.5469  
1.68438 -8.81247 -8.12411 29.5871  
1.6875 -8.79021 -8.05465 29.6245  
1.69063 -8.76649 -7.98452 29.6593  
1.69375 -8.74134 -7.91383 29.6913  
1.69688 -8.71478 -7.84266 29.7205  
1.7 -8.68683 -7.77111 29.7469  
1.70313 -8.65754 -7.69925 29.7706  
1.70625 -8.62694 -7.62718 29.7914  
1.70938 -8.59506 -7.55499 29.8094  
1.7125 -8.56194 -7.48276 29.8246  
1.71563 -8.52761 -7.41058 29.837  
1.71875 -8.49212 -7.33854 29.8466  
1.72188 -8.45551 -7.26671 29.8535  
1.725 -8.41782 -7.19517 29.8575  
1.72813 -8.3791 -7.12401 29.8588  
1.73125 -8.33938 -7.0533 29.8574  
1.73438 -8.29872 -6.98312 29.8532  
1.7375 -8.25716 -6.91354 29.8464  
1.74063 -8.21474 -6.84462 29.8369  
1.74375 -8.17152 -6.77645 29.8248  
1.74688 -8.12755 -6.70907 29.8102  
1.75 -8.08287 -6.64256 29.793  
1.75313 -8.03753 -6.57697 29.7734  
1.75625 -7.99158 -6.51237 29.7513  
1.75938 -7.94508 -6.4488 29.7268  
1.7625 -7.89807 -6.38632 29.6999  
1.76563 -7.85059 -6.32497 29.6708  
1.76875 -7.80271 -6.2648 29.6394  
1.77188 -7.75448 -6.20586 29.6058  
1.775 -7.70593 -6.14819 29.5701  
1.77813 -7.65712 -6.09182 29.5323  
1.78125 -7.6081 -6.03678 29.4925  
1.78438 -7.55891 -5.98312 29.4507  
1.7875 -7.50961 -5.93085 29.407  
1.79063 -7.46024 -5.88001 29.3615  
1.79375 -7.41084 -5.83062 29.3141  
1.79688 -7.36147 -5.78269 29.2651  
1.8 -7.31217 -5.73626 29.2144  
1.80313 -7.26298 -5.69134 29.1621  
1.80625 -7.21394 -5.64794 29.1082  
1.80938 -7.1651 -5.60607 29.0529  
1.8125 -7.1165 -5.56574 28.9961  
1.81563 -7.06818 -5.52697 28.938  
1.81875 -7.02018 -5.48976 28.8785  
1.82188 -6.97253 -5.45411 28.8179  
1.825 -6.92528 -5.42003 28.756  
1.82813 -6.87845 -5.38751 28.693  
1.83125 -6.83209 -5.35656 28.629  
1.83438 -6.78623 -5.32717 28.5639  
1.8375 -6.7409 -5.29934 28.4979  
1.84063 -6.69613 -5.27307 28.4309  
1.84375 -6.65196 -5.24834 28.3632  
1.84688 -6.60841 -5.22516 28.2946  
1.85 -6.5655 -5.20351 28.2253  
1.85313 -6.52328 -5.18339 28.1553  
1.85625 -6.48176 -5.16478 28.0847  
1.85938 -6.44097 -5.14768 28.0135  
1.8625 -6.40093 -5.13206 27.9417  
1.86563 -6.36167 -5.11793 27.8695  
1.86875 -6.3232 -5.10526 27.7969  
1.87188 -6.28554 -5.09404 27.7238  
1.875 -6.24873 -5.08427 27.6504  
1.87813 -6.21276 -5.07591 27.5767  
1.88125 -6.17767 -5.06897 27.5028  
1.88438 -6.14347 -5.06343 27.4287  
1.8875 -6.11017 -5.05926 27.3544  
1.89063 -6.07779 -5.05646 27.28  
1.89375 -6.04634 -5.055 27.2055  
1.89688 -6.01583 -5.05488 27.1309  
1.9 -5.98628 -5.05608 27.0564  
1.90313 -5.95769 -5.05859 26.9819  
1.90625 -5.93008 -5.06237 26.9075  
1.90938 -5.90346 -5.06744 26.8332  
1.9125 -5.87783 -5.07375 26.759  
1.91563 -5.85321 -5.08131 26.6851  
1.91875 -5.82959 -5.09009 26.6113  
1.92188 -5.80699 -5.10009 26.5379  
1.925 -5.78541 -5.11128 26.4647  
1.92813 -5.76485 -5.12366 26.3919  
1.93125 -5.74533 -5.1372 26.3194  
1.93438 -5.72685 -5.15189 26.2474  
1.9375 -5.7094 -5.16773 26.1757  
1.94063 -5.69299 -5.18469 26.1046  
1.94375 -5.67763 -5.20276 26.0339  
1.94688 -5.66331 -5.22194 25.9638  
1.95 -5.65004 -5.2422 25.8942  
1.95313 -5.63782 -5.26353 25.8252  
1.95625 -5.62665 -5.28593 25.7568  
1.95938 -5.61653 -5.30938 25.6891  
1.9625 -5.60745 -5.33387 25.6221  
1.96563 -5.59943 -5.35938 25.5558  
1.96875 -5.59245 -5.38591 25.4902  
1.97188 -5.58652 -5.41344 25.4254  
1.975 -5.58163 -5.44197 25.3614  
1.97813 -5.57779 -5.47148 25.2982  
1.98125 -5.57499 -5.50196 25.2359  
1.98438 -5.57323 -5.5334 25.1745  
1.9875 -5.5725 -5.56579 25.114  
1.99063 -5.57281 -5.59913 25.0544  
1.99375 -5.57414 -5.63339 24.9958  
1.99688 -5.57651 -5.66858 24.9382  
