0
10 4 5  
0.003125
9.82623 4.6972 5.10313  
0.00625
9.67898 5.37733 5.22437  
0.009375
9.55695 6.04185 5.36288  
0.0125
9.45889 6.69215 5.51804  
0.015625
9.38365 7.32953 5.68942  
0.01875
9.33016 7.9552 5.87672  
0.021875
9.29739 8.57025 6.07983  
0.025
9.28441 9.1757 6.29875  
0.028125
9.29031 9.77246 6.5336  
0.03125
9.31427 10.3613 6.78461  
0.034375
9.3555 10.9429 7.05209  
0.0375
9.41325 11.518 7.33646  
0.040625
9.48681 12.0868 7.63819  
0.04375
9.57553 12.6498 7.95783  
0.046875
9.67875 13.2073 8.29598  
0.05
9.79586 13.7592 8.65329  
0.053125
9.92626 14.3057 9.03044  
0.05625
10.0694 14.8466 9.42817  
0.059375
10.2246 15.3816 9.84719  
0.0625
10.3915 15.9104 10.2883  
0.065625
10.5694 16.4323 10.7522  
0.06875
10.7578 16.9468 11.2396  
0.071875
10.956 17.453 11.7513  
0.075
11.1636 17.95 12.288  
0.078125
11.38 18.4367 12.8504  
0.08125
11.6045 18.9118 13.4389  
0.084375
11.8365 19.3741 14.0542  
0.0875
12.0753 19.8219 14.6966  
0.090625
12.3204 20.2536 15.3665  
0.09375
12.5709 20.6675 16.0642  
0.096875
12.8262 21.0616 16.7895  
0.1
13.0854 21.4338 17.5426  
0.103125
13.3477 21.7821 18.3231  
0.10625
13.6122 22.1042 19.1305  
0.109375
13.8781 22.3978 19.9642  
0.1125
14.1444 22.6604 20.8234  
0.115625
14.41 22.8898 21.7068  
0.11875
14.674 23.0834 22.613  
0.121875
14.9352 23.2388 23.5405  
0.125
15.1926 23.3536 24.4873  
0.128125
15.4449 23.4256 25.4512  
0.13125
15.691 23.4525 26.4296  
0.134375
15.9296 23.4324 27.4198  
0.1375
16.1595 23.3633 28.4187  
0.140625
16.3794 23.2436 29.423  
0.14375
16.5881 23.0719 30.4291  
0.146875
16.7842 22.8472 31.4333  
0.15
16.9666 22.5688 32.4316  
0.153125
17.1339 22.2362 33.4198  
0.15625
17.2851 21.8495 34.3936  
0.159375
17.4188 21.4091 35.3488  
0.1625
17.5341 20.916 36.2811  
0.165625
17.6299 20.3714 37.186  
0.16875
17.7052 19.7772 38.0595  
0.171875
17.7591 19.1355 38.8975  
0.175
17.7909 18.449 39.696  
0.178125
17.8 17.7207 40.4515  
0.18125
17.7858 16.9542 41.1607  
0.184375
17.7479 16.1531 41.8207  
0.1875
17.6861 15.3216 42.429  
0.190625
17.6001 14.4639 42.9834  
0.19375
17.4901 13.5845 43.4822  
0.196875
17.3561 12.6881 43.9245  
0.2
17.1985 11.7793 44.3094  
0.203125
17.0176 10.8629 44.6368  
0.20625
16.814 9.94349 44.907  
0.209375
16.5884 9.02555 45.1207  
0.2125
16.3416 8.11347 45.2792  
0.215625
16.0745 7.21137 45.384  
0.21875
15.788 6.32315 45.4371  
0.221875
15.4833 5.45239 45.4408  
0.225
15.1615 4.60235 45.3976  
0.228125
14.8238 3.77595 45.3104  
0.23125
14.4714 2.97576 45.1821  
0.234375
14.1057 2.20397 45.0158  
0.2375
13.728 1.46241 44.8148  
0.240625
13.3396 0.752553 44.5822  
0.24375
12.9417 0.0755286 44.3213  
0.246875
12.5359 -0.567872 44.0353  
0.25
12.1232 -1.17717 43.7274  
0.253125
11.705 -1.75216 43.4006  
0.25625
11.2825 -2.29293 43.0577  
0.259375
10.8569 -2.79977 42.7015  
0.2625
10.4293 -3.27322 42.3348  
0.265625
10.0009 -3.71397 41.9598  
0.26875
9.57249 -4.12288 41.5788  
0.271875
9.14521 -4.50094 41.194  
0.275
8.7199 -4.84927 40.8073  
0.278125
8.2974 -5.16903 40.4202  
0.28125
7.87849 -5.46148 40.0344  
0.284375
7.46388 -5.72792 39.6513  
0.2875
7.05421 -5.96965 39.272  
0.290625
6.65007 -6.18802 38.8975  
0.29375
6.252 -6.38435 38.5288  
0.296875
5.86045 -6.55996 38.1667  
0.3
5.47585 -6.71616 37.8117  
0.303125
5.09856 -6.8542 37.4643  
0.30625
4.7289 -6.97531 37.1251  
0.309375
4.36713 -7.08069 36.7942  
0.3125
4.01348 -7.17146 36.4719  
0.315625
3.66813 -7.24873 36.1584  
0.31875
3.33122 -7.31354 35.8538  
0.321875
3.00286 -7.36686 35.558  
0.325
2.68313 -7.40964 35.271  
0.328125
2.37207 -7.44277 34.9928  
0.33125
2.0697 -7.46707 34.7232  
0.334375
1.77602 -7.48332 34.4621  
0.3375
1.49098 -7.49226 34.2093  
0.340625
1.21454 -7.49458 33.9646  
0.34375
0.946634 -7.4909 33.7278  
0.346875
0.687166 -7.48184 33.4986  
0.35
0.436035 -7.46794 33.2768  
0.353125
0.193127 -7.44971 33.0622  
0.35625
-0.0416867 -7.42764 32.8545  
0.359375
-0.268543 -7.40216 32.6534  
0.3625
-0.487588 -7.3737 32.4587  
0.365625
-0.698977 -7.34261 32.27  
0.36875
-0.90287 -7.30926 32.0873  
0.371875
-1.09943 -7.27397 31.9101  
0.375
-1.28884 -7.23703 31.7383  
0.378125
-1.47125 -7.19871 31.5716  
0.38125
-1.64686 -7.15927 31.4098  
0.384375
-1.81584 -7.11894 31.2526  
0.3875
-1.97837 -7.07793 31.0998  
0.390625
-2.13462 -7.03644 30.9513  
0.39375
-2.28479 -6.99464 30.8068  
0.396875
-2.42905 -6.9527 30.666  
0.4
-2.56758 -6.91076 30.5289  
0.403125
-2.70056 -6.86896 30.3953  
0.40625
-2.82816 -6.82744 30.2649  
0.409375
-2.95057 -6.7863 30.1376  
0.4125
-3.06795 -6.74564 30.0132  
0.415625
-3.18048 -6.70556 29.8917  
0.41875
-3.28833 -6.66615 29.7728  
0.421875
-3.39165 -6.62749 29.6565  
0.425
-3.49062 -6.58964 29.5426  
0.428125
-3.58539 -6.55267 29.4309  
0.43125
-3.67613 -6.51664 29.3215  
0.434375
-3.76297 -6.48159 29.2141  
0.4375
-3.84609 -6.44759 29.1087  
0.440625
-3.92562 -6.41466 29.0052  
0.44375
-4.0017 -6.38284 28.9035  
0.446875
-4.07448 -6.35218 28.8035  
0.45
-4.1441 -6.32269 28.7052  
0.453125
-4.21069 -6.2944 28.6085  
0.45625
-4.27438 -6.26734 28.5132  
0.459375
-4.33529 -6.24153 28.4195  
0.4625
-4.39356 -6.21697 28.3271  
0.465625
-4.4493 -6.1937 28.2361  
0.46875
-4.50262 -6.1717 28.1464  
0.471875
-4.55365 -6.15101 28.0579  
0.475
-4.60249 -6.13161 27.9707  
0.478125
-4.64926 -6.11353 27.8846  
0.48125
-4.69404 -6.09676 27.7998  
0.484375
-4.73696 -6.0813 27.716  
0.4875
-4.7781 -6.06716 27.6333  
0.490625
-4.81756 -6.05433 27.5518  
0.49375
-4.85543 -6.04281 27.4712  
0.496875
-4.8918 -6.03261 27.3917  
0.5
-4.92676 -6.0237 27.3133  
0.503125
-4.96038 -6.0161 27.2358  
0.50625
-4.99276 -6.00979 27.1593  
0.509375
-5.02397 -6.00477 27.0838  
0.5125
-5.05409 -6.00103 27.0093  
0.515625
-5.08318 -5.99855 26.9358  
0.51875
-5.11132 -5.99734 26.8632  
0.521875
-5.13858 -5.99738 26.7916  
0.525
-5.16502 -5.99867 26.7209  
0.528125
-5.1907 -6.00118 26.6512  
0.53125
-5.21569 -6.00491 26.5825  
0.534375
-5.24005 -6.00985 26.5147  
0.5375
-5.26382 -6.01599 26.4479  
0.540625
-5.28708 -6.02331 26.382  
0.54375
-5.30986 -6.03181 26.3171  
0.546875
-5.33222 -6.04146 26.2532  
0.55
-5.3542 -6.05226 26.1903  
0.553125
-5.37586 -6.06419 26.1284  
0.55625
-5.39724 -6.07724 26.0675  
0.559375
-5.41837 -6.09139 26.0075  
0.5625
-5.43931 -6.10663 25.9486  
0.565625
-5.46009 -6.12295 25.8908  
0.56875
-5.48075 -6.14034 25.834  
0.571875
-5.50133 -6.15877 25.7782  
0.575
-5.52185 -6.17823 25.7235  
0.578125
-5.54236 -6.19872 25.6699  
0.58125
-5.56289 -6.2202 25.6174  
0.584375
-5.58346 -6.24268 25.5659  
0.5875
-5.6041 -6.26612 25.5156  
0.590625
-5.62484 -6.29052 25.4665  
0.59375
-5.64571 -6.31587 25.4185  
0.596875
-5.66673 -6.34214 25.3716  
0.6
-5.68793 -6.36931 25.3259  
0.603125
-5.70933 -6.39738 25.2815  
0.60625
-5.73094 -6.42633 25.2382  
0.609375
-5.7528 -6.45614 25.1962  
0.6125
-5.77491 -6.48679 25.1554  
0.615625
-5.79729 -6.51826 25.1159  
0.61875
-5.81997 -6.55054 25.0776  
0.621875
-5.84296 -6.58361 25.0407  
0.625
-5.86627 -6.61746 25.005  
0.628125
-5.88991 -6.65206 24.9707  
0.63125
-5.91391 -6.68739 24.9378  
0.634375
-5.93826 -6.72344 24.9062  
0.6375
-5.96298 -6.76019 24.876  
0.640625
-5.98809 -6.79761 24.8472  
0.64375
-6.01358 -6.83569 24.8198  
0.646875
-6.03947 -6.87441 24.7939  
0.65
-6.06577 -6.91374 24.7694  
0.653125
-6.09247 -6.95366 24.7464  
0.65625
-6.11959 -6.99416 24.7248  
0.659375
-6.14713 -7.03521 24.7048  
0.6625
-6.1751 -7.07678 24.6863  
0.665625
-6.20349 -7.11886 24.6694  
0.66875
-6.23231 -7.16142 24.654  
0.671875
-6.26156 -7.20443 24.6402  
0.675
-6.29124 -7.24787 24.6279  
0.678125
-6.32135 -7.29171 24.6173  
0.68125
-6.35189 -7.33593 24.6083  
0.684375
-6.38285 -7.3805 24.6009  
0.6875
-6.41424 -7.42539 24.5952  
0.690625
-6.44605 -7.47058 24.5912  
0.69375
-6.47827 -7.51602 24.5888  
0.696875
-6.5109 -7.56171 24.5881  
0.7
-6.54394 -7.60759 24.5892  
0.703125
-6.57738 -7.65365 24.5919  
0.70625
-6.61121 -7.69985 24.5964  
0.709375
-6.64542 -7.74615 24.6026  
0.7125
-6.68 -7.79253 24.6106  
0.715625
-6.71495 -7.83894 24.6203  
0.71875
-6.75025 -7.88536 24.6318  
0.721875
-6.78589 -7.93175 24.6451  
0.725
-6.82186 -7.97806 24.6602  
0.728125
-6.85815 -8.02427 24.677  
0.73125
-6.89474 -8.07033 24.6957  
0.734375
-6.93162 -8.11621 24.7161  
0.7375
-6.96877 -8.16186 24.7383  
0.740625
-7.00618 -8.20724 24.7624  
0.74375
-7.04383 -8.25232 24.7882  
0.746875
-7.0817 -8.29705 24.8158  
0.75
-7.11978 -8.34139 24.8452  
0.753125
-7.15805 -8.38529 24.8764  
0.75625
-7.19648 -8.42871 24.9094  
0.759375
-7.23505 -8.4716 24.9442  
0.7625
-7.27375 -8.51393 24.9807  
0.765625
-7.31256 -8.55563 25.0189  
0.76875
-7.35144 -8.59668 25.059  
0.771875
-7.39038 -8.63702 25.1007  
0.775
-7.42935 -8.6766 25.1441  
0.778125
-7.46832 -8.71538 25.1893  
0.78125
-7.50728 -8.75331 25.2361  
0.784375
-7.54619 -8.79034 25.2845  
0.7875
-7.58503 -8.82643 25.3346  
0.790625
-7.62377 -8.86152 25.3863  
0.79375
-7.66238 -8.89557 25.4395  
0.796875
-7.70083 -8.92853 25.4943  
0.8
-7.7391 -8.96035 25.5505  
0.803125
-7.77715 -8.99099 25.6083  
0.80625
-7.81496 -9.0204 25.6674  
0.809375
-7.85248 -9.04853 25.728  
0.8125
-7.8897 -9.07534 25.7899  
0.815625
-7.92657 -9.10078 25.8531  
0.81875
-7.96307 -9.1248 25.9176  
0.821875
-7.99917 -9.14737 25.9833  
0.825
-8.03483 -9.16844 26.0501  
0.828125
-8.07001 -9.18797 26.118  
0.83125
-8.10469 -9.20593 26.187  
0.834375
-8.13883 -9.22226 26.257  
0.8375
-8.17239 -9.23694 26.3279  
0.840625
-8.20535 -9.24992 26.3997  
0.84375
-8.23767 -9.26118 26.4723  
0.846875
-8.26931 -9.27069 26.5456  
0.85
-8.30024 -9.2784 26.6196  
0.853125
-8.33043 -9.2843 26.6941  
0.85625
-8.35985 -9.28836 26.7692  
0.859375
-8.38845 -9.29055 26.8448  
0.8625
-8.41622 -9.29085 26.9207  
0.865625
-8.44311 -9.28924 26.997  
0.86875
-8.46909 -9.28571 27.0734  
0.871875
-8.49413 -9.28025 27.15  
0.875
-8.51821 -9.27283 27.2267  
0.878125
-8.54129 -9.26346 27.3034  
0.88125
-8.56334 -9.25212 27.3799  
0.884375
-8.58433 -9.23882 27.4563  
0.8875
-8.60423 -9.22355 27.5324  
0.890625
-8.62303 -9.20632 27.6081  
0.89375
-8.64068 -9.18714 27.6834  
0.896875
-8.65717 -9.16601 27.7582  
0.9
-8.67248 -9.14294 27.8323  
0.903125
-8.68657 -9.11796 27.9058  
0.90625
-8.69943 -9.09107 27.9785  
0.909375
-8.71104 -9.06231 28.0503  
0.9125
-8.72138 -9.0317 28.1212  
0.915625
-8.73043 -8.99927 28.1911  
0.91875
-8.73818 -8.96504 28.2599  
0.921875
-8.7446 -8.92906 28.3274  
0.925
-8.7497 -8.89135 28.3938  
0.928125
-8.75345 -8.85197 28.4587  
0.93125
-8.75585 -8.81094 28.5223  
0.934375
-8.75689 -8.76833 28.5843  
0.9375
-8.75657 -8.72418 28.6448  
0.940625
-8.75487 -8.67853 28.7037  
0.94375
-8.7518 -8.63145 28.7609  
0.946875
-8.74735 -8.58298 28.8163  
0.95
-8.74152 -8.5332 28.8699  
0.953125
-8.73433 -8.48214 28.9216  
0.95625
-8.72576 -8.42989 28.9714  
0.959375
-8.71584 -8.3765 29.0192  
0.9625
-8.70456 -8.32204 29.065  
0.965625
-8.69193 -8.26657 29.1086  
0.96875
-8.67798 -8.21017 29.1502  
0.971875
-8.6627 -8.1529 29.1895  
0.975
-8.64612 -8.09484 29.2267  
0.978125
-8.62825 -8.03604 29.2616  
0.98125
-8.60911 -7.9766 29.2943  
0.984375
-8.58873 -7.91657 29.3246  
0.9875
-8.56711 -7.85604 29.3527  
0.990625
-8.54429 -7.79507 29.3784  
0.99375
-8.52029 -7.73374 29.4017  
0.996875
-8.49514 -7.67212 29.4227  
1
-8.46886 -7.61027 29.4413  
1.00313
-8.44149 -7.54829 29.4575  
1.00625
-8.41305 -7.48623 29.4713  
1.00938
-8.38357 -7.42416 29.4827  
1.0125
-8.3531 -7.36216 29.4918  
1.01563
-8.32165 -7.30029 29.4984  
1.01875
-8.28927 -7.23862 29.5027  
1.02188
-8.256 -7.17722 29.5047  
1.025
-8.22186 -7.11614 29.5043  
1.02813
-8.1869 -7.05546 29.5015  
1.03125
-8.15116 -6.99523 29.4965  
1.03438
-8.11467 -6.93552 29.4892  
1.0375
-8.07748 -6.87638 29.4797  
1.04063
-8.03962 -6.81786 29.4679  
1.04375
-8.00113 -6.76003 29.4539  
1.04688
-7.96206 -6.70292 29.4378  
1.05
-7.92245 -6.6466 29.4195  
1.05313
-7.88233 -6.59111 29.3991  
1.05625
-7.84176 -6.53649 29.3767  
1.05938
-7.80077 -6.4828 29.3523  
1.0625
-7.7594 -6.43006 29.3259  
1.06563
-7.7177 -6.37832 29.2976  
1.06875
-7.6757 -6.32762 29.2674  
1.07188
-7.63346 -6.27798 29.2353  
1.075
-7.591 -6.22945 29.2015  
1.07813
-7.54837 -6.18206 29.1659  
1.08125
-7.50562 -6.13582 29.1286  
1.08438
-7.46277 -6.09078 29.0896  
1.0875
-7.41988 -6.04694 29.049  
1.09063
-7.37698 -6.00434 29.0069  
1.09375
-7.3341 -5.963 28.9633  
1.09688
-7.2913 -5.92292 28.9182  
1.1
-7.24859 -5.88414 28.8718  
1.10313
-7.20603 -5.84666 28.8239  
1.10625
-7.16364 -5.81049 28.7748  
1.10938
-7.12147 -5.77566 28.7244  
1.1125
-7.07954 -5.74215 28.6728  
1.11563
-7.03789 -5.71 28.6201  
1.11875
-6.99656 -5.67919 28.5663  
1.12188
-6.95557 -5.64974 28.5114  
1.125
-6.91496 -5.62165 28.4555  
1.12813
-6.87475 -5.59492 28.3987  
1.13125
-6.83498 -5.56956 28.3409  
1.13438
-6.79567 -5.54555 28.2823  
1.1375
-6.75685 -5.5229 28.2229  
1.14063
-6.71856 -5.50162 28.1628  
1.14375
-6.6808 -5.48168 28.1019  
1.14688
-6.64362 -5.4631 28.0404  
1.15
-6.60703 -5.44586 27.9783  
1.15313
-6.57105 -5.42995 27.9156  
1.15625
-6.53572 -5.41538 27.8524  
1.15938
-6.50104 -5.40214 27.7887  
1.1625
-6.46704 -5.3902 27.7245  
1.16563
-6.43374 -5.37958 27.66  
1.16875
-6.40116 -5.37025 27.5951  
1.17188
-6.36932 -5.36221 27.5299  
1.175
-6.33822 -5.35545 27.4645  
1.17813
-6.3079 -5.34995 27.3988  
1.18125
-6.27836 -5.34571 27.3329  
1.18438
-6.24961 -5.34271 27.2669  
1.1875
-6.22168 -5.34095 27.2008  
1.19063
-6.19457 -5.34041 27.1346  
1.19375
-6.1683 -5.34107 27.0684  
1.19688
-6.14287 -5.34294 27.0021  
1.2
-6.11831 -5.34599 26.936  
1.20313
-6.09461 -5.35021 26.8699  
1.20625
-6.07178 -5.35559 26.8039  
1.20938
-6.04985 -5.36212 26.7381  
1.2125
-6.0288 -5.36979 26.6724  
1.21563
-6.00866 -5.37858 26.607  
1.21875
-5.98943 -5.38848 26.5419  
1.22188
-5.9711 -5.39948 26.477  
1.225
-5.9537 -5.41157 26.4124  
1.22813
-5.93722 -5.42473 26.3482  
1.23125
-5.92167 -5.43896 26.2844  
1.23438
-5.90705 -5.45423 26.2209  
1.2375
-5.89337 -5.47054 26.158  
1.24063
-5.88063 -5.48788 26.0955  
1.24375
-5.86883 -5.50624 26.0335  
1.24688
-5.85797 -5.5256 25.972  
1.25
-5.84805 -5.54595 25.9112  
1.25313
-5.83909 -5.56728 25.8509  
1.25625
-5.83107 -5.58958 25.7912  
1.25938
-5.82399 -5.61284 25.7322  
1.2625
-5.81787 -5.63704 25.6739  
1.26563
-5.81269 -5.66219 25.6163  
1.26875
-5.80846 -5.68825 25.5594  
1.27188
-5.80518 -5.71523 25.5033  
1.275
-5.80284 -5.74312 25.448  
1.27813
-5.80144 -5.77189 25.3935  
1.28125
-5.80099 -5.80155 25.3398  
1.28438
-5.80148 -5.83207 25.2871  
1.2875
-5.8029 -5.86346 25.2352  
1.29063
-5.80526 -5.8957 25.1843  
1.29375
-5.80855 -5.92877 25.1343  
1.29688
-5.81278 -5.96267 25.0854  
1.3
-5.81792 -5.99739 25.0374  
1.30313
-5.82399 -6.03291 24.9905  
1.30625
-5.83098 -6.06923 24.9446  
1.30938
-5.83888 -6.10632 24.8999  
1.3125
-5.84769 -6.14419 24.8562  
1.31563
-5.85741 -6.18282 24.8137  
1.31875
-5.86803 -6.22219 24.7724  
1.32188
-5.87954 -6.2623 24.7323  
1.325
-5.89195 -6.30313 24.6934  
1.32813
-5.90524 -6.34466 24.6557  
1.33125
-5.91941 -6.3869 24.6194  
1.33438
-5.93446 -6.42981 24.5843  
1.3375
-5.95037 -6.47339 24.5506  
1.34063
-5.96714 -6.51763 24.5182  
1.34375
-5.98477 -6.56251 24.4872  
1.34688
-6.00325 -6.60801 24.4576  
1.35
-6.02257 -6.65412 24.4294  
1.35313
-6.04272 -6.70082 24.4027  
1.35625
-6.0637 -6.74809 24.3774  
1.35938
-6.08549 -6.79592 24.3537  
1.3625
-6.10809 -6.8443 24.3315  
1.36563
-6.1315 -6.89319 24.3108  
1.36875
-6.1557 -6.94258 24.2918  
1.37188
-6.18068 -6.99246 24.2743  
1.375
-6.20643 -7.04279 24.2585  
1.37813
-6.23295 -7.09357 24.2443  
1.38125
-6.26022 -7.14476 24.2318  
1.38438
-6.28823 -7.19634 24.2209  
1.3875
-6.31697 -7.24829 24.2118  
1.39063
-6.34643 -7.30059 24.2045  
1.39375
-6.3766 -7.35321 24.1989  
1.39688
-6.40746 -7.40612 24.195  
1.4
-6.43901 -7.45929 24.193  
1.40313
-6.47123 -7.51269 24.1928  
1.40625
-6.5041 -7.5663 24.1945  
1.40938
-6.53761 -7.62009 24.198  
1.4125
-6.57175 -7.67402 24.2034  
1.41563
-6.6065 -7.72806 24.2106  
1.41875
-6.64184 -7.78217 24.2198  
1.42188
-6.67776 -7.83633 24.2309  
1.425
-6.71424 -7.89049 24.244  
1.42813
-6.75127 -7.94462 24.259  
1.43125
-6.78882 -7.99867 24.276  
1.43438
-6.82688 -8.05262 24.295  
1.4375
-6.86542 -8.10642 24.3159  
1.44063
-6.90444 -8.16002 24.3388  
1.44375
-6.94389 -8.21339 24.3638  
1.44688
-6.98377 -8.26648 24.3908  
1.45
-7.02405 -8.31925 24.4197  
1.45313
-7.06471 -8.37165 24.4507  
1.45625
-7.10573 -8.42363 24.4837  
1.45938
-7.14707 -8.47514 24.5188  
1.4625
-7.18873 -8.52615 24.5558  
1.46563
-7.23065 -8.57658 24.5949  
1.46875
-7.27284 -8.62641 24.636  
1.47188
-7.31524 -8.67556 24.6791  
1.475
-7.35785 -8.724 24.7241  
1.47813
-7.40062 -8.77167 24.7712  
1.48125
-7.44353 -8.8185 24.8202  
1.48438
-7.48654 -8.86446 24.8712  
1.4875
-7.52964 -8.90948 24.9241  
1.49063
-7.57277 -8.95351 24.9789  
1.49375
-7.61592 -8.99649 25.0356  
1.49688
-7.65905 -9.03837 25.0942  
1.5
-7.70212 -9.07908 25.1546  
1.50313
-7.7451 -9.11858 25.2168  
1.50625
-7.78795 -9.1568 25.2808  
1.50938
-7.83064 -9.19369 25.3465  
1.5125
-7.87313 -9.22919 25.4139  
1.51563
-7.91538 -9.26324 25.4829  
1.51875
-7.95736 -9.29579 25.5536  
1.52188
-7.99902 -9.32679 25.6258  
1.525
-8.04033 -9.35618 25.6995  
1.52813
-8.08125 -9.3839 25.7747  
1.53125
-8.12173 -9.40991 25.8513  
1.53438
-8.16174 -9.43414 25.9292  
1.5375
-8.20124 -9.45656 26.0084  
1.54063
-8.24019 -9.47711 26.0888  
1.54375
-8.27854 -9.49574 26.1703  
1.54688
-8.31625 -9.51241 26.253  
1.55
-8.35328 -9.52708 26.3366  
1.55313
-8.3896 -9.5397 26.4211  
1.55625
-8.42515 -9.55023 26.5065  
1.55938
-8.4599 -9.55864 26.5927  
1.5625
-8.49381 -9.56489 26.6795  
1.56563
-8.52683 -9.56895 26.7669  
1.56875
-8.55893 -9.57079 26.8548  
1.57188
-8.59006 -9.57038 26.9432  
1.575
-8.62018 -9.56771 27.0318  
1.57813
-8.64926 -9.56274 27.1207  
1.58125
-8.67726 -9.55547 27.2097  
1.58438
-8.70414 -9.54588 27.2988  
1.5875
-8.72986 -9.53395 27.3877  
1.59063
-8.75438 -9.51969 27.4766  
1.59375
-8.77768 -9.50309 27.5651  
1.59688
-8.79971 -9.48416 27.6533  
1.6
-8.82045 -9.46289 27.741  
1.60313
-8.83985 -9.43929 27.8282  
1.60625
-8.8579 -9.41339 27.9147  
1.60938
-8.87456 -9.38519 28.0004  
1.6125
-8.88981 -9.35472 28.0852  
1.61563
-8.90361 -9.322 28.169  
1.61875
-8.91595 -9.28706 28.2518  
1.62188
-8.9268 -9.24994 28.3334  
1.625
-8.93614 -9.21066 28.4137  
1.62813
-8.94395 -9.16928 28.4926  
1.63125
-8.95022 -9.12584 28.57  
1.63438
-8.95492 -9.08038 28.6459  
1.6375
-8.95805 -9.03295 28.7201  
1.64063
-8.9596 -8.98362 28.7926  
1.64375
-8.95955 -8.93244 28.8633  
1.64688
-8.9579 -8.87947 28.932  
1.65
-8.95465 -8.82479 28.9987  
1.65313
-8.94979 -8.76845 29.0634  
1.65625
-8.94331 -8.71053 29.1259  
1.65938
-8.93524 -8.6511 29.1862  
1.6625
-8.92556 -8.59024 29.2442  
1.66563
-8.91428 -8.52803 29.2998  
1.66875
-8.90142 -8.46455 29.353  
1.67188
-8.88698 -8.39988 29.4038  
1.675
-8.87098 -8.33411 29.452  
1.67813
-8.85343 -8.26732 29.4977  
1.68125
-8.83436 -8.19959 29.5407  
1.68438
-8.81377 -8.13103 29.5812  
1.6875
-8.79169 -8.06171 29.6189  
1.69063
-8.76815 -7.99172 29.6539  
1.69375
-8.74317 -7.92115 29.6861  
1.69688
-8.71679 -7.8501 29.7156  
1.7
-8.68902 -7.77865 29.7424  
1.70313
-8.6599 -7.70689 29.7663  
1.70625
-8.62946 -7.63491 29.7874  
1.70938
-8.59775 -7.5628 29.8057  
1.7125
-8.56479 -7.49064 29.8212  
1.71563
-8.53063 -7.41852 29.8339  
1.71875
-8.4953 -7.34652 29.8438  
1.72188
-8.45884 -7.27473 29.851  
1.725
-8.42131 -7.20323 29.8553  
1.72813
-8.38273 -7.13209 29.8569  
1.73125
-8.34316 -7.06139 29.8558  
1.73438
-8.30263 -6.99121 29.8519  
1.7375
-8.26121 -6.92162 29.8454  
1.74063
-8.21893 -6.85269 29.8363  
1.74375
-8.17583 -6.78449 29.8245  
1.74688
-8.13198 -6.71708 29.8101  
1.75
-8.08742 -6.65052 29.7933  
1.75313
-8.04219 -6.58489 29.7739  
1.75625
-7.99635 -6.52022 29.7521  
1.75938
-7.94995 -6.45659 29.7279  
1.7625
-7.90304 -6.39403 29.7013  
1.76563
-7.85566 -6.33261 29.6725  
1.76875
-7.80786 -6.27236 29.6414  
1.77188
-7.7597 -6.21332 29.608  
1.775
-7.71123 -6.15555 29.5726  
1.77813
-7.66249 -6.09907 29.5351  
1.78125
-7.61353 -6.04392 29.4955  
1.78438
-7.5644 -5.99014 29.454  
1.7875
-7.51516 -5.93775 29.4106  
1.79063
-7.46583 -5.88679 29.3653  
1.79375
-7.41648 -5.83726 29.3182  
1.79688
-7.36715 -5.78921 29.2694  
1.8
-7.31787 -5.74264 29.2189  
1.80313
-7.26871 -5.69757 29.1668  
1.80625
-7.21969 -5.65402 29.1132  
1.80938
-7.17087 -5.61201 29.0581  
1.8125
-7.12228 -5.57153 29.0015  
1.81563
-7.07396 -5.53261 28.9436  
1.81875
-7.02596 -5.49524 28.8843  
1.82188
-6.9783 -5.45943 28.8239  
1.825
-6.93104 -5.42518 28.7622  
1.82813
-6.8842 -5.3925 28.6994  
1.83125
-6.83782 -5.36139 28.6355  
1.83438
-6.79193 -5.33184 28.5706  
1.8375
-6.74657 -5.30384 28.5047  
1.84063
-6.70177 -5.27741 28.4379  
1.84375
-6.65756 -5.25252 28.3703  
1.84688
-6.61397 -5.22917 28.3019  
1.85
-6.57102 -5.20735 28.2327  
1.85313
-6.52875 -5.18706 28.1628  
1.85625
-6.48717 -5.16829 28.0923  
1.85938
-6.44632 -5.15101 28.0212  
1.8625
-6.40622 -5.13523 27.9496  
1.86563
-6.36689 -5.12093 27.8775  
1.86875
-6.32836 -5.1081 27.8049  
1.87188
-6.29064 -5.09672 27.732  
1.875
-6.25374 -5.08678 27.6587  
1.87813
-6.21771 -5.07826 27.5851  
1.88125
-6.18253 -5.07116 27.5112  
1.88438
-6.14825 -5.06545 27.4372  
1.8875
-6.11486 -5.06112 27.3629  
1.89063
-6.0824 -5.05816 27.2886  
1.89375
-6.05085 -5.05655 27.2141  
1.89688
-6.02025 -5.05627 27.1396  
1.9
-5.99061 -5.05731 27.0651  
1.90313
-5.96193 -5.05966 26.9907  
1.90625
-5.93422 -5.06329 26.9163  
1.90938
-5.9075 -5.0682 26.842  
1.9125
-5.88177 -5.07437 26.7679  
1.91563
-5.85704 -5.08177 26.694  
1.91875
-5.83332 -5.09041 26.6203  
1.92188
-5.81061 -5.10026 26.5468  
1.925
-5.78892 -5.1113 26.4737  
1.92813
-5.76826 -5.12353 26.4009  
1.93125
-5.74863 -5.13693 26.3284  
1.93438
-5.73003 -5.15148 26.2563  
1.9375
-5.71247 -5.16717 26.1847  
1.94063
-5.69595 -5.18399 26.1135  
1.94375
-5.68047 -5.20192 26.0428  
1.94688
-5.66604 -5.22096 25.9727  
1.95
-5.65265 -5.24108 25.9031  
1.95313
-5.64032 -5.26228 25.8341  
1.95625
-5.62903 -5.28454 25.7657  
1.95938
-5.61879 -5.30786 25.6979  
1.9625
-5.60959 -5.33221 25.6308  
1.96563
-5.60145 -5.35759 25.5645  
1.96875
-5.59435 -5.38399 25.4989  
1.97188
-5.5883 -5.41139 25.434  
1.975
-5.58329 -5.43978 25.3699  
1.97813
-5.57933 -5.46916 25.3067  
1.98125
-5.57641 -5.49951 25.2443  
1.98438
-5.57452 -5.53083 25.1828  
1.9875
-5.57368 -5.5631 25.1223  
1.99063
-5.57386 -5.5963 25.0626  
1.99375
-5.57508 -5.63044 25.0039  
1.99688
-5.57732 -5.66551 24.9463  
