0
10 4 5  
0.00625
9.67898 5.37733 5.22437  
0.0125
9.45889 6.69215 5.51804  
0.01875
9.33016 7.95519 5.87672  
0.025
9.28441 9.1757 6.29875  
0.03125
9.31428 10.3613 6.7846  
0.0375
9.41325 11.5179 7.33645  
0.04375
9.57553 12.6498 7.95783  
0.05
9.79586 13.7592 8.65328  
0.05625
10.0694 14.8466 9.42816  
0.0625
10.3915 15.9103 10.2883  
0.06875
10.7578 16.9468 11.2396  
0.075
11.1636 17.95 12.288  
0.08125
11.6045 18.9118 13.4389  
0.0875
12.0753 19.8219 14.6966  
0.09375
12.5709 20.6675 16.0641  
0.1
13.0854 21.4338 17.5426  
0.10625
13.6122 22.1042 19.1305  
0.1125
14.1444 22.6604 20.8234  
0.11875
14.674 23.0834 22.613  
0.125
15.1926 23.3536 24.4873  
0.13125
15.691 23.4525 26.4296  
0.1375
16.1595 23.3633 28.4187  
0.14375
16.5881 23.0719 30.4291  
0.15
16.9666 22.5688 32.4316  
0.15625
17.2851 21.8495 34.3936  
0.1625
17.5341 20.916 36.281  
0.16875
17.7052 19.7772 38.0595  
0.175
17.7909 18.449 39.696  
0.18125
17.7858 16.9542 41.1607  
0.1875
17.6861 15.3216 42.4289  
0.19375
17.4901 13.5845 43.4822  
0.2
17.1985 11.7794 44.3094  
0.20625
16.814 9.94354 44.907  
0.2125
16.3416 8.11352 45.2792  
0.21875
15.788 6.3232 45.4371  
0.225
15.1615 4.6024 45.3976  
0.23125
14.4714 2.97581 45.1821  
0.2375
13.728 1.46246 44.8148  
0.24375
12.9418 0.0755764 44.3213  
0.25
12.1232 -1.17712 43.7274  
0.25625
11.2825 -2.29289 43.0577  
0.2625
10.4294 -3.27318 42.3348  
0.26875
9.57253 -4.12285 41.5789  
0.275
8.71993 -4.84924 40.8073  
0.28125
7.87853 -5.46146 40.0345  
0.2875
7.05424 -5.96963 39.272  
0.29375
6.25203 -6.38433 38.5288  
0.3
5.47588 -6.71615 37.8117  
0.30625
4.72893 -6.9753 37.1251  
0.3125
4.01351 -7.17146 36.4719  
0.31875
3.33124 -7.31353 35.8538  
0.325
2.68315 -7.40964 35.271  
0.33125
2.06973 -7.46707 34.7232  
0.3375
1.491 -7.49226 34.2093  
0.34375
0.946655 -7.4909 33.7278  
0.35
0.436054 -7.46794 33.2769  
0.35625
-0.041669 -7.42764 32.8545  
0.3625
-0.487572 -7.3737 32.4587  
0.36875
-0.902855 -7.30927 32.0873  
0.375
-1.28882 -7.23703 31.7383  
0.38125
-1.64685 -7.15928 31.4098  
0.3875
-1.97835 -7.07794 31.0998  
0.39375
-2.28478 -6.99464 30.8068  
0.4
-2.56757 -6.91076 30.5289  
0.40625
-2.82815 -6.82744 30.2649  
0.4125
-3.06794 -6.74564 30.0132  
0.41875
-3.28832 -6.66616 29.7728  
0.425
-3.49061 -6.58964 29.5426  
0.43125
-3.67612 -6.51664 29.3215  
0.4375
-3.84608 -6.44759 29.1087  
0.44375
-4.0017 -6.38285 28.9035  
0.45
-4.1441 -6.32269 28.7052  
0.45625
-4.27437 -6.26735 28.5132  
0.4625
-4.39355 -6.21698 28.3271  
0.46875
-4.50262 -6.17171 28.1464  
0.475
-4.60249 -6.13162 27.9707  
0.48125
-4.69404 -6.09676 27.7998  
0.4875
-4.7781 -6.06716 27.6333  
0.49375
-4.85542 -6.04282 27.4712  
0.5
-4.92675 -6.02371 27.3133  
0.50625
-4.99276 -6.0098 27.1593  
0.5125
-5.05409 -6.00103 27.0093  
0.51875
-5.11132 -5.99735 26.8632  
0.525
-5.16502 -5.99867 26.7209  
0.53125
-5.21569 -6.00491 26.5825  
0.5375
-5.26382 -6.01599 26.4479  
0.54375
-5.30986 -6.03181 26.3171  
0.55
-5.3542 -6.05226 26.1903  
0.55625
-5.39723 -6.07724 26.0675  
0.5625
-5.43931 -6.10663 25.9487  
0.56875
-5.48075 -6.14034 25.834  
0.575
-5.52185 -6.17824 25.7235  
0.58125
-5.56289 -6.2202 25.6174  
0.5875
-5.6041 -6.26612 25.5156  
0.59375
-5.64571 -6.31587 25.4185  
0.6
-5.68793 -6.36931 25.3259  
0.60625
-5.73094 -6.42633 25.2382  
0.6125
-5.77491 -6.48679 25.1554  
0.61875
-5.81997 -6.55054 25.0776  
0.625
-5.86627 -6.61746 25.005  
0.63125
-5.91391 -6.68739 24.9378  
0.6375
-5.96298 -6.76019 24.876  
0.64375
-6.01358 -6.83569 24.8198  
0.65
-6.06577 -6.91374 24.7694  
0.65625
-6.11959 -6.99416 24.7248  
0.6625
-6.1751 -7.07678 24.6863  
0.66875
-6.23231 -7.16142 24.654  
0.675
-6.29124 -7.24787 24.6279  
0.68125
-6.35189 -7.33593 24.6083  
0.6875
-6.41424 -7.42539 24.5952  
0.69375
-6.47827 -7.51602 24.5888  
0.7
-6.54394 -7.60759 24.5892  
0.70625
-6.61121 -7.69985 24.5964  
0.7125
-6.68 -7.79253 24.6106  
0.71875
-6.75025 -7.88536 24.6318  
0.725
-6.82186 -7.97806 24.6602  
0.73125
-6.89474 -8.07033 24.6957  
0.7375
-6.96877 -8.16186 24.7383  
0.74375
-7.04383 -8.25232 24.7882  
0.75
-7.11978 -8.34138 24.8452  
0.75625
-7.19648 -8.4287 24.9094  
0.7625
-7.27375 -8.51392 24.9807  
0.76875
-7.35144 -8.59668 25.059  
0.775
-7.42934 -8.6766 25.1441  
0.78125
-7.50728 -8.75331 25.2361  
0.7875
-7.58503 -8.82643 25.3346  
0.79375
-7.66238 -8.89557 25.4395  
0.8
-7.7391 -8.96035 25.5505  
0.80625
-7.81495 -9.0204 25.6674  
0.8125
-7.8897 -9.07533 25.7899  
0.81875
-7.96307 -9.1248 25.9176  
0.825
-8.03482 -9.16844 26.0501  
0.83125
-8.10469 -9.20592 26.187  
0.8375
-8.17239 -9.23693 26.3279  
0.84375
-8.23766 -9.26118 26.4723  
0.85
-8.30024 -9.2784 26.6196  
0.85625
-8.35984 -9.28835 26.7692  
0.8625
-8.41621 -9.29085 26.9207  
0.86875
-8.46909 -9.28571 27.0734  
0.875
-8.51821 -9.27283 27.2267  
0.88125
-8.56333 -9.25212 27.3799  
0.8875
-8.60423 -9.22355 27.5323  
0.89375
-8.64068 -9.18714 27.6834  
0.9
-8.67247 -9.14294 27.8323  
0.90625
-8.69943 -9.09107 27.9785  
0.9125
-8.72138 -9.0317 28.1212  
0.91875
-8.73817 -8.96504 28.2599  
0.925
-8.7497 -8.89135 28.3938  
0.93125
-8.75585 -8.81094 28.5223  
0.9375
-8.75657 -8.72418 28.6448  
0.94375
-8.75179 -8.63145 28.7609  
0.95
-8.74152 -8.5332 28.8699  
0.95625
-8.72576 -8.42989 28.9714  
0.9625
-8.70456 -8.32204 29.065  
0.96875
-8.67798 -8.21017 29.1502  
0.975
-8.64612 -8.09484 29.2267  
0.98125
-8.60911 -7.9766 29.2943  
0.9875
-8.56711 -7.85604 29.3527  
0.99375
-8.52029 -7.73374 29.4017  
1
-8.46886 -7.61028 29.4413  
1.00625
-8.41305 -7.48623 29.4713  
1.0125
-8.3531 -7.36216 29.4918  
1.01875
-8.28927 -7.23862 29.5027  
1.025
-8.22186 -7.11615 29.5043  
1.03125
-8.15116 -6.99524 29.4965  
1.0375
-8.07748 -6.87638 29.4797  
1.04375
-8.00113 -6.76003 29.4539  
1.05
-7.92245 -6.64661 29.4195  
1.05625
-7.84176 -6.5365 29.3767  
1.0625
-7.7594 -6.43006 29.3259  
1.06875
-7.67571 -6.32762 29.2674  
1.075
-7.591 -6.22946 29.2015  
1.08125
-7.50562 -6.13583 29.1286  
1.0875
-7.41988 -6.04695 29.049  
1.09375
-7.33411 -5.963 28.9633  
1.1
-7.2486 -5.88414 28.8718  
1.10625
-7.16365 -5.8105 28.7748  
1.1125
-7.07955 -5.74216 28.6728  
1.11875
-6.99656 -5.6792 28.5663  
1.125
-6.91496 -5.62166 28.4555  
1.13125
-6.83498 -5.56956 28.3409  
1.1375
-6.75686 -5.52291 28.2229  
1.14375
-6.68081 -5.48168 28.1019  
1.15
-6.60703 -5.44586 27.9783  
1.15625
-6.53572 -5.41539 27.8524  
1.1625
-6.46704 -5.39021 27.7245  
1.16875
-6.40117 -5.37025 27.5951  
1.175
-6.33823 -5.35545 27.4645  
1.18125
-6.27836 -5.34571 27.3329  
1.1875
-6.22168 -5.34095 27.2008  
1.19375
-6.1683 -5.34108 27.0684  
1.2
-6.11831 -5.34599 26.936  
1.20625
-6.07179 -5.35559 26.8039  
1.2125
-6.02881 -5.36979 26.6724  
1.21875
-5.98943 -5.38848 26.5419  
1.225
-5.9537 -5.41157 26.4124  
1.23125
-5.92167 -5.43896 26.2844  
1.2375
-5.89337 -5.47054 26.158  
1.24375
-5.86883 -5.50624 26.0335  
1.25
-5.84806 -5.54595 25.9112  
1.25625
-5.83107 -5.58958 25.7912  
1.2625
-5.81787 -5.63704 25.6739  
1.26875
-5.80846 -5.68825 25.5594  
1.275
-5.80284 -5.74312 25.448  
1.28125
-5.80099 -5.80155 25.3398  
1.2875
-5.8029 -5.86346 25.2352  
1.29375
-5.80856 -5.92877 25.1343  
1.3
-5.81792 -5.99739 25.0374  
1.30625
-5.83098 -6.06923 24.9446  
1.3125
-5.84769 -6.14419 24.8562  
1.31875
-5.86803 -6.22219 24.7724  
1.325
-5.89195 -6.30312 24.6934  
1.33125
-5.91941 -6.3869 24.6194  
1.3375
-5.95037 -6.47339 24.5506  
1.34375
-5.98477 -6.56251 24.4872  
1.35
-6.02257 -6.65412 24.4294  
1.35625
-6.0637 -6.74809 24.3774  
1.3625
-6.10809 -6.84429 24.3315  
1.36875
-6.1557 -6.94258 24.2918  
1.375
-6.20643 -7.04279 24.2585  
1.38125
-6.26022 -7.14476 24.2318  
1.3875
-6.31697 -7.24829 24.2118  
1.39375
-6.3766 -7.35321 24.1989  
1.4
-6.43901 -7.45928 24.193  
1.40625
-6.5041 -7.5663 24.1945  
1.4125
-6.57175 -7.67402 24.2034  
1.41875
-6.64184 -7.78217 24.2198  
1.425
-6.71424 -7.89049 24.244  
1.43125
-6.78882 -7.99867 24.276  
1.4375
-6.86542 -8.10642 24.3159  
1.44375
-6.94389 -8.21339 24.3638  
1.45
-7.02405 -8.31925 24.4197  
1.45625
-7.10573 -8.42362 24.4837  
1.4625
-7.18872 -8.52614 24.5558  
1.46875
-7.27283 -8.6264 24.636  
1.475
-7.35784 -8.724 24.7241  
1.48125
-7.44353 -8.8185 24.8202  
1.4875
-7.52963 -8.90948 24.9241  
1.49375
-7.61592 -8.99649 25.0356  
1.5
-7.70212 -9.07908 25.1546  
1.50625
-7.78795 -9.15679 25.2808  
1.5125
-7.87312 -9.22918 25.4139  
1.51875
-7.95735 -9.29579 25.5536  
1.525
-8.04032 -9.35617 25.6995  
1.53125
-8.12173 -9.4099 25.8513  
1.5375
-8.20124 -9.45655 26.0084  
1.54375
-8.27853 -9.49574 26.1703  
1.55
-8.35328 -9.52707 26.3366  
1.55625
-8.42515 -9.55023 26.5065  
1.5625
-8.4938 -9.56489 26.6795  
1.56875
-8.55892 -9.57079 26.8548  
1.575
-8.62018 -9.56771 27.0318  
1.58125
-8.67726 -9.55547 27.2097  
1.5875
-8.72986 -9.53395 27.3877  
1.59375
-8.77768 -9.50309 27.5651  
1.6
-8.82044 -9.46289 27.741  
1.60625
-8.8579 -9.41339 27.9147  
1.6125
-8.8898 -9.35472 28.0852  
1.61875
-8.91595 -9.28706 28.2518  
1.625
-8.93614 -9.21066 28.4137  
1.63125
-8.95021 -9.12584 28.57  
1.6375
-8.95805 -9.03295 28.7201  
1.64375
-8.95955 -8.93244 28.8633  
1.65
-8.95465 -8.82479 28.9987  
1.65625
-8.94331 -8.71053 29.1259  
1.6625
-8.92556 -8.59024 29.2441  
1.66875
-8.90142 -8.46455 29.353  
1.675
-8.87098 -8.33411 29.452  
1.68125
-8.83435 -8.1996 29.5407  
1.6875
-8.79169 -8.06171 29.6189  
1.69375
-8.74317 -7.92116 29.6861  
1.7
-8.68902 -7.77866 29.7424  
1.70625
-8.62947 -7.63492 29.7874  
1.7125
-8.56479 -7.49065 29.8212  
1.71875
-8.4953 -7.34653 29.8438  
1.725
-8.42131 -7.20323 29.8553  
1.73125
-8.34316 -7.06139 29.8558  
1.7375
-8.26121 -6.92162 29.8454  
1.74375
-8.17584 -6.78449 29.8245  
1.75
-8.08742 -6.65053 29.7933  
1.75625
-7.99636 -6.52023 29.7521  
1.7625
-7.90304 -6.39404 29.7013  
1.76875
-7.80786 -6.27236 29.6414  
1.775
-7.71123 -6.15555 29.5726  
1.78125
-7.61353 -6.04393 29.4955  
1.7875
-7.51516 -5.93776 29.4106  
1.79375
-7.41648 -5.83727 29.3182  
1.8
-7.31788 -5.74264 29.2189  
1.80625
-7.2197 -5.65403 29.1132  
1.8125
-7.12228 -5.57154 29.0015  
1.81875
-7.02596 -5.49524 28.8843  
1.825
-6.93104 -5.42519 28.7622  
1.83125
-6.83782 -5.36139 28.6355  
1.8375
-6.74658 -5.30385 28.5047  
1.84375
-6.65756 -5.25252 28.3703  
1.85
-6.57102 -5.20736 28.2327  
1.85625
-6.48718 -5.16829 28.0923  
1.8625
-6.40623 -5.13524 27.9496  
1.86875
-6.32836 -5.1081 27.8049  
1.875
-6.25375 -5.08678 27.6587  
1.88125
-6.18254 -5.07116 27.5112  
1.8875
-6.11487 -5.06112 27.3629  
1.89375
-6.05086 -5.05655 27.2141  
1.9
-5.99061 -5.05731 27.0651  
1.90625
-5.93422 -5.0633 26.9163  
1.9125
-5.88177 -5.07437 26.7679  
1.91875
-5.83332 -5.09041 26.6203  
1.925
-5.78892 -5.1113 26.4737  
1.93125
-5.74863 -5.13693 26.3284  
1.9375
-5.71247 -5.16717 26.1847  
1.94375
-5.68047 -5.20193 26.0428  
1.95
-5.65266 -5.24108 25.9031  
1.95625
-5.62903 -5.28454 25.7657  
1.9625
-5.6096 -5.33221 25.6308  
1.96875
-5.59435 -5.38399 25.4989  
1.975
-5.5833 -5.43978 25.37  
1.98125
-5.57641 -5.49951 25.2443  
1.9875
-5.57368 -5.5631 25.1223  
1.99375
-5.57508 -5.63044 25.0039  
