0 10 4 5  
0.025 9.39375 9.06141 6.30953  
0.05 9.92947 13.6335 8.63635  
0.075 11.298 17.8842 12.253  
0.1 13.2388 21.4864 17.555  
0.125 15.4079 23.527 24.7073  
0.15 17.269 22.6754 33.0754  
0.175 18.1069 18.0411 40.7722  
0.2 17.3134 10.5026 45.3333  
0.225 14.8529 2.73457 45.7342  
0.25 11.3703 -2.9522 43.2818  
0.275 7.70352 -6.12538 39.9744  
0.3 4.40932 -7.4966 36.9794  
0.325 1.7046 -7.85721 34.6205  
0.35 -0.397759 -7.73086 32.8406  
0.375 -1.9717 -7.40726 31.4877  
0.4 -3.11609 -7.03546 30.4227  
0.425 -3.92787 -6.68958 29.5437  
0.45 -4.49215 -6.40523 28.7846  
0.475 -4.8796 -6.19798 28.1063  
0.5 -5.14701 -6.07266 27.4883  
0.525 -5.33875 -6.02825 26.922  
0.55 -5.48872 -6.06055 26.4065  
0.575 -5.6222 -6.16367 25.9455  
0.6 -5.75748 -6.33078 25.5454  
0.625 -5.90727 -6.55445 25.2141  
0.65 -6.07979 -6.82648 24.9604  
0.675 -6.27954 -7.1375 24.7937  
0.7 -6.50784 -7.47647 24.7225  
0.725 -6.76301 -7.83001 24.7546  
0.75 -7.04054 -8.18196 24.8951  
0.775 -7.33297 -8.51317 25.1455  
0.8 -7.62995 -8.80191 25.5018  
0.825 -7.91837 -9.02508 25.9527  
0.85 -8.18292 -9.16033 26.4787  
0.875 -8.40701 -9.18905 27.0515  
0.9 -8.57428 -9.09984 27.635  
0.925 -8.67059 -8.89161 28.1885  
0.95 -8.68604 -8.5753 28.671  
0.975 -8.61681 -8.17348 29.0469  
1 -8.4661 -7.71744 29.2902  
1.025 -8.24408 -7.24259 29.3881  
1.05 -7.96661 -6.78325 29.3407  
1.075 -7.65317 -6.3684 29.1598  
1.1 -7.32449 -6.01913 28.865  
1.125 -7.00033 -5.74818 28.4803  
1.15 -6.69795 -5.56091 28.0307  
1.175 -6.4312 -5.45719 27.5405  
1.2 -6.21032 -5.43342 27.0319  
1.225 -6.04218 -5.48419 26.5245  
1.25 -5.93084 -5.60349 26.0359  
1.275 -5.87812 -5.78539 25.5822  
1.3 -5.88417 -6.02418 25.1777  
1.325 -5.94787 -6.31417 24.8365  
1.35 -6.06707 -6.64913 24.5718  
1.375 -6.23861 -7.02159 24.3965  
1.4 -6.4582 -7.42194 24.3227  
1.425 -6.72004 -7.83755 24.3612  
1.45 -7.01642 -8.25199 24.5204  
1.475 -7.33721 -8.64459 24.8044  
1.5 -7.66945 -8.99068 25.2112  
1.525 -7.99722 -9.26289 25.7304  
1.55 -8.30186 -9.43364 26.341  
1.575 -8.563 -9.479 27.0106  
1.6 -8.76022 -9.38336 27.6968  
1.625 -8.87551 -9.14384 28.3499  
1.65 -8.89593 -8.77306 28.9196  
1.675 -8.81607 -8.2988 29.3616  
1.7 -8.63947 -7.76028 29.6447  
1.725 -8.3785 -7.20176 29.7538  
1.75 -8.05266 -6.66551 29.6913  
1.775 -7.68583 -6.1861 29.4733  
1.8 -7.30305 -5.78745 29.1254  
1.825 -6.92774 -5.48253 28.6772  
1.85 -6.5798 -5.27526 28.1588  
1.875 -6.27468 -5.16321 27.5979  
1.9 -6.0233 -5.14034 27.0192  
1.925 -5.83255 -5.19921 26.444  
1.95 -5.70612 -5.33239 25.8907  
1.975 -5.64531 -5.53319 25.3758  
2 -5.64979 -5.79575 24.9145  
