0 10 4 5  
0.0125 9.45894 6.6921 5.51801  
0.025 9.28449 9.17562 6.29869  
0.0375 9.41334 11.5179 7.33639  
0.05 9.79596 13.7591 8.65321  
0.0625 10.3916 15.9103 10.2882  
0.075 11.1637 17.9499 12.288  
0.0875 12.0754 19.8218 14.6965  
0.1 13.0854 21.4338 17.5425  
0.1125 14.1444 22.6604 20.8233  
0.125 15.1926 23.3536 24.4872  
0.1375 16.1595 23.3633 28.4185  
0.15 16.9666 22.5688 32.4313  
0.1625 17.5341 20.9162 36.2807  
0.175 17.7909 18.4493 39.6956  
0.1875 17.6861 15.3221 42.4286  
0.2 17.1985 11.7801 44.3091  
0.2125 16.3418 8.11437 45.279  
0.225 15.1618 4.6033 45.3976  
0.2375 13.7284 1.46332 44.8149  
0.25 12.1237 -1.17636 43.7277  
0.2625 10.4299 -3.27254 42.3351  
0.275 8.72047 -4.84873 40.8076  
0.2875 7.05477 -5.96924 39.2723  
0.3 5.47639 -6.71586 37.812  
0.3125 4.01398 -7.17126 36.4722  
0.325 2.68358 -7.4095 35.2713  
0.3375 1.49139 -7.49217 34.2095  
0.35 0.436405 -7.46788 33.277  
0.3625 -0.487258 -7.37367 32.4588  
0.375 -1.28854 -7.23701 31.7384  
0.3875 -1.9781 -7.07793 31.0999  
0.4 -2.56735 -6.91077 30.529  
0.4125 -3.06775 -6.74565 30.0133  
0.425 -3.49044 -6.58966 29.5426  
0.4375 -3.84593 -6.44761 29.1087  
0.45 -4.14397 -6.32271 28.7052  
0.4625 -4.39344 -6.217 28.3271  
0.475 -4.60239 -6.13164 27.9707  
0.4875 -4.77801 -6.06718 27.6333  
0.5 -4.92668 -6.02373 27.3133  
0.5125 -5.05402 -6.00105 27.0093  
0.525 -5.16496 -5.99869 26.7209  
0.5375 -5.26378 -6.01602 26.4478  
0.55 -5.35416 -6.05228 26.1903  
0.5625 -5.43928 -6.10666 25.9486  
0.575 -5.52183 -6.17826 25.7235  
0.5875 -5.60408 -6.26615 25.5156  
0.6 -5.68792 -6.36934 25.3259  
0.6125 -5.7749 -6.48682 25.1554  
0.625 -5.86626 -6.61749 25.005  
0.6375 -5.96298 -6.76022 24.876  
0.65 -6.06577 -6.91377 24.7694  
0.6625 -6.1751 -7.07682 24.6863  
0.675 -6.29125 -7.2479 24.6279  
0.6875 -6.41425 -7.42542 24.5952  
0.7 -6.54396 -7.60763 24.5892  
0.7125 -6.68002 -7.79256 24.6106  
0.725 -6.82188 -7.97809 24.6602  
0.7375 -6.96879 -8.16189 24.7383  
0.75 -7.1198 -8.34142 24.8452  
0.7625 -7.27378 -8.51395 24.9807  
0.775 -7.42937 -8.67663 25.1442  
0.7875 -7.58505 -8.82645 25.3346  
0.8 -7.73912 -8.96037 25.5506  
0.8125 -7.88972 -9.07535 25.7899  
0.825 -8.03485 -9.16845 26.0501  
0.8375 -8.17241 -9.23694 26.328  
0.85 -8.30026 -9.2784 26.6196  
0.8625 -8.41623 -9.29085 26.9208  
0.875 -8.51822 -9.27283 27.2268  
0.8875 -8.60424 -9.22354 27.5324  
0.9 -8.67248 -9.14293 27.8324  
0.9125 -8.72138 -9.03168 28.1213  
0.925 -8.7497 -8.89133 28.3938  
0.9375 -8.75657 -8.72415 28.6449  
0.95 -8.74152 -8.53317 28.8699  
0.9625 -8.70455 -8.32201 29.065  
0.975 -8.64611 -8.09481 29.2267  
0.9875 -8.5671 -7.85601 29.3527  
1 -8.46885 -7.61025 29.4413  
1.0125 -8.35308 -7.36213 29.4918  
1.025 -8.22185 -7.11611 29.5043  
1.0375 -8.07746 -6.87635 29.4797  
1.05 -7.92243 -6.64658 29.4195  
1.0625 -7.75938 -6.43004 29.3259  
1.075 -7.59098 -6.22943 29.2014  
1.0875 -7.41986 -6.04693 29.049  
1.1 -7.24858 -5.88412 28.8717  
1.1125 -7.07953 -5.74214 28.6728  
1.125 -6.91494 -5.62164 28.4555  
1.1375 -6.75684 -5.5229 28.2229  
1.15 -6.60701 -5.44585 27.9783  
1.1625 -6.46703 -5.3902 27.7245  
1.175 -6.33821 -5.35545 27.4644  
1.1875 -6.22167 -5.34095 27.2007  
1.2 -6.1183 -5.34599 26.9359  
1.2125 -6.0288 -5.3698 26.6724  
1.225 -5.9537 -5.41158 26.4124  
1.2375 -5.89337 -5.47055 26.158  
1.25 -5.84805 -5.54596 25.9111  
1.2625 -5.81787 -5.63706 25.6738  
1.275 -5.80284 -5.74313 25.4479  
1.2875 -5.80291 -5.86348 25.2352  
1.3 -5.81793 -5.9974 25.0374  
1.3125 -5.8477 -6.14421 24.8562  
1.325 -5.89196 -6.30314 24.6934  
1.3375 -5.95038 -6.47341 24.5505  
1.35 -6.02258 -6.65413 24.4294  
1.3625 -6.10811 -6.84431 24.3315  
1.375 -6.20644 -7.04281 24.2585  
1.3875 -6.31698 -7.24831 24.2118  
1.4 -6.43902 -7.45931 24.193  
1.4125 -6.57176 -7.67404 24.2034  
1.425 -6.71426 -7.89051 24.244  
1.4375 -6.86544 -8.10644 24.3159  
1.45 -7.02407 -8.31927 24.4197  
1.4625 -7.18874 -8.52616 24.5559  
1.475 -7.35786 -8.72401 24.7242  
1.4875 -7.52965 -8.90949 24.9241  
1.5 -7.70213 -9.07909 25.1546  
1.5125 -7.87314 -9.22919 25.4139  
1.525 -8.04034 -9.35618 25.6996  
1.5375 -8.20125 -9.45656 26.0084  
1.55 -8.35329 -9.52708 26.3366  
1.5625 -8.49381 -9.56489 26.6795  
1.575 -8.62019 -9.5677 27.0318  
1.5875 -8.72986 -9.53394 27.3878  
1.6 -8.82045 -9.46288 27.7411  
1.6125 -8.88981 -9.35471 28.0852  
1.625 -8.93614 -9.21065 28.4137  
1.6375 -8.95805 -9.03294 28.7202  
1.65 -8.95464 -8.82477 28.9987  
1.6625 -8.92555 -8.59023 29.2442  
1.675 -8.87097 -8.33409 29.452  
1.6875 -8.79168 -8.06169 29.6189  
1.7 -8.68901 -7.77864 29.7424  
1.7125 -8.56478 -7.49063 29.8212  
1.725 -8.4213 -7.20322 29.8553  
1.7375 -8.2612 -6.92161 29.8454  
1.75 -8.08741 -6.65052 29.7933  
1.7625 -7.90303 -6.39403 29.7013  
1.775 -7.71122 -6.15554 29.5726  
1.7875 -7.51515 -5.93775 29.4106  
1.8 -7.31787 -5.74264 29.2189  
1.8125 -7.12227 -5.57153 29.0015  
1.825 -6.93104 -5.42519 28.7622  
1.8375 -6.74657 -5.30385 28.5047  
1.85 -6.57102 -5.20736 28.2327  
1.8625 -6.40622 -5.13524 27.9496  
1.875 -6.25375 -5.08678 27.6587  
1.8875 -6.11487 -5.06113 27.3629  
1.9 -5.99061 -5.05732 27.0651  
1.9125 -5.88177 -5.07437 26.7679  
1.925 -5.78892 -5.11131 26.4737  
1.9375 -5.71247 -5.16718 26.1847  
1.95 -5.65266 -5.24109 25.9031  
1.9625 -5.6096 -5.33222 25.6308  
1.975 -5.5833 -5.43979 25.3699  
1.9875 -5.57368 -5.5631 25.1223  
2 -5.58059 -5.70149 24.8896  
