0
10 4 5  
0.05
9.84154 13.7179 8.6098  
0.1
13.1233 21.419 17.5135  
0.15
16.971 22.5541 32.3878  
0.2
17.1561 11.8784 44.1721  
0.25
12.1893 -0.955221 43.6745  
0.3
5.60403 -6.55217 37.8127  
0.35
0.561105 -7.36216 33.2535  
0.4
-2.45736 -6.83871 30.4649  
0.45
-4.05278 -6.27746 28.6077  
0.5
-4.8577 -6.00575 27.1957  
0.55
-5.31015 -6.06267 26.0675  
0.6
-5.6707 -6.40821 25.2128  
0.65
-6.07604 -6.9796 24.6812  
0.7
-6.58077 -7.69541 24.5414  
0.75
-7.17924 -8.43975 24.8517  
0.8
-7.81244 -9.04923 25.6183  
0.85
-8.37269 -9.33155 26.741  
0.9
-8.7252 -9.1383 27.9799  
0.95
-8.75808 -8.46704 29.0024  
1
-8.44307 -7.50232 29.5219  
1.05
-7.86141 -6.52879 29.4323  
1.1
-7.16844 -5.78358 28.8224  
1.15
-6.52541 -5.37665 27.884  
1.2
-6.04905 -5.31153 26.8159  
1.25
-5.79975 -5.54488 25.7825  
1.3
-5.795 -6.0276 24.9155  
1.35
-6.02691 -6.71356 24.3293  
1.4
-6.47063 -7.54406 24.1304  
1.45
-7.08036 -8.41985 24.4103  
1.5
-7.77586 -9.17664 25.2092  
1.55
-8.43054 -9.59371 26.4524  
1.6
-8.88146 -9.47137 27.8932  
1.65
-8.98014 -8.76565 29.1436  
1.7
-8.66965 -7.66975 29.8374  
1.75
-8.02869 -6.52641 29.8177  
1.8
-7.23622 -5.63397 29.1771  
1.85
-6.48528 -5.12991 28.1424  
1.9
-5.91559 -5.01441 26.9462  
1.95
-5.59738 -5.23073 25.7725  
