0
10 4 5  
0.0125
9.47344 6.67697 5.5215  
0.025
9.30688 9.15221 6.30124  
0.0375
9.43937 11.4918 7.33603  
0.05
9.8233 13.735 8.64955  
0.0625
10.4195 15.8922 10.2821  
0.075
11.1926 17.9418 12.2821  
0.0875
12.107 19.8272 14.6956  
0.1
13.122 21.4548 17.5544  
0.1125
14.1889 22.6963 20.8591  
0.125
15.2472 23.3981 24.5605  
0.1375
16.2251 23.402 28.5426  
0.15
17.041 22.5787 32.6142  
0.1625
17.6109 20.8675 36.5187  
0.175
17.859 18.3132 39.9686  
0.1875
17.7309 15.081 42.7012  
0.2
17.205 11.4364 44.5381  
0.2125
16.2977 7.69267 45.4263  
0.225
15.0614 4.14383 45.4416  
0.2375
13.5736 1.00994 44.755  
0.25
11.9228 -1.58747 43.5812  
0.2625
10.1957 -3.61911 42.129  
0.275
8.46703 -5.12276 40.5702  
0.2875
6.79533 -6.17365 39.0273  
0.3
5.22181 -6.85994 37.5763  
0.3125
3.77227 -7.26678 36.2562  
0.325
2.45998 -7.46812 35.0797  
0.3375
1.28876 -7.52405 34.0434  
0.35
0.255802 -7.48124 33.135  
0.3625
-0.646065 -7.3748 32.3385  
0.375
-1.42664 -7.23056 31.6369  
0.3875
-2.09708 -7.06721 31.0142  
0.4
-2.66906 -6.89808 30.4564  
0.4125
-3.15414 -6.73257 29.9515  
0.425
-3.56342 -6.57723 29.4896  
0.4375
-3.90731 -6.4365 29.0629  
0.45
-4.19543 -6.31333 28.6652  
0.4625
-4.43651 -6.20957 28.2918  
0.475
-4.63843 -6.12626 27.9394  
0.4875
-4.80822 -6.06388 27.6053  
0.5
-4.95211 -6.02246 27.2881  
0.5125
-5.07559 -6.00174 26.9866  
0.525
-5.18345 -6.00124 26.7004  
0.5375
-5.27986 -6.02032 26.4294  
0.55
-5.36841 -6.05823 26.1737  
0.5625
-5.45217 -6.11413 25.9338  
0.575
-5.53377 -6.18714 25.7104  
0.5875
-5.6154 -6.27632 25.5043  
0.6
-5.6989 -6.38069 25.3164  
0.6125
-5.78576 -6.49924 25.1476  
0.625
-5.87719 -6.63088 24.9991  
0.6375
-5.97411 -6.77446 24.872  
0.65
-6.07721 -6.92876 24.7674  
0.6625
-6.18693 -7.09243 24.6864  
0.675
-6.30352 -7.26401 24.6302  
0.6875
-6.427 -7.44189 24.5997  
0.7
-6.55719 -7.6243 24.596  
0.7125
-6.69372 -7.80928 24.6199  
0.725
-6.83603 -7.99467 24.672  
0.7375
-6.98333 -8.17811 24.7527  
0.75
-7.13467 -8.35706 24.8622  
0.7625
-7.28888 -8.52876 25.0003  
0.775
-7.4446 -8.69032 25.1664  
0.7875
-7.60027 -8.83873 25.3594  
0.8
-7.75418 -8.97091 25.5779  
0.8125
-7.90443 -9.08382 25.8196  
0.825
-8.04901 -9.17452 26.0819  
0.8375
-8.1858 -9.24026 26.3616  
0.85
-8.31263 -9.27865 26.6548  
0.8625
-8.42732 -9.28774 26.9571  
0.875
-8.52776 -9.26611 27.2636  
0.8875
-8.61195 -9.21303 27.5693  
0.9
-8.67809 -9.12851 27.8687  
0.9125
-8.72463 -9.01335 28.1563  
0.925
-8.75036 -8.86917 28.4268  
0.9375
-8.75444 -8.69836 28.6752  
0.95
-8.73645 -8.50407 28.8969  
0.9625
-8.69645 -8.29002 29.0879  
0.975
-8.63496 -8.06044 29.245  
0.9875
-8.55293 -7.81986 29.3659  
1
-8.45179 -7.57297 29.4491  
1.0125
-8.33332 -7.3244 29.4939  
1.025
-8.19964 -7.07863 29.5007  
1.0375
-8.05313 -6.83977 29.4703  
1.05
-7.89634 -6.61152 29.4046  
1.0625
-7.73195 -6.39707 29.3056  
1.075
-7.56263 -6.19903 29.1762  
1.0875
-7.39104 -6.01949 29.0191  
1.1
-7.21973 -5.85998 28.8377  
1.1125
-7.05108 -5.72151 28.6352  
1.125
-6.8873 -5.60468 28.4147  
1.1375
-6.73038 -5.50969 28.1796  
1.15
-6.58208 -5.43643 27.9329  
1.1625
-6.44393 -5.38454 27.6776  
1.175
-6.31719 -5.35348 27.4165  
1.1875
-6.20296 -5.3426 27.1523  
1.2
-6.10207 -5.35116 26.8874  
1.2125
-6.0152 -5.37836 26.6242  
1.225
-5.94283 -5.42342 26.3649  
1.2375
-5.88532 -5.48556 26.1117  
1.25
-5.84287 -5.564 25.8664  
1.2625
-5.81558 -5.65803 25.6311  
1.275
-5.80346 -5.76691 25.4074  
1.2875
-5.80642 -5.88996 25.1974  
1.3
-5.82433 -6.02648 25.0026  
1.3125
-5.85695 -6.17575 24.8247  
1.325
-5.90401 -6.33703 24.6656  
1.3375
-5.96518 -6.5095 24.5268  
1.35
-6.04007 -6.69227 24.4101  
1.3625
-6.12821 -6.88431 24.3169  
1.375
-6.22907 -7.08444 24.249  
1.3875
-6.34203 -7.29133 24.2078  
1.4
-6.46637 -7.50341 24.1948  
1.4125
-6.60126 -7.71887 24.2112  
1.425
-6.74574 -7.93566 24.2582  
1.4375
-6.8987 -8.15144 24.3367  
1.45
-7.05888 -8.36357 24.4473  
1.4625
-7.22484 -8.56916 24.5904  
1.475
-7.39492 -8.76503 24.7657  
1.4875
-7.56732 -8.94778 24.9726  
1.5
-7.74 -9.11385 25.2099  
1.5125
-7.91075 -9.25959 25.4757  
1.525
-8.07718 -9.38135 25.7674  
1.5375
-8.23677 -9.47565 26.0817  
1.55
-8.3869 -9.53926 26.4145  
1.5625
-8.52488 -9.56942 26.761  
1.575
-8.64806 -9.56393 27.1158  
1.5875
-8.75389 -9.52138 27.4729  
1.6
-8.84 -9.44122 27.8258  
1.6125
-8.90428 -9.32386 28.168  
1.625
-8.945 -9.17079 28.4929  
1.6375
-8.96085 -8.98448 28.7942  
1.65
-8.95104 -8.76841 29.066  
1.6625
-8.91533 -8.5269 29.3032  
1.675
-8.85407 -8.26495 29.5016  
1.6875
-8.76819 -7.98806 29.6579  
1.7
-8.65917 -7.70196 29.7701  
1.7125
-8.52901 -7.41241 29.8371  
1.725
-8.38012 -7.12495 29.8592  
1.7375
-8.21529 -6.84474 29.8374  
1.75
-8.03754 -6.57637 29.7736  
1.7625
-7.85004 -6.32378 29.6706  
1.775
-7.65599 -6.09019 29.5315  
1.7875
-7.45858 -5.8781 29.3601  
1.8
-7.26085 -5.68931 29.1599  
1.8125
-7.06566 -5.52496 28.9351  
1.825
-6.87563 -5.38564 28.6894  
1.8375
-6.69311 -5.27145 28.4265  
1.85
-6.52016 -5.18211 28.1502  
1.8625
-6.35855 -5.11705 27.8638  
1.875
-6.20974 -5.07549 27.5705  
1.8875
-6.07493 -5.05652 27.2733  
1.9
-5.95509 -5.05916 26.9748  
1.9125
-5.85091 -5.08241 26.6777  
1.925
-5.76293 -5.1253 26.3843  
1.9375
-5.69148 -5.18687 26.0969  
1.95
-5.63675 -5.26627 25.8174  
1.9625
-5.59883 -5.36267 25.5481  
1.975
-5.57769 -5.47532 25.2906  
1.9875
-5.57323 -5.60354 25.047  
2
-5.58526 -5.74665 24.819  
