0
10 4 5  
0.05
10.575 12.9738 8.52625  
0.1
13.8865 21.2863 17.3175  
0.15
18.2497 23.3352 34.1812  
0.2
18.455 7.58205 49.3237  
0.25
9.36375 -9.88597 42.3638  
0.3
0.587445 -11.4959 35.612  
0.35
-3.85602 -10.241 33.6231  
0.4
-5.85133 -8.42507 32.9044  
0.45
-6.35245 -6.59162 32.0898  
0.5
-6.03499 -5.1703 30.7889  
0.55
-5.43572 -4.34883 29.1301  
0.6
-4.89699 -4.07618 27.3588  
0.65
-4.57748 -4.22779 25.6606  
0.7
-4.52736 -4.71293 24.16  
0.75
-4.75535 -5.49388 22.9617  
0.8
-5.26312 -6.56283 22.186  
0.85
-6.05097 -7.89775 21.9935  
0.9
-7.0991 -9.39226 22.588  
0.95
-8.32188 -10.7563 24.1569  
1
-9.5001 -11.4481 26.6781  
1.05
-10.2445 -10.8427 29.6023  
1.1
-10.1281 -8.82798 31.7932  
1.15
-9.04997 -6.26993 32.2975  
1.2
-7.44293 -4.29963 31.2349  
1.25
-5.90948 -3.29689 29.3826  
1.3
-4.78641 -3.0411 27.3337  
1.35
-4.13377 -3.25189 25.3629  
1.4
-3.89868 -3.7781 23.5935  
1.45
-4.02098 -4.58173 22.1109  
1.5
-4.46999 -5.68825 21.0169  
1.55
-5.24592 -7.1381 20.467  
1.6
-6.36023 -8.9197 20.7016  
1.65
-7.78878 -10.8472 22.0432  
1.7
-9.38004 -12.376 24.757  
1.75
-10.7291 -12.5342 28.6111  
1.8
-11.1673 -10.51 32.2969  
1.85
-10.1896 -6.96782 33.9128  
1.9
-8.14125 -3.89188 32.9945  
1.95
-5.99082 -2.28875 30.7641  
