0 10 4 5  
0.025 9.28595 9.17406 6.29754  
0.05 9.79778 13.7576 8.6517  
0.075 11.1655 17.9488 12.2866  
0.1 13.0869 21.433 17.5414  
0.125 15.1935 23.353 24.4857  
0.15 16.9661 22.5692 32.4277  
0.175 17.7894 18.4534 39.689  
0.2 17.198 11.7903 44.3022  
0.225 15.1647 4.61755 45.3945  
0.25 12.1303 -1.16275 43.7289  
0.275 8.72884 -4.83841 40.811  
0.3 5.48484 -6.70883 37.8154  
0.325 2.69131 -7.40481 35.2738  
0.35 0.443194 -7.46466 33.2783  
0.375 -1.28267 -7.23468 31.7385  
0.4 -2.5623 -6.90901 30.5281  
0.425 -3.48613 -6.58834 29.5409  
0.45 -4.14031 -6.32176 28.7029  
0.475 -4.59933 -6.13105 27.9679  
0.5 -4.92417 -6.02349 27.3102  
0.525 -5.16297 -5.99882 26.7177  
0.55 -5.35265 -6.05278 26.187  
0.575 -5.52079 -6.17913 25.7203  
0.6 -5.68733 -6.37058 25.3229  
0.625 -5.86611 -6.61908 25.0023  
0.65 -6.06603 -6.91571 24.7671  
0.675 -6.29191 -7.25014 24.6261  
0.7 -6.54499 -7.61012 24.588  
0.725 -6.82325 -7.98076 24.6597  
0.75 -7.12147 -8.34415 24.8456  
0.775 -7.43126 -8.67929 25.1453  
0.8 -7.74115 -8.9628 25.5526  
0.825 -8.03691 -9.17046 26.0529  
0.85 -8.30224 -9.27982 26.623  
0.875 -8.51998 -9.27349 27.2306  
0.9 -8.6739 -9.14274 27.8364  
0.925 -8.75065 -8.89028 28.3978  
0.95 -8.74193 -8.53132 28.8735  
0.975 -8.64595 -8.09231 29.2297  
1 -8.46812 -7.60729 29.4434  
1.025 -8.2206 -7.11294 29.5055  
1.05 -7.92076 -6.64339 29.4198  
1.075 -7.589 -6.22643 29.2008  
1.1 -7.24641 -5.88144 28.8704  
1.125 -6.91271 -5.61937 28.4534  
1.15 -6.60483 -5.44404 27.9757  
1.175 -6.33617 -5.35411 27.4615  
1.2 -6.11647 -5.34513 26.9327  
1.225 -5.95214 -5.41118 26.409  
1.25 -5.84681 -5.54601 25.9077  
1.275 -5.80193 -5.7436 25.4446  
1.3 -5.81737 -5.99829 25.0342  
1.325 -5.89177 -6.30442 24.6904  
1.35 -6.02275 -6.65578 24.4268  
1.375 -6.20699 -7.04481 24.2563  
1.4 -6.43992 -7.4616 24.1915  
1.425 -6.7155 -7.89304 24.2431  
1.45 -7.02561 -8.32195 24.4196  
1.475 -7.35966 -8.72672 24.7249  
1.5 -7.70411 -9.08165 25.1562  
1.525 -8.04241 -9.35842 25.7019  
1.55 -8.35533 -9.52879 26.3397  
1.575 -8.62207 -9.56871 27.0355  
1.6 -8.82203 -9.46305 27.7451  
1.625 -8.9373 -9.20993 28.4177  
1.65 -8.95528 -8.82319 29.0025  
1.675 -8.87104 -8.33179 29.4552  
1.7 -8.68848 -7.7758 29.7448  
1.725 -8.42023 -7.20008 29.8568  
1.75 -8.08589 -6.64732 29.7939  
1.775 -7.70935 -6.15248 29.5723  
1.8 -7.31577 -5.73986 29.2178  
1.825 -6.92884 -5.4228 28.7604  
1.85 -6.56884 -5.20541 28.2303  
1.875 -6.25167 -5.08529 27.6559  
1.9 -5.98872 -5.05627 27.0621  
1.925 -5.78727 -5.11069 26.4704  
1.95 -5.65128 -5.24088 25.8997  
1.975 -5.58223 -5.43998 25.3666  
2 -5.57985 -5.70205 24.8864  
