0
10 4 5  
0.00625
9.68086 5.37538 5.22495  
0.0125
9.46219 6.68869 5.51884  
0.01875
9.3345 7.95062 5.87748  
0.025
9.28949 9.17038 6.2993  
0.03125
9.31986 10.3556 6.78483  
0.0375
9.41917 11.5121 7.33631  
0.04375
9.58165 12.6441 7.95728  
0.05
9.80211 13.7539 8.65237  
0.05625
10.0757 14.842 9.42695  
0.0625
10.398 15.9067 10.2869  
0.06875
10.7644 16.9443 11.2382  
0.075
11.1705 17.9488 12.2869  
0.08125
11.6117 18.9123 13.4383  
0.0875
12.083 19.8241 14.6971  
0.09375
12.5792 20.6716 16.0661  
0.1
13.0945 21.4399 17.5467  
0.10625
13.6223 22.1121 19.1375  
0.1125
14.1556 22.6699 20.834  
0.11875
14.6865 23.0939 22.6283  
0.125
15.2065 23.3646 24.508  
0.13125
15.7062 23.4629 26.4564  
0.1375
16.176 23.3718 28.4524  
0.14375
16.6057 23.0771 30.4701  
0.15
16.985 22.5689 32.4798  
0.15625
17.3038 21.8426 34.4488  
0.1625
17.5526 20.9002 36.3423  
0.16875
17.7226 19.7508 38.1253  
0.175
17.8065 18.4106 39.7644  
0.18125
17.7985 16.9029 41.2294  
0.1875
17.695 15.257 42.4952  
0.19375
17.4943 13.5071 43.5433  
0.2
17.1972 11.6903 44.3627  
0.20625
16.8065 9.84448 44.9503  
0.2125
16.3274 8.00681 45.3106  
0.21875
15.7669 6.2115 45.4555  
0.225
15.1333 4.48851 45.4025  
0.23125
14.4365 2.86249 45.1737  
0.2375
13.6868 1.35225 44.7938  
0.24375
12.8948 -0.0293429 44.289  
0.25
12.0713 -1.27501 43.6853  
0.25625
11.2265 -2.38247 43.0076  
0.2625
10.37 -3.35367 42.2785  
0.26875
9.51084 -4.19388 41.5182  
0.275
8.65677 -4.91081 40.7439  
0.28125
7.81471 -5.51385 39.9698  
0.2875
6.99051 -6.01337 39.2074  
0.29375
6.18904 -6.42007 38.4652  
0.3
5.4142 -6.74464 37.7498  
0.30625
4.66903 -6.99734 37.0656  
0.3125
3.95577 -7.18783 36.4152  
0.31875
3.27596 -7.325 35.8001  
0.325
2.63054 -7.41692 35.2205  
0.33125
2.01994 -7.47081 34.6758  
0.3375
1.44413 -7.49306 34.165  
0.34375
0.902736 -7.48928 33.6864  
0.35
0.395085 -7.46436 33.2383  
0.35625
-0.0797255 -7.4225 32.8186  
0.3625
-0.522783 -7.36734 32.4252  
0.36875
-0.935309 -7.30199 32.056  
0.375
-1.31862 -7.22908 31.7091  
0.38125
-1.67412 -7.15087 31.3824  
0.3875
-2.00321 -7.06925 31.0741  
0.39375
-2.30736 -6.98582 30.7825  
0.4
-2.58801 -6.90193 30.506  
0.40625
-2.84659 -6.81871 30.2431  
0.4125
-3.08451 -6.73708 29.9925  
0.41875
-3.30315 -6.65784 29.753  
0.425
-3.50383 -6.58163 29.5235  
0.43125
-3.68786 -6.50898 29.3031  
0.4375
-3.85646 -6.44032 29.091  
0.44375
-4.01082 -6.37599 28.8863  
0.45
-4.15209 -6.31628 28.6885  
0.45625
-4.28133 -6.26139 28.4969  
0.4625
-4.39958 -6.2115 28.3111  
0.46875
-4.5078 -6.16671 28.1307  
0.475
-4.60692 -6.12711 27.9553  
0.48125
-4.69781 -6.09274 27.7847  
0.4875
-4.78128 -6.06364 27.6185  
0.49375
-4.85809 -6.03979 27.4566  
0.5
-4.92898 -6.02118 27.2989  
0.50625
-4.9946 -6.00776 27.1451  
0.5125
-5.05561 -5.99949 26.9953  
0.51875
-5.11258 -5.99629 26.8494  
0.525
-5.16606 -5.99809 26.7073  
0.53125
-5.21657 -6.00481 26.569  
0.5375
-5.26458 -6.01636 26.4346  
0.54375
-5.31053 -6.03264 26.3041  
0.55
-5.35484 -6.05355 26.1775  
0.55625
-5.39787 -6.07898 26.0549  
0.5625
-5.43997 -6.10883 25.9363  
0.56875
-5.48147 -6.14297 25.8219  
0.575
-5.52265 -6.1813 25.7117  
0.58125
-5.56379 -6.22369 25.6058  
0.5875
-5.60513 -6.27003 25.5044  
0.59375
-5.6469 -6.32018 25.4075  
0.6
-5.68929 -6.37403 25.3153  
0.60625
-5.73248 -6.43145 25.2279  
0.6125
-5.77665 -6.49229 25.1455  
0.61875
-5.82193 -6.55643 25.0681  
0.625
-5.86846 -6.62371 24.9959  
0.63125
-5.91634 -6.69401 24.9291  
0.6375
-5.96566 -6.76716 24.8677  
0.64375
-6.01652 -6.843 24.812  
0.65
-6.06897 -6.92138 24.7621  
0.65625
-6.12307 -7.00213 24.7181  
0.6625
-6.17885 -7.08506 24.6801  
0.66875
-6.23634 -7.16999 24.6483  
0.675
-6.29555 -7.25672 24.6228  
0.68125
-6.35648 -7.34505 24.6038  
0.6875
-6.41912 -7.43476 24.5913  
0.69375
-6.48343 -7.52562 24.5856  
0.7
-6.54939 -7.6174 24.5866  
0.70625
-6.61693 -7.70985 24.5945  
0.7125
-6.686 -7.8027 24.6095  
0.71875
-6.75652 -7.89567 24.6314  
0.725
-6.82839 -7.98849 24.6605  
0.73125
-6.90152 -8.08085 24.6968  
0.7375
-6.9758 -8.17244 24.7403  
0.74375
-7.0511 -8.26292 24.7909  
0.75
-7.12728 -8.35198 24.8488  
0.75625
-7.20419 -8.43926 24.9138  
0.7625
-7.28166 -8.52439 24.9859  
0.76875
-7.35953 -8.60703 25.0651  
0.775
-7.4376 -8.68678 25.1511  
0.78125
-7.51567 -8.76328 25.2439  
0.7875
-7.59354 -8.83614 25.3433  
0.79375
-7.67099 -8.90498 25.4491  
0.8
-7.74779 -8.96941 25.561  
0.80625
-7.8237 -9.02905 25.6787  
0.8125
-7.89846 -9.08354 25.802  
0.81875
-7.97183 -9.13249 25.9305  
0.825
-8.04354 -9.17558 26.0638  
0.83125
-8.11333 -9.21245 26.2014  
0.8375
-8.18093 -9.2428 26.343  
0.84375
-8.24607 -9.26634 26.4881  
0.85
-8.30847 -9.28279 26.636  
0.85625
-8.36786 -9.29194 26.7862  
0.8625
-8.42398 -9.29358 26.9382  
0.86875
-8.47656 -9.28756 27.0914  
0.875
-8.52536 -9.27375 27.245  
0.88125
-8.57011 -9.25208 27.3985  
0.8875
-8.6106 -9.22252 27.5512  
0.89375
-8.64661 -9.18509 27.7024  
0.9
-8.67792 -9.13986 27.8514  
0.90625
-8.70436 -9.08696 27.9975  
0.9125
-8.72575 -9.02654 28.1401  
0.91875
-8.74196 -8.95884 28.2786  
0.925
-8.75287 -8.88412 28.4122  
0.93125
-8.75837 -8.8027 28.5403  
0.9375
-8.75841 -8.71494 28.6624  
0.94375
-8.75295 -8.62125 28.7778  
0.95
-8.74196 -8.52208 28.8862  
0.95625
-8.72547 -8.4179 28.987  
0.9625
-8.70352 -8.30922 29.0797  
0.96875
-8.67619 -8.19658 29.164  
0.975
-8.64358 -8.08054 29.2395  
0.98125
-8.60582 -7.96166 29.3061  
0.9875
-8.56306 -7.84053 29.3634  
0.99375
-8.51551 -7.71773 29.4112  
1
-8.46335 -7.59385 29.4496  
1.00625
-8.40682 -7.46946 29.4784  
1.0125
-8.34618 -7.34513 29.4976  
1.01875
-8.2817 -7.22141 29.5073  
1.025
-8.21365 -7.09882 29.5075  
1.03125
-8.14235 -6.97789 29.4985  
1.0375
-8.0681 -6.85908 29.4803  
1.04375
-7.99122 -6.74285 29.4533  
1.05
-7.91205 -6.62961 29.4176  
1.05625
-7.83092 -6.51977 29.3735  
1.0625
-7.74816 -6.41365 29.3215  
1.06875
-7.66411 -6.31159 29.2617  
1.075
-7.57909 -6.21386 29.1946  
1.08125
-7.49345 -6.12072 29.1206  
1.0875
-7.4075 -6.03237 29.0399  
1.09375
-7.32156 -5.94899 28.9531  
1.1
-7.23593 -5.87074 28.8606  
1.10625
-7.15091 -5.79774 28.7627  
1.1125
-7.06678 -5.73007 28.6598  
1.11875
-6.98382 -5.6678 28.5524  
1.125
-6.90228 -5.61097 28.4408  
1.13125
-6.8224 -5.5596 28.3255  
1.1375
-6.74442 -5.51369 28.2068  
1.14375
-6.66856 -5.47321 28.0851  
1.15
-6.595 -5.43814 27.9609  
1.15625
-6.52395 -5.40843 27.8344  
1.1625
-6.45556 -5.38401 27.7061  
1.16875
-6.39 -5.36482 27.5762  
1.175
-6.32741 -5.35077 27.4452  
1.18125
-6.26792 -5.34178 27.3133  
1.1875
-6.21164 -5.33777 27.1809  
1.19375
-6.15868 -5.33864 27.0482  
1.2
-6.10913 -5.34428 26.9157  
1.20625
-6.06307 -5.35461 26.7835  
1.2125
-6.02057 -5.36953 26.6519  
1.21875
-5.98169 -5.38893 26.5213  
1.225
-5.94648 -5.41272 26.3918  
1.23125
-5.91497 -5.44079 26.2638  
1.2375
-5.8872 -5.47306 26.1375  
1.24375
-5.8632 -5.50943 26.0131  
1.25
-5.84298 -5.5498 25.8909  
1.25625
-5.82655 -5.59409 25.7712  
1.2625
-5.81392 -5.6422 25.6541  
1.26875
-5.80509 -5.69404 25.5399  
1.275
-5.80004 -5.74954 25.4288  
1.28125
-5.79877 -5.80859 25.321  
1.2875
-5.80127 -5.87111 25.2168  
1.29375
-5.8075 -5.93703 25.1163  
1.3
-5.81746 -6.00624 25.0199  
1.30625
-5.8311 -6.07866 24.9276  
1.3125
-5.8484 -6.1542 24.8397  
1.31875
-5.86932 -6.23277 24.7565  
1.325
-5.89383 -6.31426 24.6781  
1.33125
-5.92188 -6.39858 24.6047  
1.3375
-5.95342 -6.48561 24.5366  
1.34375
-5.9884 -6.57525 24.474  
1.35
-6.02677 -6.66737 24.417  
1.35625
-6.06847 -6.76184 24.3658  
1.3625
-6.11344 -6.85852 24.3208  
1.36875
-6.16161 -6.95727 24.2819  
1.375
-6.2129 -7.05793 24.2496  
1.38125
-6.26723 -7.16031 24.2239  
1.3875
-6.32453 -7.26425 24.2049  
1.39375
-6.3847 -7.36954 24.193  
1.4
-6.44763 -7.47596 24.1883  
1.40625
-6.51324 -7.58329 24.1909  
1.4125
-6.58139 -7.69129 24.2009  
1.41875
-6.65197 -7.79969 24.2186  
1.425
-6.72485 -7.90821 24.244  
1.43125
-6.79989 -8.01655 24.2773  
1.4375
-6.87693 -8.12441 24.3185  
1.44375
-6.95582 -8.23145 24.3677  
1.45
-7.03638 -8.33732 24.425  
1.45625
-7.11844 -8.44166 24.4904  
1.4625
-7.20178 -8.54407 24.5639  
1.46875
-7.28622 -8.64416 24.6455  
1.475
-7.37152 -8.74151 24.7351  
1.48125
-7.45747 -8.8357 24.8326  
1.4875
-7.5438 -8.9263 24.938  
1.49375
-7.63027 -9.01284 25.0509  
1.5
-7.71662 -9.09488 25.1713  
1.50625
-7.80256 -9.17197 25.2989  
1.5125
-7.88779 -9.24364 25.4334  
1.51875
-7.97204 -9.30945 25.5745  
1.525
-8.05497 -9.36894 25.7218  
1.53125
-8.13628 -9.42169 25.8748  
1.5375
-8.21565 -9.46728 26.0331  
1.54375
-8.29273 -9.5053 26.1962  
1.55
-8.36722 -9.53541 26.3635  
1.55625
-8.43876 -9.55724 26.5344  
1.5625
-8.50703 -9.5705 26.7083  
1.56875
-8.5717 -9.57494 26.8844  
1.575
-8.63244 -9.57032 27.0621  
1.58125
-8.68893 -9.55649 27.2406  
1.5875
-8.74088 -9.53333 27.419  
1.59375
-8.78799 -9.50078 27.5967  
1.6
-8.82999 -9.45885 27.7728  
1.60625
-8.86661 -9.40761 27.9464  
1.6125
-8.89762 -9.34719 28.1168  
1.61875
-8.92281 -9.27778 28.2831  
1.625
-8.942 -9.19964 28.4445  
1.63125
-8.95502 -9.1131 28.6003  
1.6375
-8.96177 -9.01854 28.7496  
1.64375
-8.96213 -8.91641 28.8918  
1.65
-8.95606 -8.80719 29.0262  
1.65625
-8.94353 -8.69145 29.1521  
1.6625
-8.92456 -8.56976 29.2691  
1.66875
-8.89919 -8.44277 29.3764  
1.675
-8.86751 -8.31113 29.4738  
1.68125
-8.82965 -8.17553 29.5609  
1.6875
-8.78576 -8.03668 29.6372  
1.69375
-8.73602 -7.89529 29.7026  
1.7
-8.68067 -7.75208 29.7568  
1.70625
-8.61996 -7.60776 29.7998  
1.7125
-8.55416 -7.46305 29.8316  
1.71875
-8.48357 -7.31863 29.8521  
1.725
-8.40854 -7.17517 29.8614  
1.73125
-8.32941 -7.03329 29.8598  
1.7375
-8.24653 -6.89361 29.8473  
1.74375
-8.1603 -6.75669 29.8242  
1.75
-8.07108 -6.62306 29.7909  
1.75625
-7.97929 -6.4932 29.7477  
1.7625
-7.88532 -6.36756 29.6949  
1.76875
-7.78957 -6.24652 29.633  
1.775
-7.69244 -6.13044 29.5624  
1.78125
-7.59432 -6.01963 29.4835  
1.7875
-7.4956 -5.91434 29.3968  
1.79375
-7.39666 -5.8148 29.3027  
1.8
-7.29787 -5.72117 29.2019  
1.80625
-7.19958 -5.63361 29.0946  
1.8125
-7.10212 -5.55221 28.9815  
1.81875
-7.00583 -5.47703 28.863  
1.825
-6.91102 -5.40812 28.7396  
1.83125
-6.81797 -5.3455 28.6117  
1.8375
-6.72696 -5.28913 28.4799  
1.84375
-6.63824 -5.23899 28.3445  
1.85
-6.55205 -5.19501 28.206  
1.85625
-6.4686 -5.15713 28.0648  
1.8625
-6.38811 -5.12526 27.9214  
1.86875
-6.31074 -5.09931 27.7761  
1.875
-6.23668 -5.07915 27.6293  
1.88125
-6.16605 -5.06468 27.4813  
1.8875
-6.099 -5.05578 27.3326  
1.89375
-6.03565 -5.05233 27.1834  
1.9
-5.97609 -5.05421 27.0342  
1.90625
-5.92041 -5.06127 26.8851  
1.9125
-5.86869 -5.07342 26.7366  
1.91875
-5.821 -5.09051 26.5889  
1.925
-5.77738 -5.11244 26.4423  
1.93125
-5.73788 -5.13908 26.297  
1.9375
-5.70253 -5.17032 26.1534  
1.94375
-5.67135 -5.20606 26.0117  
1.95
-5.64436 -5.24618 25.8722  
1.95625
-5.62158 -5.29059 25.7351  
1.9625
-5.60299 -5.33919 25.6006  
1.96875
-5.5886 -5.39189 25.469  
1.975
-5.5784 -5.4486 25.3405  
1.98125
-5.57237 -5.50922 25.2154  
1.9875
-5.57051 -5.57369 25.0939  
1.99375
-5.57277 -5.64191 24.9762  
