0
10 4 5  
0.0125
9.45289 6.69909 5.51436  
0.025
9.27523 9.18651 6.29507  
0.0375
9.40263 11.5297 7.3348  
0.05
9.7846 13.769 8.65452  
0.0625
10.3796 15.9153 10.2922  
0.075
11.1504 17.947 12.2931  
0.0875
12.0595 19.8082 14.6994  
0.1
13.0652 21.4074 17.5374  
0.1125
14.118 22.6217 20.8024  
0.125
15.1588 23.3069 24.441  
0.1375
16.1181 23.3186 28.3385  
0.15
16.9195 22.5418 32.3132  
0.1625
17.4859 20.9257 36.1282  
0.175
17.7486 18.5126 39.5231  
0.1875
17.6582 15.4484 42.2593  
0.2
17.1934 11.9658 44.1698  
0.2125
16.3653 8.34283 45.1919  
0.225
15.216 4.84965 45.3743  
0.2375
13.8112 1.70152 44.8546  
0.25
12.2296 -0.967091 43.8191  
0.2625
10.5513 -3.10448 42.4619  
0.275
8.84937 -4.72566 40.9532  
0.2875
7.1839 -5.88861 39.4227  
0.3
5.59991 -6.67149 37.9575  
0.3125
4.12773 -7.15563 36.6074  
0.325
2.785 -7.41532 35.3937  
0.3375
1.57921 -7.51308 34.3191  
0.35
0.510374 -7.49877 33.3748  
0.3625
-0.426692 -7.41061 32.5466  
0.375
-1.24048 -7.27708 31.8182  
0.3875
-1.94137 -7.119 31.1736  
0.4
-2.54063 -6.95129 30.5983  
0.4125
-3.04973 -6.78455 30.0795  
0.425
-3.4798 -6.62615 29.6068  
0.4375
-3.84143 -6.48115 29.1718  
0.45
-4.14444 -6.35291 28.7677  
0.4625
-4.39783 -6.2436 28.3894  
0.475
-4.60974 -6.15445 28.0331  
0.4875
-4.78745 -6.08609 27.6959  
0.5
-4.93744 -6.03867 27.376  
0.5125
-5.06543 -6.01199 27.072  
0.525
-5.17641 -6.00561 26.7835  
0.5375
-5.27475 -6.01894 26.51  
0.55
-5.3642 -6.05123 26.2518  
0.5625
-5.44799 -6.10167 26.0092  
0.575
-5.52888 -6.16939 25.7827  
0.5875
-5.60918 -6.25344 25.5732  
0.6
-5.69082 -6.35286 25.3814  
0.6125
-5.7754 -6.46664 25.2085  
0.625
-5.8642 -6.59371 25.0552  
0.6375
-5.95821 -6.73293 24.9229  
0.65
-6.05819 -6.88311 24.8126  
0.6625
-6.16464 -7.04293 24.7253  
0.675
-6.27785 -7.21097 24.6623  
0.6875
-6.39791 -7.38568 24.6244  
0.7
-6.52469 -7.56534 24.6128  
0.7125
-6.65786 -7.74807 24.6282  
0.725
-6.79693 -7.93178 24.6713  
0.7375
-6.94117 -8.11421 24.7426  
0.75
-7.08969 -8.29289 24.8423  
0.7625
-7.24138 -8.4652 24.9702  
0.775
-7.39495 -8.62832 25.1259  
0.7875
-7.54894 -8.77935 25.3085  
0.8
-7.70169 -8.91529 25.5165  
0.8125
-7.8514 -9.03315 25.7482  
0.825
-7.99613 -9.13004 26.0008  
0.8375
-8.13383 -9.20324 26.2716  
0.85
-8.26242 -9.2503 26.5568  
0.8625
-8.37975 -9.26919 26.8523  
0.875
-8.48375 -9.25838 27.1536  
0.8875
-8.57245 -9.21695 27.4557  
0.9
-8.64402 -9.14467 27.7535  
0.9125
-8.69688 -9.04206 28.0416  
0.925
-8.72975 -8.91043 28.3147  
0.9375
-8.74168 -8.75183 28.568  
0.95
-8.73212 -8.56906 28.7968  
0.9625
-8.70096 -8.36551 28.997  
0.975
-8.64853 -8.14513 29.1651  
0.9875
-8.57561 -7.91218 29.2987  
1
-8.48338 -7.67117 29.3958  
1.0125
-8.37344 -7.42663 29.4556  
1.025
-8.24772 -7.18296 29.4778  
1.0375
-8.10842 -6.94433 29.4633  
1.05
-7.95795 -6.71452 29.4132  
1.0625
-7.79886 -6.49686 29.3295  
1.075
-7.63376 -6.29415 29.2147  
1.0875
-7.46525 -6.10869 29.0715  
1.1
-7.29586 -5.94221 28.9028  
1.1125
-7.12801 -5.79598 28.7117  
1.125
-6.96393 -5.67077 28.5016  
1.1375
-6.80569 -5.56698 28.2755  
1.15
-6.65512 -5.48467 28.0365  
1.1625
-6.51383 -5.42362 27.7877  
1.175
-6.3832 -5.3834 27.5317  
1.1875
-6.2644 -5.36344 27.2715  
1.2
-6.15838 -5.36305 27.0094  
1.2125
-6.0659 -5.3815 26.7479  
1.225
-5.98753 -5.41801 26.4892  
1.2375
-5.92369 -5.47182 26.2354  
1.25
-5.87467 -5.54216 25.9887  
1.2625
-5.84062 -5.62829 25.7509  
1.275
-5.82159 -5.7295 25.5239  
1.2875
-5.81755 -5.84507 25.3095  
1.3
-5.8284 -5.97433 25.1094  
1.3125
-5.85393 -6.11655 24.9254  
1.325
-5.89391 -6.271 24.7591  
1.3375
-5.94803 -6.4369 24.6123  
1.35
-6.01593 -6.61338 24.4865  
1.3625
-6.09716 -6.79948 24.3834  
1.375
-6.19124 -6.99409 24.3045  
1.3875
-6.29756 -7.19594 24.2515  
1.4
-6.41547 -7.40357 24.2256  
1.4125
-6.54417 -7.61532 24.2282  
1.425
-6.68277 -7.82924 24.2606  
1.4375
-6.83023 -8.04316 24.3237  
1.45
-6.98537 -8.25462 24.4181  
1.4625
-7.14683 -8.46088 24.5444  
1.475
-7.31307 -8.65895 24.7025  
1.4875
-7.48239 -8.84561 24.892  
1.5
-7.65288 -9.01744 25.112  
1.5125
-7.82244 -9.17094 25.3607  
1.525
-7.98883 -9.30254 25.6361  
1.5375
-8.14964 -9.4088 25.9352  
1.55
-8.30234 -9.48646 26.2543  
1.5625
-8.44437 -9.53264 26.5891  
1.575
-8.57312 -9.54495 26.9346  
1.5875
-8.68608 -9.52167 27.2852  
1.6
-8.78087 -9.46187 27.6349  
1.6125
-8.85532 -9.36548 27.9774  
1.625
-8.90757 -9.23345 28.3062  
1.6375
-8.93616 -9.06766 28.6152  
1.65
-8.94006 -8.87099 28.8984  
1.6625
-8.91877 -8.64718 29.1504  
1.675
-8.87232 -8.40071 29.3668  
1.6875
-8.8013 -8.13663 29.5438  
1.7
-8.70685 -7.86037 29.6789  
1.7125
-8.59063 -7.57746 29.7704  
1.725
-8.45472 -7.29341 29.8178  
1.7375
-8.30163 -7.01343 29.8216  
1.75
-8.13413 -6.74229 29.7832  
1.7625
-7.9552 -6.48422 29.7047  
1.775
-7.76794 -6.24277 29.589  
1.7875
-7.57545 -6.02083 29.4393  
1.8
-7.38078 -5.82059 29.2592  
1.8125
-7.18681 -5.64358 29.0523  
1.825
-6.99627 -5.49077 28.8224  
1.8375
-6.81161 -5.36256 28.5734  
1.85
-6.63504 -5.25897 28.3087  
1.8625
-6.46848 -5.17963 28.0319  
1.875
-6.31358 -5.12395 27.7463  
1.8875
-6.17169 -5.09115 27.4549  
1.9
-6.04393 -5.08032 27.1605  
1.9125
-5.93116 -5.09051 26.8657  
1.925
-5.83404 -5.12076 26.5732  
1.9375
-5.75303 -5.17013 26.2851  
1.95
-5.68843 -5.23772 26.0036  
1.9625
-5.6404 -5.32269 25.7308  
1.975
-5.609 -5.42426 25.4686  
1.9875
-5.59418 -5.54171 25.2189  
2
-5.59581 -5.67434 24.9836  
