0 10 4 5  
0.05 9.58753 13.9377 8.6578  
0.1 12.7548 21.0738 17.4147  
0.15 16.3134 22.2288 30.7899  
0.2 17.0571 14.1165 42.2246  
0.25 13.4692 2.05801 44.5962  
0.3 7.36258 -5.65264 40.018  
0.35 1.72209 -7.82465 34.8951  
0.4 -2.04215 -7.55235 31.6181  
0.45 -4.10363 -6.83936 29.6423  
0.5 -5.09205 -6.30999 28.2525  
0.55 -5.53491 -6.08839 27.1292  
0.6 -5.77124 -6.16308 26.1946  
0.65 -5.99257 -6.48603 25.4722  
0.7 -6.29204 -6.99645 25.0199  
0.75 -6.69829 -7.61892 24.9002  
0.8 -7.19324 -8.25242 25.1573  
0.85 -7.71953 -8.76551 25.7858  
0.9 -8.18777 -9.01473 26.6985  
0.95 -8.49452 -8.89456 27.7121  
1 -8.55537 -8.39876 28.5826  
1.05 -8.34212 -7.64574 29.0899  
1.1 -7.90132 -6.83446 29.1238  
1.15 -7.3391 -6.15711 28.7117  
1.2 -6.78146 -5.73287 27.9788  
1.25 -6.33509 -5.59822 27.0842  
1.3 -6.06796 -5.7363 26.1779  
1.35 -6.00985 -6.10906 25.3877  
1.4 -6.16202 -6.67149 24.8228  
1.45 -6.50479 -7.36641 24.5784  
1.5 -6.99778 -8.10814 24.7294  
1.55 -7.57398 -8.76843 25.3064  
1.6 -8.13493 -9.18425 26.2564  
1.65 -8.55886 -9.20525 27.4105  
1.7 -8.73094 -8.77288 28.4996  
1.75 -8.58887 -7.97866 29.2406  
1.8 -8.15708 -7.04014 29.4547  
1.85 -7.54216 -6.19941 29.1301  
1.9 -6.88984 -5.62332 28.3915  
1.95 -6.33312 -5.37277 27.4202  
