0 10 4 5  
0.003125 9.82611 4.69733 5.10305  
0.00625 9.67877 5.37757 5.22422  
0.009375 9.55665 6.04219 5.36268  
0.0125 9.45852 6.69258 5.51782  
0.015625 9.38322 7.33004 5.68917  
0.01875 9.32967 7.95577 5.87647  
0.021875 9.29686 8.57088 6.07959  
0.025 9.28384 9.17638 6.29852  
0.028125 9.28971 9.77316 6.5334  
0.03125 9.31365 10.362 6.78443  
0.034375 9.35485 10.9437 7.05195  
0.0375 9.41259 11.5187 7.33636  
0.040625 9.48614 12.0875 7.63813  
0.04375 9.57485 12.6505 7.95782  
0.046875 9.67806 13.2079 8.29601  
0.05 9.79516 13.7598 8.65337  
0.053125 9.92556 14.3063 9.03057  
0.05625 10.0687 14.8471 9.42834  
0.059375 10.2239 15.382 9.84741  
0.0625 10.3908 15.9107 10.2885  
0.065625 10.5686 16.4325 10.7524  
0.06875 10.757 16.9469 11.2399  
0.071875 10.9552 17.4529 11.7517  
0.075 11.1628 17.9498 12.2884  
0.078125 11.3791 18.4363 12.8507  
0.08125 11.6036 18.9113 13.4392  
0.084375 11.8355 19.3734 14.0544  
0.0875 12.0743 19.821 14.6968  
0.090625 12.3193 20.2526 15.3666  
0.09375 12.5698 20.6662 16.0641  
0.096875 12.825 21.0601 16.7894  
0.1 13.0841 21.4322 17.5423  
0.103125 13.3463 21.7803 18.3226  
0.10625 13.6108 22.1021 19.1298  
0.109375 13.8766 22.3955 19.9632  
0.1125 14.1427 22.658 20.8221  
0.115625 14.4083 22.8872 21.7051  
0.11875 14.6721 23.0806 22.611  
0.121875 14.9332 23.2359 23.5381  
0.125 15.1905 23.3506 24.4844  
0.128125 15.4427 23.4226 25.4478  
0.13125 15.6886 23.4495 26.4257  
0.134375 15.9271 23.4294 27.4153  
0.1375 16.1569 23.3604 28.4136  
0.140625 16.3767 23.2409 29.4174  
0.14375 16.5853 23.0695 30.4229  
0.146875 16.7813 22.8451 31.4265  
0.15 16.9636 22.567 32.4241  
0.153125 17.1309 22.2349 33.4117  
0.15625 17.282 21.8488 34.385  
0.159375 17.4158 21.409 35.3396  
0.1625 17.5311 20.9166 36.2714  
0.165625 17.6269 20.3728 37.1759  
0.16875 17.7022 19.7794 38.0491  
0.171875 17.7563 19.1386 38.8867  
0.175 17.7883 18.453 39.685  
0.178125 17.7975 17.7258 40.4405  
0.18125 17.7836 16.9602 41.1497  
0.184375 17.7459 16.1602 41.8098  
0.1875 17.6843 15.3296 42.4183  
0.190625 17.5987 14.4729 42.973  
0.19375 17.489 13.5946 43.4723  
0.196875 17.3554 12.6991 43.9151  
0.2 17.1982 11.7912 44.3006  
0.203125 17.0177 10.8756 44.6288  
0.20625 16.8146 9.95687 44.8998  
0.209375 16.5895 9.03956 45.1144  
0.2125 16.3431 8.128 45.2738  
0.215625 16.0765 7.22634 45.3796  
0.21875 15.7905 6.33844 45.4337  
0.221875 15.4863 5.46789 45.4384  
0.225 15.165 4.61796 45.3963  
0.228125 14.8277 3.79156 45.3101  
0.23125 14.4758 2.99127 45.1828  
0.234375 14.1106 2.21928 45.0175  
0.2375 13.7333 1.47743 44.8174  
0.240625 13.3453 0.767204 44.5858  
0.24375 12.9478 0.089734 44.3257  
0.246875 12.5423 -0.554177 44.0405  
0.25 12.1299 -1.16404 43.7333  
0.253125 11.712 -1.73964 43.4071  
0.25625 11.2898 -2.28106 43.0648  
0.259375 10.8644 -2.78859 42.7092  
0.2625 10.437 -3.26273 42.3428  
0.265625 10.0087 -3.70419 41.9682  
0.26875 9.58048 -4.11382 41.5876  
0.271875 9.15329 -4.4926 41.2031  
0.275 8.72805 -4.84163 40.8165  
0.278125 8.30559 -5.16209 40.4296  
0.28125 7.88669 -5.45522 40.0439  
0.284375 7.47206 -5.72231 39.6608  
0.2875 7.06235 -5.96468 39.2814  
0.290625 6.65815 -6.18366 38.9069  
0.29375 6.25999 -6.38057 38.5382  
0.296875 5.86834 -6.55674 38.1759  
0.3 5.48362 -6.71346 37.8208  
0.303125 5.10619 -6.85199 37.4733  
0.30625 4.73638 -6.97357 37.1339  
0.309375 4.37444 -7.07937 36.8028  
0.3125 4.02062 -7.17055 36.4804  
0.315625 3.67508 -7.24819 36.1667  
0.31875 3.33797 -7.31334 35.8618  
0.321875 3.00942 -7.36698 35.5658  
0.325 2.68948 -7.41006 35.2787  
0.328125 2.37821 -7.44345 35.0003  
0.33125 2.07563 -7.46799 34.7305  
0.334375 1.78173 -7.48446 34.4692  
0.3375 1.49647 -7.49361 34.2162  
0.340625 1.21982 -7.4961 33.9713  
0.34375 0.951687 -7.49259 33.7343  
0.346875 0.692001 -7.48367 33.5049  
0.35 0.440653 -7.46989 33.283  
0.353125 0.197531 -7.45178 33.0682  
0.35625 -0.0374946 -7.42981 32.8603  
0.359375 -0.26456 -7.40442 32.659  
0.3625 -0.483811 -7.37602 32.4642  
0.365625 -0.695401 -7.345 32.2754  
0.36875 -0.899492 -7.3117 32.0925  
0.371875 -1.09625 -7.27645 31.9152  
0.375 -1.28584 -7.23954 31.7433  
0.378125 -1.46844 -7.20125 31.5765  
0.38125 -1.64423 -7.16183 31.4146  
0.384375 -1.81338 -7.12151 31.2573  
0.3875 -1.97608 -7.0805 31.1045  
0.390625 -2.1325 -7.03901 30.9558  
0.39375 -2.28283 -6.9972 30.8112  
0.396875 -2.42724 -6.95524 30.6704  
0.4 -2.56592 -6.91329 30.5333  
0.403125 -2.69904 -6.87148 30.3995  
0.40625 -2.82678 -6.82993 30.2691  
0.409375 -2.94932 -6.78875 30.1418  
0.4125 -3.06683 -6.74807 30.0174  
0.415625 -3.17948 -6.70796 29.8958  
0.41875 -3.28745 -6.66851 29.7769  
0.421875 -3.39088 -6.62981 29.6606  
0.425 -3.48996 -6.59191 29.5466  
0.428125 -3.58483 -6.5549 29.435  
0.43125 -3.67567 -6.51882 29.3255  
0.434375 -3.76261 -6.48373 29.2181  
0.4375 -3.84581 -6.44968 29.1127  
0.440625 -3.92542 -6.4167 29.0092  
0.44375 -4.00159 -6.38483 28.9075  
0.446875 -4.07444 -6.35411 28.8075  
0.45 -4.14413 -6.32457 28.7091  
0.453125 -4.21079 -6.29623 28.6124  
0.45625 -4.27454 -6.26911 28.5171  
0.459375 -4.33551 -6.24324 28.4234  
0.4625 -4.39383 -6.21863 28.331  
0.465625 -4.44962 -6.19529 28.24  
0.46875 -4.50299 -6.17324 28.1503  
0.471875 -4.55407 -6.15248 28.0618  
0.475 -4.60295 -6.13303 27.9746  
0.478125 -4.64975 -6.11488 27.8886  
0.48125 -4.69457 -6.09805 27.8037  
0.484375 -4.73752 -6.08253 27.7199  
0.4875 -4.77868 -6.06833 27.6373  
0.490625 -4.81817 -6.05544 27.5557  
0.49375 -4.85606 -6.04386 27.4752  
0.496875 -4.89245 -6.03359 27.3957  
0.5 -4.92742 -6.02463 27.3172  
0.503125 -4.96107 -6.01696 27.2397  
0.50625 -4.99346 -6.01059 27.1633  
0.509375 -5.02467 -6.00551 27.0878  
0.5125 -5.0548 -6.0017 27.0133  
0.515625 -5.08389 -5.99916 26.9397  
0.51875 -5.11203 -5.99789 26.8671  
0.521875 -5.13929 -5.99787 26.7955  
0.525 -5.16573 -5.99909 26.7248  
0.528125 -5.19141 -6.00154 26.6551  
0.53125 -5.21639 -6.00521 26.5864  
0.534375 -5.24074 -6.01009 26.5186  
0.5375 -5.2645 -6.01616 26.4518  
0.540625 -5.28774 -6.02342 26.3859  
0.54375 -5.31051 -6.03185 26.321  
0.546875 -5.33285 -6.04144 26.2571  
0.55 -5.35482 -6.05218 26.1942  
0.553125 -5.37646 -6.06405 26.1322  
0.55625 -5.39782 -6.07703 26.0713  
0.559375 -5.41893 -6.09113 26.0114  
0.5625 -5.43985 -6.10631 25.9524  
0.565625 -5.4606 -6.12257 25.8946  
0.56875 -5.48124 -6.13989 25.8377  
0.571875 -5.50179 -6.15826 25.7819  
0.575 -5.52229 -6.17767 25.7272  
0.578125 -5.54277 -6.19809 25.6736  
0.58125 -5.56326 -6.21951 25.621  
0.584375 -5.5838 -6.24193 25.5696  
0.5875 -5.60441 -6.26531 25.5192  
0.590625 -5.62512 -6.28966 25.47  
0.59375 -5.64595 -6.31494 25.422  
0.596875 -5.66694 -6.34115 25.3751  
0.6 -5.6881 -6.36827 25.3294  
0.603125 -5.70946 -6.39628 25.2849  
0.60625 -5.73104 -6.42517 25.2416  
0.609375 -5.75285 -6.45492 25.1995  
0.6125 -5.77493 -6.48551 25.1587  
0.615625 -5.79727 -6.51693 25.1191  
0.61875 -5.81991 -6.54915 25.0808  
0.621875 -5.84286 -6.58217 25.0439  
0.625 -5.86613 -6.61596 25.0082  
0.628125 -5.88973 -6.6505 24.9738  
0.63125 -5.91368 -6.68578 24.9408  
0.634375 -5.93799 -6.72177 24.9092  
0.6375 -5.96267 -6.75847 24.8789  
0.640625 -5.98773 -6.79584 24.8501  
0.64375 -6.01318 -6.83386 24.8226  
0.646875 -6.03903 -6.87253 24.7966  
0.65 -6.06528 -6.91181 24.7721  
0.653125 -6.09194 -6.95168 24.749  
0.65625 -6.11902 -6.99213 24.7274  
0.659375 -6.14651 -7.03313 24.7073  
0.6625 -6.17443 -7.07465 24.6888  
0.665625 -6.20278 -7.11668 24.6717  
0.66875 -6.23155 -7.15919 24.6563  
0.671875 -6.26075 -7.20215 24.6424  
0.675 -6.29039 -7.24554 24.6301  
0.678125 -6.32045 -7.28934 24.6194  
0.68125 -6.35094 -7.33352 24.6103  
0.684375 -6.38186 -7.37804 24.6028  
0.6875 -6.4132 -7.42289 24.597  
0.690625 -6.44496 -7.46803 24.5929  
0.69375 -6.47714 -7.51344 24.5904  
0.696875 -6.50973 -7.55909 24.5897  
0.7 -6.54272 -7.60493 24.5906  
0.703125 -6.57612 -7.65096 24.5933  
0.70625 -6.6099 -7.69712 24.5977  
0.709375 -6.64406 -7.74339 24.6038  
0.7125 -6.6786 -7.78973 24.6117  
0.715625 -6.7135 -7.83612 24.6213  
0.71875 -6.74876 -7.88251 24.6327  
0.721875 -6.78436 -7.92886 24.6459  
0.725 -6.82028 -7.97515 24.6609  
0.728125 -6.85653 -8.02134 24.6776  
0.73125 -6.89308 -8.06738 24.6961  
0.734375 -6.92992 -8.11323 24.7165  
0.7375 -6.96703 -8.15887 24.7386  
0.740625 -7.0044 -8.20423 24.7625  
0.74375 -7.04201 -8.2493 24.7882  
0.746875 -7.07984 -8.29402 24.8157  
0.75 -7.11788 -8.33834 24.845  
0.753125 -7.15611 -8.38223 24.8761  
0.75625 -7.19451 -8.42565 24.909  
0.759375 -7.23305 -8.46854 24.9436  
0.7625 -7.27171 -8.51087 24.98  
0.765625 -7.31048 -8.55258 25.0181  
0.76875 -7.34933 -8.59363 25.058  
0.771875 -7.38824 -8.63398 25.0996  
0.775 -7.42718 -8.67358 25.143  
0.778125 -7.46613 -8.71237 25.188  
0.78125 -7.50506 -8.75032 25.2346  
0.784375 -7.54394 -8.78737 25.283  
0.7875 -7.58276 -8.82348 25.3329  
0.790625 -7.62148 -8.8586 25.3845  
0.79375 -7.66007 -8.89268 25.4376  
0.796875 -7.6985 -8.92568 25.4922  
0.8 -7.73675 -8.95754 25.5484  
0.803125 -7.77478 -8.98822 25.606  
0.80625 -7.81257 -9.01767 25.665  
0.809375 -7.85009 -9.04585 25.7255  
0.8125 -7.88729 -9.0727 25.7873  
0.815625 -7.92416 -9.0982 25.8503  
0.81875 -7.96065 -9.12228 25.9147  
0.821875 -7.99674 -9.14491 25.9803  
0.825 -8.0324 -9.16605 26.047  
0.828125 -8.06758 -9.18565 26.1148  
0.83125 -8.10226 -9.20368 26.1837  
0.834375 -8.1364 -9.22009 26.2535  
0.8375 -8.16997 -9.23485 26.3243  
0.840625 -8.20294 -9.24792 26.396  
0.84375 -8.23527 -9.25926 26.4685  
0.846875 -8.26692 -9.26886 26.5417  
0.85 -8.29787 -9.27667 26.6156  
0.853125 -8.32808 -9.28266 26.6901  
0.85625 -8.35752 -9.28682 26.7651  
0.859375 -8.38615 -9.28911 26.8406  
0.8625 -8.41394 -9.28952 26.9164  
0.865625 -8.44085 -9.28803 26.9926  
0.86875 -8.46687 -9.28461 27.069  
0.871875 -8.49195 -9.27926 27.1455  
0.875 -8.51606 -9.27196 27.2221  
0.878125 -8.53918 -9.26271 27.2987  
0.88125 -8.56127 -9.2515 27.3752  
0.884375 -8.5823 -9.23832 27.4515  
0.8875 -8.60225 -9.22318 27.5275  
0.890625 -8.6211 -9.20608 27.6032  
0.89375 -8.6388 -9.18703 27.6785  
0.896875 -8.65535 -9.16603 27.7532  
0.9 -8.67071 -9.14309 27.8274  
0.903125 -8.68486 -9.11825 27.9008  
0.90625 -8.69778 -9.0915 27.9735  
0.909375 -8.70946 -9.06288 28.0453  
0.9125 -8.71986 -9.0324 28.1162  
0.915625 -8.72898 -9.0001 28.1861  
0.91875 -8.7368 -8.96601 28.2549  
0.921875 -8.7433 -8.93017 28.3225  
0.925 -8.74847 -8.8926 28.3888  
0.928125 -8.7523 -8.85335 28.4538  
0.93125 -8.75478 -8.81246 28.5174  
0.934375 -8.75591 -8.76998 28.5795  
0.9375 -8.75566 -8.72596 28.64  
0.940625 -8.75405 -8.68045 28.699  
0.94375 -8.75106 -8.6335 28.7562  
0.946875 -8.7467 -8.58516 28.8117  
0.95 -8.74097 -8.5355 28.8654  
0.953125 -8.73386 -8.48457 28.9171  
0.95625 -8.72539 -8.43243 28.967  
0.959375 -8.71555 -8.37916 29.0149  
0.9625 -8.70437 -8.32481 29.0607  
0.965625 -8.69184 -8.26946 29.1045  
0.96875 -8.67797 -8.21317 29.1461  
0.971875 -8.66279 -8.156 29.1856  
0.975 -8.64631 -8.09803 29.2229  
0.978125 -8.62853 -8.03934 29.2579  
0.98125 -8.60949 -7.97999 29.2907  
0.984375 -8.5892 -7.92005 29.3212  
0.9875 -8.56768 -7.8596 29.3493  
0.990625 -8.54496 -7.79871 29.3752  
0.99375 -8.52105 -7.73745 29.3986  
0.996875 -8.496 -7.6759 29.4197  
1 -8.46981 -7.61413 29.4385  
1.00313 -8.44253 -7.5522 29.4548  
1.00625 -8.41418 -7.4902 29.4688  
1.00938 -8.3848 -7.42818 29.4804  
1.0125 -8.35441 -7.36623 29.4896  
1.01563 -8.32305 -7.3044 29.4964  
1.01875 -8.29076 -7.24277 29.5008  
1.02188 -8.25757 -7.1814 29.5029  
1.025 -8.22352 -7.12035 29.5027  
1.02813 -8.18864 -7.05969 29.5001  
1.03125 -8.15298 -6.99948 29.4952  
1.03438 -8.11657 -6.93978 29.4881  
1.0375 -8.07945 -6.88065 29.4787  
1.04063 -8.04166 -6.82214 29.4671  
1.04375 -8.00325 -6.7643 29.4533  
1.04688 -7.96425 -6.70719 29.4373  
1.05 -7.9247 -6.65086 29.4192  
1.05313 -7.88466 -6.59536 29.399  
1.05625 -7.84414 -6.54072 29.3767  
1.05938 -7.80321 -6.487 29.3524  
1.0625 -7.7619 -6.43424 29.3262  
1.06563 -7.72025 -6.38247 29.298  
1.06875 -7.67831 -6.33174 29.268  
1.07188 -7.63611 -6.28207 29.2361  
1.075 -7.5937 -6.2335 29.2024  
1.07813 -7.55112 -6.18606 29.1669  
1.08125 -7.50841 -6.13978 29.1297  
1.08438 -7.4656 -6.09468 29.0909  
1.0875 -7.42274 -6.05079 29.0505  
1.09063 -7.37987 -6.00814 29.0085  
1.09375 -7.33703 -5.96674 28.965  
1.09688 -7.29425 -5.9266 28.9201  
1.1 -7.25157 -5.88776 28.8738  
1.10313 -7.20903 -5.85021 28.8261  
1.10625 -7.16666 -5.81398 28.777  
1.10938 -7.1245 -5.77907 28.7268  
1.1125 -7.08259 -5.7455 28.6753  
1.11563 -7.04095 -5.71327 28.6227  
1.11875 -6.99963 -5.68239 28.569  
1.12188 -6.95864 -5.65287 28.5142  
1.125 -6.91803 -5.6247 28.4584  
1.12813 -6.87782 -5.59789 28.4017  
1.13125 -6.83805 -5.57245 28.3441  
1.13438 -6.79874 -5.54836 28.2856  
1.1375 -6.75992 -5.52563 28.2263  
1.14063 -6.72161 -5.50426 28.1662  
1.14375 -6.68384 -5.48425 28.1055  
1.14688 -6.64665 -5.46558 28.044  
1.15 -6.61004 -5.44826 27.982  
1.15313 -6.57405 -5.43227 27.9194  
1.15625 -6.53869 -5.41761 27.8562  
1.15938 -6.50399 -5.40428 27.7926  
1.1625 -6.46997 -5.39227 27.7285  
1.16563 -6.43664 -5.38155 27.664  
1.16875 -6.40403 -5.37214 27.5992  
1.17188 -6.37216 -5.36401 27.5341  
1.175 -6.34103 -5.35717 27.4687  
1.17813 -6.31067 -5.35158 27.4031  
1.18125 -6.2811 -5.34726 27.3373  
1.18438 -6.25232 -5.34417 27.2713  
1.1875 -6.22434 -5.34233 27.2052  
1.19063 -6.1972 -5.3417 27.1391  
1.19375 -6.17088 -5.34228 27.0729  
1.19688 -6.14541 -5.34406 27.0067  
1.2 -6.1208 -5.34702 26.9406  
1.20313 -6.09706 -5.35116 26.8745  
1.20625 -6.07419 -5.35646 26.8086  
1.20938 -6.0522 -5.36291 26.7428  
1.2125 -6.03111 -5.37049 26.6772  
1.21563 -6.01092 -5.3792 26.6118  
1.21875 -5.99163 -5.38902 26.5466  
1.22188 -5.97326 -5.39994 26.4818  
1.225 -5.9558 -5.41194 26.4172  
1.22813 -5.93927 -5.42502 26.353  
1.23125 -5.92366 -5.43917 26.2892  
1.23438 -5.90899 -5.45436 26.2258  
1.2375 -5.89525 -5.4706 26.1628  
1.24063 -5.88245 -5.48786 26.1003  
1.24375 -5.87059 -5.50613 26.0384  
1.24688 -5.85967 -5.52541 25.9769  
1.25 -5.8497 -5.54568 25.916  
1.25313 -5.84067 -5.56694 25.8557  
1.25625 -5.83259 -5.58916 25.7961  
1.25938 -5.82546 -5.61234 25.737  
1.2625 -5.81927 -5.63647 25.6787  
1.26563 -5.81403 -5.66153 25.6211  
1.26875 -5.80974 -5.68752 25.5642  
1.27188 -5.80639 -5.71443 25.508  
1.275 -5.80399 -5.74224 25.4527  
1.27813 -5.80253 -5.77094 25.3982  
1.28125 -5.80202 -5.80052 25.3445  
1.28438 -5.80244 -5.83097 25.2917  
1.2875 -5.8038 -5.86229 25.2399  
1.29063 -5.80609 -5.89445 25.1889  
1.29375 -5.80932 -5.92745 25.1389  
1.29688 -5.81347 -5.96128 25.0899  
1.3 -5.81856 -5.99592 25.0419  
1.30313 -5.82456 -6.03137 24.9949  
1.30625 -5.83148 -6.06761 24.949  
1.30938 -5.83931 -6.10464 24.9042  
1.3125 -5.84806 -6.14244 24.8605  
1.31563 -5.85771 -6.18099 24.818  
1.31875 -5.86826 -6.22029 24.7766  
1.32188 -5.87971 -6.26033 24.7364  
1.325 -5.89205 -6.30109 24.6975  
1.32813 -5.90527 -6.34256 24.6598  
1.33125 -5.91938 -6.38472 24.6233  
1.33438 -5.93435 -6.42757 24.5882  
1.3375 -5.9502 -6.47109 24.5544  
1.34063 -5.96691 -6.51526 24.5219  
1.34375 -5.98447 -6.56007 24.4909  
1.34688 -6.00288 -6.6055 24.4612  
1.35 -6.02213 -6.65154 24.4329  
1.35313 -6.04221 -6.69818 24.4061  
1.35625 -6.06312 -6.74539 24.3808  
1.35938 -6.08485 -6.79316 24.357  
1.3625 -6.10739 -6.84147 24.3347  
1.36563 -6.13073 -6.8903 24.314  
1.36875 -6.15486 -6.93963 24.2948  
1.37188 -6.17977 -6.98944 24.2773  
1.375 -6.20546 -7.03972 24.2613  
1.37813 -6.23191 -7.09044 24.247  
1.38125 -6.25911 -7.14157 24.2344  
1.38438 -6.28705 -7.1931 24.2235  
1.3875 -6.31573 -7.245 24.2143  
1.39063 -6.34513 -7.29724 24.2068  
1.39375 -6.37523 -7.3498 24.2011  
1.39688 -6.40603 -7.40266 24.1972  
1.4 -6.43751 -7.45578 24.195  
1.40313 -6.46967 -7.50913 24.1947  
1.40625 -6.50247 -7.5627 24.1962  
1.40938 -6.53592 -7.61644 24.1996  
1.4125 -6.57 -7.67032 24.2049  
1.41563 -6.60469 -7.72432 24.212  
1.41875 -6.63997 -7.77839 24.2211  
1.42188 -6.67583 -7.83251 24.2321  
1.425 -6.71225 -7.88664 24.245  
1.42813 -6.74922 -7.94073 24.2599  
1.43125 -6.78671 -7.99476 24.2767  
1.43438 -6.82471 -8.04867 24.2955  
1.4375 -6.8632 -8.10244 24.3163  
1.44063 -6.90215 -8.15602 24.3391  
1.44375 -6.94156 -8.20937 24.3639  
1.44688 -6.98138 -8.26244 24.3908  
1.45 -7.02161 -8.31519 24.4196  
1.45313 -7.06222 -8.36758 24.4504  
1.45625 -7.10318 -8.41954 24.4833  
1.45938 -7.14448 -8.47105 24.5182  
1.4625 -7.18608 -8.52205 24.5551  
1.46563 -7.22796 -8.57249 24.594  
1.46875 -7.2701 -8.62231 24.6349  
1.47188 -7.31246 -8.67148 24.6778  
1.475 -7.35502 -8.71992 24.7227  
1.47813 -7.39775 -8.7676 24.7696  
1.48125 -7.44063 -8.81446 24.8185  
1.48438 -7.4836 -8.86044 24.8693  
1.4875 -7.52666 -8.90548 24.922  
1.49063 -7.56976 -8.94954 24.9767  
1.49375 -7.61288 -8.99256 25.0332  
1.49688 -7.65598 -9.03447 25.0916  
1.5 -7.69902 -9.07523 25.1519  
1.50313 -7.74197 -9.11477 25.2139  
1.50625 -7.7848 -9.15305 25.2777  
1.50938 -7.82747 -9.18999 25.3432  
1.5125 -7.86994 -9.22555 25.4105  
1.51563 -7.91218 -9.25967 25.4794  
1.51875 -7.95414 -9.2923 25.5499  
1.52188 -7.99579 -9.32337 25.6219  
1.525 -8.03709 -9.35284 25.6955  
1.52813 -8.07801 -9.38065 25.7705  
1.53125 -8.11849 -9.40675 25.8469  
1.53438 -8.1585 -9.43108 25.9247  
1.5375 -8.19801 -9.4536 26.0037  
1.54063 -8.23696 -9.47426 26.084  
1.54375 -8.27532 -9.493 26.1654  
1.54688 -8.31304 -9.50979 26.2479  
1.55 -8.35009 -9.52458 26.3314  
1.55313 -8.38643 -9.53732 26.4158  
1.55625 -8.422 -9.54799 26.501  
1.55938 -8.45678 -9.55653 26.5871  
1.5625 -8.49072 -9.56292 26.6738  
1.56563 -8.52377 -9.56713 26.7611  
1.56875 -8.55591 -9.56912 26.8489  
1.57188 -8.58708 -9.56886 26.9371  
1.575 -8.61725 -9.56634 27.0257  
1.57813 -8.64638 -9.56154 27.1145  
1.58125 -8.67443 -9.55443 27.2034  
1.58438 -8.70136 -9.54501 27.2924  
1.5875 -8.72714 -9.53325 27.3813  
1.59063 -8.75172 -9.51917 27.47  
1.59375 -8.77508 -9.50275 27.5585  
1.59688 -8.79719 -9.48399 27.6467  
1.6 -8.81799 -9.4629 27.7344  
1.60313 -8.83748 -9.43949 27.8215  
1.60625 -8.8556 -9.41377 27.9079  
1.60938 -8.87235 -9.38576 27.9936  
1.6125 -8.88768 -9.35548 28.0784  
1.61563 -8.90157 -9.32295 28.1622  
1.61875 -8.914 -9.2882 28.245  
1.62188 -8.92495 -9.25126 28.3266  
1.625 -8.93439 -9.21218 28.4069  
1.62813 -8.9423 -9.17099 28.4859  
1.63125 -8.94867 -9.12773 28.5634  
1.63438 -8.95349 -9.08246 28.6393  
1.6375 -8.95673 -9.03522 28.7136  
1.64063 -8.95839 -8.98607 28.7861  
1.64375 -8.95845 -8.93507 28.8568  
1.64688 -8.95692 -8.88228 28.9256  
1.65 -8.95379 -8.82777 28.9925  
1.65313 -8.94905 -8.7716 29.0572  
1.65625 -8.9427 -8.71385 29.1198  
1.65938 -8.93474 -8.65459 29.1802  
1.6625 -8.92519 -8.59389 29.2383  
1.66563 -8.91404 -8.53184 29.2941  
1.66875 -8.90131 -8.46851 29.3475  
1.67188 -8.887 -8.40399 29.3984  
1.675 -8.87113 -8.33836 29.4467  
1.67813 -8.85371 -8.27171 29.4926  
1.68125 -8.83476 -8.20412 29.5358  
1.68438 -8.8143 -8.13567 29.5764  
1.6875 -8.79236 -8.06647 29.6142  
1.69063 -8.76895 -7.9966 29.6494  
1.69375 -8.7441 -7.92614 29.6819  
1.69688 -8.71784 -7.85519 29.7116  
1.7 -8.6902 -7.78383 29.7385  
1.70313 -8.66121 -7.71216 29.7626  
1.70625 -8.6309 -7.64026 29.7839  
1.70938 -8.59931 -7.56822 29.8024  
1.7125 -8.56648 -7.49613 29.8181  
1.71563 -8.53243 -7.42407 29.8311  
1.71875 -8.49722 -7.35212 29.8412  
1.72188 -8.46089 -7.28038 29.8485  
1.725 -8.42346 -7.20891 29.8531  
1.72813 -8.385 -7.1378 29.8549  
1.73125 -8.34554 -7.06713 29.854  
1.73438 -8.30512 -6.99697 29.8503  
1.7375 -8.2638 -6.92739 29.844  
1.74063 -8.22162 -6.85846 29.8351  
1.74375 -8.17863 -6.79026 29.8235  
1.74688 -8.13487 -6.72285 29.8094  
1.75 -8.0904 -6.65628 29.7927  
1.75313 -8.04526 -6.59062 29.7736  
1.75625 -7.99951 -6.52593 29.752  
1.75938 -7.95319 -6.46227 29.728  
1.7625 -7.90635 -6.39968 29.7016  
1.76563 -7.85905 -6.33821 29.673  
1.76875 -7.81132 -6.27791 29.6421  
1.77188 -7.76323 -6.21882 29.609  
1.775 -7.71482 -6.16099 29.5737  
1.77813 -7.66614 -6.10445 29.5364  
1.78125 -7.61724 -6.04924 29.497  
1.78438 -7.56817 -5.99539 29.4557  
1.7875 -7.51897 -5.94293 29.4125  
1.79063 -7.46969 -5.89188 29.3674  
1.79375 -7.42038 -5.84228 29.3205  
1.79688 -7.37108 -5.79414 29.2718  
1.8 -7.32184 -5.74748 29.2215  
1.80313 -7.2727 -5.70233 29.1696  
1.80625 -7.22371 -5.65869 29.1161  
1.80938 -7.17491 -5.61657 29.0612  
1.8125 -7.12634 -5.576 29.0048  
1.81563 -7.07803 -5.53698 28.947  
1.81875 -7.03004 -5.4995 28.8879  
1.82188 -6.98239 -5.46359 28.8276  
1.825 -6.93513 -5.42924 28.766  
1.82813 -6.88829 -5.39646 28.7033  
1.83125 -6.84191 -5.36523 28.6396  
1.83438 -6.79602 -5.33557 28.5748  
1.8375 -6.75065 -5.30747 28.5091  
1.84063 -6.70584 -5.28092 28.4424  
1.84375 -6.66161 -5.25592 28.3749  
1.84688 -6.61799 -5.23246 28.3066  
1.85 -6.57503 -5.21053 28.2375  
1.85313 -6.53273 -5.19013 28.1678  
1.85625 -6.49113 -5.17124 28.0973  
1.85938 -6.45025 -5.15385 28.0264  
1.8625 -6.41011 -5.13796 27.9548  
1.86563 -6.37075 -5.12354 27.8828  
1.86875 -6.33217 -5.1106 27.8103  
1.87188 -6.29441 -5.0991 27.7374  
1.875 -6.25748 -5.08905 27.6642  
1.87813 -6.22139 -5.08042 27.5907  
1.88125 -6.18617 -5.07321 27.5169  
1.88438 -6.15184 -5.06739 27.4429  
1.8875 -6.1184 -5.06295 27.3687  
1.89063 -6.08588 -5.05987 27.2944  
1.89375 -6.05428 -5.05815 27.22  
1.89688 -6.02363 -5.05777 27.1456  
1.9 -5.99392 -5.0587 27.0711  
1.90313 -5.96518 -5.06094 26.9967  
1.90625 -5.93741 -5.06447 26.9224  
1.90938 -5.91063 -5.06927 26.8481  
1.9125 -5.88483 -5.07533 26.7741  
1.91563 -5.86004 -5.08263 26.7002  
1.91875 -5.83625 -5.09116 26.6265  
1.92188 -5.81347 -5.1009 26.5531  
1.925 -5.79172 -5.11185 26.4799  
1.92813 -5.77098 -5.12397 26.4071  
1.93125 -5.75128 -5.13727 26.3347  
1.93438 -5.73261 -5.15172 26.2626  
1.9375 -5.71498 -5.16731 26.191  
1.94063 -5.69838 -5.18403 26.1198  
1.94375 -5.68283 -5.20187 26.0491  
1.94688 -5.66832 -5.2208 25.979  
1.95 -5.65486 -5.24083 25.9094  
1.95313 -5.64245 -5.26193 25.8403  
1.95625 -5.63108 -5.2841 25.7719  
1.95938 -5.62076 -5.30731 25.7042  
1.9625 -5.61149 -5.33157 25.6371  
1.96563 -5.60326 -5.35686 25.5707  
1.96875 -5.59609 -5.38316 25.5051  
1.97188 -5.58996 -5.41047 25.4402  
1.975 -5.58487 -5.43877 25.3761  
1.97813 -5.58082 -5.46806 25.3129  
1.98125 -5.57782 -5.49832 25.2504  
1.98438 -5.57585 -5.52954 25.1889  
1.9875 -5.57492 -5.56172 25.1283  
1.99063 -5.57503 -5.59484 25.0686  
1.99375 -5.57616 -5.62889 25.0099  
1.99688 -5.57832 -5.66386 24.9522  
