0
10 4 5  
0.00625
9.67813 5.37829 5.22376  
0.0125
9.4574 6.69388 5.51713  
0.01875
9.32821 7.9575 5.87572  
0.025
9.28213 9.17839 6.29784  
0.03125
9.31178 10.3642 6.7839  
0.0375
9.41061 11.5209 7.33605  
0.04375
9.5728 12.6526 7.95778  
0.05
9.79306 13.7617 8.65361  
0.05625
10.0665 14.8485 9.42885  
0.0625
10.3886 15.9116 10.2893  
0.06875
10.7547 16.9471 11.2408  
0.075
11.1603 17.9492 12.2893  
0.08125
11.6009 18.9098 13.44  
0.0875
12.0714 19.8184 14.6973  
0.09375
12.5665 20.6625 16.0641  
0.1
13.0803 21.4272 17.5414  
0.10625
13.6065 22.0959 19.1276  
0.1125
14.1378 22.6507 20.8181  
0.11875
14.6665 23.0723 22.6049  
0.125
15.1841 23.3418 24.4757  
0.13125
15.6815 23.4406 26.4139  
0.1375
16.1491 23.3519 28.3985  
0.14375
16.5768 23.0622 30.4042  
0.15
16.9547 22.5619 32.4017  
0.15625
17.2729 21.8467 34.3591  
0.1625
17.5219 20.9184 36.2425  
0.16875
17.6935 19.786 38.0178  
0.175
17.7803 18.4651 39.6524  
0.18125
17.7767 16.9783 41.1167  
0.1875
17.6791 15.3538 42.3862  
0.19375
17.4858 13.6246 43.4426  
0.2
17.1973 11.8266 44.2744  
0.20625
16.8163 9.99683 44.8781  
0.2125
16.3477 8.17146 45.2576  
0.21875
15.798 6.38417 45.4234  
0.225
15.1754 4.66468 45.3922  
0.23125
14.4891 3.03771 45.1849  
0.2375
13.7491 1.52244 44.8253  
0.24375
12.966 0.132329 44.3388  
0.25
12.1501 -1.12464 43.7509  
0.25625
11.3116 -2.24543 43.0861  
0.2625
10.4601 -3.23122 42.367  
0.26875
9.6044 -4.08658 41.6138  
0.275
8.75246 -4.81865 40.844  
0.28125
7.91125 -5.43636 40.0721  
0.2875
7.08675 -5.9497 39.3098  
0.29375
6.28395 -6.36917 38.5662  
0.3
5.50691 -6.70528 37.8482  
0.30625
4.75881 -6.96826 37.1604  
0.3125
4.04203 -7.16775 36.5058  
0.31875
3.35826 -7.3127 35.8861  
0.325
2.70855 -7.41125 35.3017  
0.33125
2.09342 -7.47072 34.7522  
0.3375
1.51297 -7.4976 34.2367  
0.34375
0.96687 -7.49761 33.7537  
0.35
0.454534 -7.47574 33.3013  
0.35625
-0.024893 -7.43629 32.8776  
0.3625
-0.472453 -7.38298 32.4806  
0.36875
-0.889334 -7.31901 32.1082  
0.375
-1.27683 -7.24707 31.7583  
0.38125
-1.63631 -7.16949 31.4289  
0.3875
-1.96919 -7.08821 31.1183  
0.39375
-2.27691 -7.00488 30.8246  
0.4
-2.56091 -6.92089 30.5463  
0.40625
-2.82262 -6.83739 30.2818  
0.4125
-3.06346 -6.75535 30.0298  
0.41875
-3.28479 -6.67559 29.7892  
0.425
-3.48796 -6.59875 29.5587  
0.43125
-3.67427 -6.52539 29.3374  
0.4375
-3.84496 -6.45595 29.1246  
0.44375
-4.00123 -6.3908 28.9193  
0.45
-4.14422 -6.33022 28.7209  
0.45625
-4.27501 -6.27443 28.5289  
0.4625
-4.39465 -6.2236 28.3427  
0.46875
-4.50411 -6.17786 28.162  
0.475
-4.60432 -6.13729 27.9863  
0.48125
-4.69615 -6.10194 27.8154  
0.4875
-4.78044 -6.07185 27.649  
0.49375
-4.85796 -6.04701 27.4869  
0.5
-4.92943 -6.02741 27.329  
0.50625
-4.99553 -6.01299 27.1751  
0.5125
-5.05692 -6.00373 27.0251  
0.51875
-5.11417 -5.99954 26.8789  
0.525
-5.16786 -6.00036 26.7366  
0.53125
-5.21849 -6.00611 26.5981  
0.5375
-5.26654 -6.01668 26.4634  
0.54375
-5.31247 -6.032 26.3326  
0.55
-5.35668 -6.05196 26.2057  
0.55625
-5.39956 -6.07644 26.0828  
0.5625
-5.44146 -6.10535 25.9638  
0.56875
-5.4827 -6.13856 25.849  
0.575
-5.52358 -6.17598 25.7383  
0.58125
-5.56438 -6.21746 25.632  
0.5875
-5.60534 -6.2629 25.53  
0.59375
-5.64668 -6.31217 25.4326  
0.6
-5.68862 -6.36515 25.3398  
0.60625
-5.73134 -6.4217 25.2518  
0.6125
-5.775 -6.4817 25.1687  
0.61875
-5.81974 -6.545 25.0905  
0.625
-5.86571 -6.61147 25.0176  
0.63125
-5.91302 -6.68096 24.9499  
0.6375
-5.96175 -6.75332 24.8877  
0.64375
-6.012 -6.8284 24.8311  
0.65
-6.06383 -6.90603 24.7802  
0.65625
-6.1173 -6.98604 24.7351  
0.6625
-6.17244 -7.06826 24.6961  
0.66875
-6.22929 -7.15251 24.6631  
0.675
-6.28785 -7.23859 24.6365  
0.68125
-6.34813 -7.32629 24.6162  
0.6875
-6.41011 -7.41541 24.6025  
0.69375
-6.47377 -7.50571 24.5954  
0.7
-6.53908 -7.59697 24.595  
0.70625
-6.60598 -7.68894 24.6015  
0.7125
-6.67442 -7.78136 24.6149  
0.71875
-6.74431 -7.87395 24.6354  
0.725
-6.81557 -7.96644 24.6629  
0.73125
-6.88811 -8.05852 24.6975  
0.7375
-6.96182 -8.1499 24.7393  
0.74375
-7.03656 -8.24024 24.7883  
0.75
-7.11221 -8.32922 24.8444  
0.75625
-7.18861 -8.41649 24.9076  
0.7625
-7.26561 -8.50171 24.978  
0.76875
-7.34303 -8.5845 25.0553  
0.775
-7.4207 -8.6645 25.1395  
0.78125
-7.49841 -8.74134 25.2304  
0.7875
-7.57596 -8.81464 25.3279  
0.79375
-7.65313 -8.88401 25.4318  
0.8
-7.7297 -8.94908 25.5419  
0.80625
-7.80543 -9.00947 25.6578  
0.8125
-7.88008 -9.0648 25.7793  
0.81875
-7.9534 -9.11472 25.9061  
0.825
-8.02512 -9.15887 26.0376  
0.83125
-8.09498 -9.19692 26.1737  
0.8375
-8.16273 -9.22856 26.3137  
0.84375
-8.22808 -9.25349 26.4572  
0.85
-8.29077 -9.27144 26.6037  
0.85625
-8.35053 -9.28219 26.7527  
0.8625
-8.40709 -9.28552 26.9035  
0.86875
-8.4602 -9.28128 27.0556  
0.875
-8.5096 -9.26933 27.2083  
0.88125
-8.55505 -9.24959 27.361  
0.8875
-8.59631 -9.22203 27.5131  
0.89375
-8.63316 -9.18666 27.6638  
0.9
-8.6654 -9.14352 27.8125  
0.90625
-8.69283 -9.09274 27.9586  
0.9125
-8.7153 -9.03446 28.1012  
0.91875
-8.73266 -8.96889 28.2399  
0.925
-8.74478 -8.8963 28.374  
0.93125
-8.75156 -8.81697 28.5027  
0.9375
-8.75292 -8.73128 28.6256  
0.94375
-8.74883 -8.63959 28.7421  
0.95
-8.73927 -8.54235 28.8516  
0.95625
-8.72423 -8.44002 28.9538  
0.9625
-8.70377 -8.33309 29.048  
0.96875
-8.67794 -8.2221 29.134  
0.975
-8.64684 -8.10758 29.2114  
0.98125
-8.6106 -7.99011 29.2799  
0.9875
-8.56936 -7.87024 29.3393  
0.99375
-8.5233 -7.74856 29.3894  
1
-8.47262 -7.62564 29.43  
1.00625
-8.41755 -7.50207 29.4612  
1.0125
-8.35832 -7.3784 29.4829  
1.01875
-8.29519 -7.25518 29.4951  
1.025
-8.22846 -7.13295 29.4978  
1.03125
-8.1584 -7.01221 29.4913  
1.0375
-8.08534 -6.89344 29.4758  
1.04375
-8.00958 -6.77711 29.4513  
1.05
-7.93144 -6.66363 29.4181  
1.05625
-7.85127 -6.5534 29.3766  
1.0625
-7.76938 -6.44678 29.327  
1.06875
-7.68611 -6.3441 29.2697  
1.075
-7.60179 -6.24563 29.205  
1.08125
-7.51675 -6.15165 29.1332  
1.0875
-7.43131 -6.06236 29.0548  
1.09375
-7.34579 -5.97797 28.9702  
1.1
-7.26049 -5.89862 28.8797  
1.10625
-7.1757 -5.82445 28.7838  
1.1125
-7.09172 -5.75556 28.6827  
1.11875
-7.00881 -5.69201 28.5771  
1.125
-6.92725 -5.63387 28.4672  
1.13125
-6.84726 -5.58114 28.3535  
1.1375
-6.76909 -5.53385 28.2362  
1.14375
-6.69296 -5.49197 28.116  
1.15
-6.61907 -5.45548 27.993  
1.15625
-6.5476 -5.42433 27.8677  
1.1625
-6.47874 -5.39847 27.7404  
1.16875
-6.41265 -5.37783 27.6116  
1.175
-6.34946 -5.36235 27.4814  
1.18125
-6.28932 -5.35192 27.3503  
1.1875
-6.23234 -5.34648 27.2185  
1.19375
-6.17864 -5.34592 27.0865  
1.2
-6.1283 -5.35016 26.9544  
1.20625
-6.08141 -5.35909 26.8226  
1.2125
-6.03804 -5.37262 26.6914  
1.21875
-5.99826 -5.39066 26.561  
1.225
-5.96212 -5.41309 26.4317  
1.23125
-5.92965 -5.43983 26.3037  
1.2375
-5.9009 -5.47077 26.1774  
1.24375
-5.8759 -5.50583 26.0529  
1.25
-5.85465 -5.54491 25.9306  
1.25625
-5.83718 -5.58792 25.8106  
1.2625
-5.8235 -5.63477 25.6932  
1.26875
-5.81359 -5.68536 25.5786  
1.275
-5.80747 -5.73962 25.467  
1.28125
-5.80511 -5.79746 25.3586  
1.2875
-5.8065 -5.85878 25.2538  
1.29375
-5.81163 -5.9235 25.1526  
1.3
-5.82047 -5.99154 25.0554  
1.30625
-5.833 -6.0628 24.9623  
1.3125
-5.84918 -6.13719 24.8735  
1.31875
-5.86898 -6.21463 24.7893  
1.325
-5.89237 -6.29501 24.7098  
1.33125
-5.91929 -6.37823 24.6353  
1.3375
-5.94971 -6.46418 24.566  
1.34375
-5.98357 -6.55276 24.502  
1.35
-6.02083 -6.64385 24.4436  
1.35625
-6.06142 -6.7373 24.391  
1.3625
-6.10528 -6.833 24.3444  
1.36875
-6.15235 -6.9308 24.304  
1.375
-6.20255 -7.03053 24.2699  
1.38125
-6.25581 -7.13203 24.2424  
1.3875
-6.31204 -7.23512 24.2217  
1.39375
-6.37115 -7.3396 24.2078  
1.4
-6.43304 -7.44527 24.2011  
1.40625
-6.49762 -7.5519 24.2016  
1.4125
-6.56477 -7.65926 24.2095  
1.41875
-6.63437 -7.76708 24.2249  
1.425
-6.70629 -7.8751 24.248  
1.43125
-6.7804 -7.98302 24.2789  
1.4375
-6.85654 -8.09053 24.3177  
1.44375
-6.93457 -8.19732 24.3644  
1.45
-7.0143 -8.30303 24.4192  
1.45625
-7.09557 -8.40731 24.482  
1.4625
-7.17817 -8.50978 24.5528  
1.46875
-7.26191 -8.61004 24.6317  
1.475
-7.34658 -8.7077 24.7185  
1.48125
-7.43194 -8.80233 24.8133  
1.4875
-7.51775 -8.89349 24.9159  
1.49375
-7.60378 -8.98076 25.0261  
1.5
-7.68974 -9.06367 25.1437  
1.50625
-7.77538 -9.14179 25.2686  
1.5125
-7.8604 -9.21465 25.4004  
1.51875
-7.94451 -9.28181 25.5388  
1.525
-8.02741 -9.34282 25.6834  
1.53125
-8.10878 -9.39726 25.8339  
1.5375
-8.18831 -9.4447 25.9899  
1.54375
-8.26566 -9.48475 26.1506  
1.55
-8.34053 -9.51704 26.3158  
1.55625
-8.41256 -9.54122 26.4847  
1.5625
-8.48144 -9.55698 26.6567  
1.56875
-8.54684 -9.56405 26.8311  
1.575
-8.60844 -9.56221 27.0073  
1.58125
-8.66591 -9.55127 27.1845  
1.5875
-8.71896 -9.5311 27.3619  
1.59375
-8.76728 -9.50165 27.5388  
1.6
-8.81062 -9.46288 27.7143  
1.60625
-8.84869 -9.41486 27.8877  
1.6125
-8.88127 -9.35769 28.0581  
1.61875
-8.90814 -9.29154 28.2247  
1.625
-8.92911 -9.21666 28.3867  
1.63125
-8.94401 -9.13333 28.5434  
1.6375
-8.95272 -9.04194 28.6939  
1.64375
-8.95512 -8.94288 28.8375  
1.65
-8.95116 -8.83665 28.9737  
1.65625
-8.9408 -8.72376 29.1016  
1.6625
-8.92404 -8.60478 29.2208  
1.66875
-8.90092 -8.48033 29.3307  
1.675
-8.87151 -8.35105 29.4309  
1.68125
-8.83592 -8.21761 29.5208  
1.6875
-8.7943 -8.0807 29.6003  
1.69375
-8.74682 -7.94103 29.669  
1.7
-8.69369 -7.79931 29.7267  
1.70625
-8.63515 -7.65625 29.7734  
1.7125
-8.57147 -7.51254 29.8088  
1.71875
-8.50294 -7.36888 29.8331  
1.725
-8.42988 -7.22593 29.8462  
1.73125
-8.35262 -7.08432 29.8484  
1.7375
-8.27152 -6.94468 29.8398  
1.74375
-8.18695 -6.80757 29.8206  
1.75
-8.09929 -6.67353 29.7911  
1.75625
-8.00893 -6.54306 29.7516  
1.7625
-7.91625 -6.4166 29.7025  
1.76875
-7.82167 -6.29457 29.6442  
1.775
-7.72556 -6.17733 29.5771  
1.78125
-7.62833 -6.06521 29.5015  
1.7875
-7.53036 -5.95847 29.4181  
1.79375
-7.43203 -5.85735 29.3272  
1.8
-7.33371 -5.76204 29.2293  
1.80625
-7.23575 -5.6727 29.1249  
1.8125
-7.1385 -5.58944 29.0145  
1.81875
-7.04228 -5.51234 28.8985  
1.825
-6.94741 -5.44145 28.7775  
1.83125
-6.85418 -5.3768 28.6519  
1.8375
-6.76287 -5.31838 28.5221  
1.84375
-6.67374 -5.26617 28.3886  
1.85
-6.58704 -5.22011 28.2519  
1.85625
-6.50298 -5.18014 28.1124  
1.8625
-6.42178 -5.14618 27.9704  
1.86875
-6.34362 -5.11814 27.8264  
1.875
-6.26868 -5.09591 27.6808  
1.88125
-6.1971 -5.0794 27.5339  
1.8875
-6.12903 -5.06847 27.3861  
1.89375
-6.06459 -5.06301 27.2377  
1.9
-6.00388 -5.06291 27.0891  
1.90625
-5.94701 -5.06803 26.9406  
1.9125
-5.89405 -5.07825 26.7925  
1.91875
-5.84507 -5.09345 26.6451  
1.925
-5.80012 -5.11352 26.4986  
1.93125
-5.75926 -5.13833 26.3535  
1.9375
-5.72252 -5.16777 26.2099  
1.94375
-5.68993 -5.20173 26.068  
1.95
-5.6615 -5.2401 25.9282  
1.95625
-5.63726 -5.28279 25.7908  
1.9625
-5.6172 -5.3297 25.6559  
1.96875
-5.60132 -5.38072 25.5237  
1.975
-5.58962 -5.43577 25.3946  
1.98125
-5.58208 -5.49477 25.2688  
1.9875
-5.57869 -5.55762 25.1464  
1.99375
-5.57944 -5.62425 25.0278  
