0 10 4 5  
0.025 9.24664 9.2198 6.28356  
0.05 9.74952 13.7994 8.65741  
0.075 11.1095 17.9393 12.3062  
0.1 13.0041 21.3314 17.5193  
0.125 15.0594 23.1746 24.3036  
0.15 16.7841 22.4664 31.9726  
0.175 17.6271 18.6885 39.0289  
0.2 17.1738 12.486 43.7574  
0.225 15.3624 5.55959 45.2795  
0.25 12.5286 -0.339056 44.0605  
0.275 9.22486 -4.33766 41.3714  
0.3 5.96859 -6.51905 38.3908  
0.325 3.09342 -7.42025 35.7637  
0.35 0.738719 -7.58524 33.6708  
0.375 -1.08992 -7.39506 32.0583  
0.4 -2.45526 -7.07285 30.8046  
0.425 -3.44405 -6.73681 29.7966  
0.45 -4.1434 -6.44539 28.9518  
0.475 -4.63048 -6.22517 28.2167  
0.5 -4.9694 -6.08603 27.5606  
0.525 -5.21121 -6.0291 26.9682  
0.55 -5.39539 -6.05093 26.434  
0.575 -5.5516 -6.14574 25.9587  
0.6 -5.7015 -6.30656 25.547  
0.625 -5.86031 -6.52567 25.2057  
0.65 -6.03805 -6.79461 24.9428  
0.675 -6.24053 -7.10381 24.7671  
0.7 -6.46996 -7.44213 24.6867  
0.725 -6.72534 -7.79626 24.7091  
0.75 -7.00266 -8.15025 24.8392  
0.775 -7.29492 -8.48538 25.0785  
0.8 -7.59226 -8.78053 25.423  
0.825 -7.88218 -9.0133 25.8622  
0.85 -8.15007 -9.16202 26.3777  
0.875 -8.3801 -9.20843 26.9426  
0.9 -8.55666 -9.14081 27.5233  
0.925 -8.66603 -8.9568 28.0811  
0.95 -8.69822 -8.665 28.577  
0.975 -8.6486 -8.28488 28.976  
1 -8.51885 -7.84451 29.2513  
1.025 -8.31702 -7.37675 29.3875  
1.05 -8.05673 -6.91471 29.3816  
1.075 -7.7555 -6.4877 29.2413  
1.1 -7.43274 -6.11844 28.9831  
1.125 -7.10774 -5.822 28.6286  
1.15 -6.79804 -5.60618 28.2015  
1.175 -6.51838 -5.47293 27.7256  
1.2 -6.28018 -5.4201 27.2233  
1.225 -6.09161 -5.44314 26.7148  
1.25 -5.95788 -5.53645 26.2183  
1.275 -5.88175 -5.69418 25.75  
1.3 -5.86412 -5.91062 25.3251  
1.325 -5.90439 -6.18012 24.9574  
1.35 -6.00084 -6.49673 24.6604  
1.375 -6.15068 -6.85353 24.4469  
1.4 -6.35002 -7.24187 24.3293  
1.425 -6.59361 -7.65051 24.3185  
1.45 -6.87452 -8.06483 24.4235  
1.475 -7.18364 -8.46635 24.6499  
1.5 -7.5094 -8.83271 24.9981  
1.525 -7.83745 -9.1386 25.461  
1.55 -8.15093 -9.35761 26.0226  
1.575 -8.43105 -9.46537 26.6566  
1.6 -8.65847 -9.44347 27.3266  
1.625 -8.81514 -9.2835 27.9888  
1.65 -8.88663 -8.99015 28.5957  
1.675 -8.86429 -8.58212 29.1028  
1.7 -8.74695 -8.09036 29.4739  
1.725 -8.5414 -7.55364 29.686  
1.75 -8.2618 -7.01276 29.7313  
1.775 -7.9278 -6.50482 29.6164  
1.8 -7.56206 -6.05909 29.3594  
1.825 -7.18763 -5.69515 28.9852  
1.85 -6.82574 -5.42313 28.5219  
1.875 -6.49431 -5.24545 27.9974  
1.9 -6.2072 -5.15923 27.4377  
1.925 -5.97425 -5.1586 26.8656  
1.95 -5.80166 -5.23655 26.3015  
1.975 -5.6927 -5.38614 25.7629  
2 -5.64845 -5.60103 25.2659  
