0 0 0  
0.01 0.004999992187504069 0  
0.02 0.009999953125244139 0  
0.03 0.01499985156445717 0  
0.04 0.01999965625833311 0  
0.05 0.02499933596299125 0  
0.06 0.02999885943845627 0  
0.07000000000000001 0.03499819544963408 0  
0.08 0.03999731276728721 0  
0.09 0.04499618016900977 0  
0.09999999999999999 0.04999476644020196 0  
0.11 0.0549930403750439 0  
0.12 0.0599909707774688 0  
0.13 0.06498852646213545 0  
0.14 0.06998567625539981 0  
0.15 0.07498238899628581 0  
0.16 0.07997863353745507 0  
0.17 0.08497437874617565 0  
0.18 0.08996959350528971 0  
0.19 0.09496424671417994 0  
0.2 0.09995830728973472 0  
0.21 0.104951744167312 0  
0.2200000000000001 0.1099445263017018 0  
0.2300000000000001 0.1149366226680871 0  
0.2400000000000001 0.1199280022630033 0  
0.2500000000000001 0.124918634105296 0  
0.2600000000000001 0.1299084872370775 0  
0.2700000000000001 0.1348975307246803 0  
0.2800000000000001 0.1398857336596105 0  
0.2900000000000001 0.1448730651594981 0  
0.3000000000000001 0.1498594943690454 0  
0.3100000000000001 0.154844990460974 0  
0.3200000000000001 0.1598295226369689 0  
0.3300000000000001 0.1648130601286212 0  
0.3400000000000001 0.1697955721983678 0  
0.3500000000000001 0.1747770281404293 0  
0.3600000000000002 0.179757397281745 0  
0.3700000000000002 0.1847366489829063 0  
0.3800000000000002 0.1897147526390866 0  
0.3900000000000002 0.1946916776809692 0  
0.4000000000000002 0.1996673935756722 0  
0.4100000000000002 0.204641869827671 0  
0.4200000000000002 0.2096150759797175 0  
0.4300000000000002 0.2145869816137574 0  
0.4400000000000002 0.2195575563518432 0  
0.4500000000000002 0.2245267698570453 0  
0.4600000000000002 0.2294945918343595 0  
0.4700000000000003 0.2344609920316117 0  
0.4800000000000003 0.2394259402403591 0  
0.4900000000000003 0.2443894062967883 0  
0.5000000000000002 0.2493513600826099 0  
0.5100000000000002 0.2543117715259501 0  
0.5200000000000002 0.2592706106022388 0  
0.5300000000000002 0.2642278473350932 0  
0.5400000000000003 0.2691834517971997 0  
0.5500000000000003 0.2741373941111902 0  
0.5600000000000003 0.2790896444505162 0  
0.5700000000000003 0.2840401730403183 0  
0.5800000000000003 0.2889889501582923 0  
0.5900000000000003 0.293935946135551 0  
0.6000000000000003 0.2988811313574827 0  
0.6100000000000003 0.3038244762646052 0  
0.6200000000000003 0.3087659513534159 0  
0.6300000000000003 0.3137055271772377 0  
0.6400000000000003 0.318643174347061 0  
0.6500000000000004 0.3235788635323816 0  
0.6600000000000004 0.3285125654620336 0  
0.6700000000000004 0.3334442509250184 0  
0.6800000000000004 0.33837389077133 0  
0.6900000000000004 0.3433014559127747 0  
0.7000000000000004 0.3482269173237868 0  
0.7100000000000004 0.3531502460422403 0  
0.7200000000000004 0.3580714131702549 0  
0.7300000000000004 0.3629903898749985 0  
0.7400000000000004 0.3679071473894844 0  
0.7500000000000004 0.3728216570133633 0  
0.7600000000000005 0.3777338901137119 0  
0.7700000000000005 0.3826438181258153 0  
0.7800000000000005 0.387551412553945 0  
0.7900000000000005 0.3924566449721323 0  
0.8000000000000005 0.3973594870249362 0  
0.8100000000000005 0.4022599104282065 0  
0.8200000000000005 0.4071578869698419 0  
0.8300000000000005 0.4120533885105428 0  
0.8400000000000005 0.4169463869845591 0  
0.8500000000000005 0.4218368544004327 0  
0.8600000000000005 0.4267247628417349 0  
0.8700000000000006 0.4316100844677982 0  
0.8800000000000006 0.436492791514443 0  
0.8900000000000006 0.441372856294699 0  
0.9000000000000006 0.4462502511995209 0  
0.9100000000000006 0.4511249486984992 0  
0.9200000000000006 0.4559969213405646 0  
0.9300000000000006 0.4608661417546877 0  
0.9400000000000006 0.4657325826505728 0  
0.9500000000000006 0.4705962168193462 0  
0.9600000000000006 0.4754570171342388 0  
0.9700000000000006 0.4803149565512627 0  
0.9800000000000006 0.4851700081098828 0  
0.9900000000000007 0.4900221449336822 0  
1.000000000000001 0.4948713402310216 0  
