0 0  
0.1 0.04999218790689257 0  
0.2 0.09995314940130223 0  
0.225 0.1498542075623296 0  
0.25 0.162316099107371 0  
0.275 0.1747716780848402 0  
0.3 0.1872204648538556 0  
0.3250000000000001 0.1996619810879454 0  
0.3500000000000001 0.2120957498657022 0  
0.3750000000000001 0.22452129576078 0  
0.4000000000000001 0.2369381449311893 0  
0.4250000000000002 0.2493458252078537 0  
0.4500000000000002 0.261743866182386 0  
0.4750000000000002 0.2741317992940462 0  
0.5000000000000002 0.2865091579158425 0  
0.5031250000000003 0.2988755179444656 0  
0.5093750000000002 0.3019653283628955 0  
0.5218750000000002 0.3081427599432655 0  
0.5250000000000002 0.3204886899600275 0  
0.5312500000000002 0.3235732670831716 0  
0.5437500000000002 0.329740081549255 0  
0.5468750000000002 0.3420641770549583 0  
0.5531250000000002 0.3451431708630929 0  
0.5656250000000002 0.3512986695283952 0  
0.5687500000000002 0.3635995386714959 0  
0.5750000000000002 0.3666726023740836 0  
0.5875000000000001 0.3728160930905879 0  
0.5906250000000002 0.385092357414196 0  
0.5968750000000002 0.3881591476350111 0  
0.6093750000000001 0.3942899451614455 0  
0.6125000000000002 0.4065402403318021 0  
0.6187500000000001 0.4096004172893454 0  
0.6312500000000001 0.4157178436499387 0  
0.6343750000000001 0.4279408201655013 0  
0.6406250000000001 0.4309940478484921 0  
0.6531250000000001 0.4370974326817939 0  
0.6562500000000001 0.4492917565621061 0  
0.6625000000000001 0.45233770289985 0  
0.675 0.4584263837972199 0  
0.6781250000000001 0.4705907372507948 0  
0.6843750000000001 0.4736290742782385 0  
0.696875 0.479702397111632 0  
0.7000000000000001 0.4918354791821272 0  
0.70625 0.4948658831994249 0  
0.71875 0.5009232024381307 0  
0.721875 0.513023729628147 0  
0.728125 0.5160458813545766 0  
0.740625 0.522086560370587 0  
0.74375 0.5341532672424767 0  
0.75 0.5371668519645558 0  
0.7625 0.5431902633262772 0  
0.765625 0.5552219030794011 0  
0.771875 0.5582266107930689 0  
0.7843749999999999 0.5642321365471094 0  
0.7875 0.5762274815710368 0  
0.79375 0.5792230071177795 0  
0.8062499999999999 0.5852100390585748 0  
0.809375 0.5971678814617766 0  
0.8156249999999999 0.6001539246585894 0  
0.8281249999999999 0.6061218645856592 0  
0.8312499999999999 0.6180410166992982 0  
0.8374999999999999 0.6210172824623892 0  
0.8499999999999999 0.6269655424250415 0  
0.8531249999999999 0.638844837281523 0  
0.8593749999999999 0.6418110357436793 0  
0.8718749999999998 0.647739038273009 0  
0.8749999999999999 0.6595773300590031 0  
0.8812499999999999 0.6625331766805542 0  
0.8937499999999998 0.6684403550086097 0  
0.8968749999999999 0.6802365194923192 0  
0.9031249999999998 0.6831817351656435 0  
0.9156249999999998 0.6890675334316606 0  
0.9187499999999998 0.7008204683641583 0  
0.9249999999999998 0.7037547795116937 0  
0.9374999999999998 0.7096186529553274 0  
0.9406249999999998 0.721327278445839 0  
0.9468749999999998 0.7242504171115735 0  
0.9593749999999998 0.7300918322530783 0  
0.9624999999999998 0.7417550911181439 0  
0.9687499999999998 0.7446667950525714 0  
0.9812499999999997 0.750485229859913 0  
1.00625 0.7621020455664709 0  
1.03125 0.7736918912348345 0  
1.056249999999999 0.7852544411905656 0  
1.081249999999999 0.7967893741796757 0  
1.106249999999999 0.8082963733943517 0  
1.131249999999999 0.8197751264971131 0  
1.156249999999999 0.8312253256434087 0  
1.181249999999999 0.8426466675026587 0  
1.206249999999999 0.8540388532777554 0  
1.231249999999999 0.8654015887230272 0  
1.256249999999999 0.8767345841606805 0  
1.281249999999999 0.888037554495729 0  
1.306249999999999 0.8993102192294223 0  
1.331249999999998 0.9105523024711887 0  
1.356249999999998 0.9217635329491025 0  
1.381249999999998 0.9329436440188935 0  
1.406249999999998 0.9440923736715113 0  
1.431249999999998 0.9552094645392613 0  
1.456249999999998 0.9662946639005275 0  
1.481249999999998 0.9773477236831007 0  
1.506249999999998 0.9883684004661273 0  
1.531249999999998 0.9993564554806981 0  
1.556249999999998 1.010311654609095 0  
1.581249999999998 1.021233768382717 0  
1.606249999999998 1.032122571978699 0  
1.631249999999997 1.042977845215247 0  
1.656249999999997 1.053799372545719 0  
1.681249999999997 1.064586943051449 0  
1.706249999999997 1.075340350433362 0  
1.731249999999997 1.086059393002384 0  
1.756249999999997 1.096743873668672 0  
1.781249999999997 1.107393599929695 0  
1.806249999999997 1.118008383857172 0  
1.831249999999997 1.12858804208291 0  
1.856249999999997 1.139132395783546 0  
1.881249999999997 1.149641270664227 0  
1.906249999999996 1.160114496941247 0  
1.931249999999996 1.170551909323674 0  
1.956249999999996 1.180953346993968 0  
1.981249999999996 1.191318653587645 0  
2.006249999999996 1.20164767717198 0  
2.031249999999996 1.2119402702238 0  
2.056249999999996 1.222196289606368 0  
2.081249999999996 1.232415596545399 0  
2.106249999999996 1.242598056604223 0  
2.131249999999996 1.252743539658125 0  
2.156249999999996 1.262851919867877 0  
2.181249999999995 1.272923075652499 0  
2.206249999999995 1.28295688966126 0  
2.231249999999995 1.292953248744957 0  
2.256249999999995 1.302912043926477 0  
2.281249999999995 1.312833170370687 0  
2.306249999999995 1.322716527353662 0  
2.331249999999995 1.332562018231275 0  
2.356249999999995 1.342369550407182 0  
2.381249999999995 1.352139035300216 0  
2.406249999999995 1.361870388311213 0  
2.431249999999995 1.371563528789303 0  
2.456249999999994 1.381218379997674 0  
2.481249999999994 1.390834869078851 0  
2.506249999999994 1.400412927019487 0  
2.531249999999994 1.409952488614712 0  
2.556249999999994 1.419453492432049 0  
2.581249999999994 1.428915880774924 0  
2.606249999999994 1.438339599645782 0  
2.631249999999994 1.447724598708849 0  
2.656249999999994 1.457070831252538 0  
2.681249999999994 1.466378254151535 0  
2.706249999999994 1.475646827828587 0  
2.731249999999994 1.484876516215998 0  
2.756249999999993 1.49406728671686 0  
2.781249999999993 1.503219110166051 0  
2.806249999999993 1.512331960790997 0  
2.831249999999993 1.521405816172227 0  
2.856249999999993 1.530440657203748 0  
2.881249999999993 1.539436468053243 0  
2.906249999999993 1.548393236122121 0  
2.931249999999993 1.557310952005427 0  
2.956249999999993 1.566189609451644 0  
2.981249999999993 1.575029205322382 0  
3.006249999999993 1.583829739551995 0  
3.031249999999992 1.592591215107122 0  
3.056249999999992 1.601313637946176 0  
3.081249999999992 1.609997016978806 0  
3.106249999999992 1.618641364025323 0  
3.131249999999992 1.62724669377613 0  
3.156249999999992 1.635813023751155 0  
3.181249999999992 1.644340374259307 0  
3.206249999999992 1.65282876835797 0  
3.231249999999992 1.661278231812537 0  
3.256249999999992 1.669688793056019 0  
3.281249999999992 1.678060483148718 0  
3.306249999999991 1.686393335737989 0  
3.331249999999991 1.694687387018108 0  
3.356249999999991 1.70294267569024 0  
3.381249999999991 1.711159242922536 0  
3.406249999999991 1.719337132310363 0  
3.431249999999991 1.727476389836673 0  
3.456249999999991 1.73557706383253 0  
3.481249999999991 1.7436392049378 0  
3.506249999999991 1.751662866062013 0  
3.531249999999991 1.759648102345412 0  
3.556249999999991 1.767594971120189 0  
3.58124999999999 1.775503531871924 0  
3.60624999999999 1.783373846201238 0  
3.63124999999999 1.791205977785653 0  
3.65624999999999 1.798999992341684 0  
3.68124999999999 1.806755957587168 0  
3.70624999999999 1.81447394320382 0  
3.73124999999999 1.822154020800048 0  
3.75624999999999 1.829796263874016 0  
3.78124999999999 1.837400747776966 0  
3.80624999999999 1.844967549676807 0  
3.83124999999999 1.852496748521977 0  
3.85624999999999 1.859988425005584 0  
3.881249999999989 1.867442661529819 0  
3.906249999999989 1.874859542170672 0  
3.956249999999989 1.889581341239616 0  
4.006249999999989 1.904154769831924 0  
4.056249999999989 1.918580557289802 0  
4.106249999999989 1.93285945644881 0  
4.156249999999988 1.946992242581931 0  
4.206249999999988 1.960979712364217 0  
4.256249999999988 1.974822682858337 0  
4.306249999999988 1.988521990521297 0  
4.356249999999988 2.002078490232575 0  
4.406249999999988 2.015493054343834 0  
4.456249999999987 2.028766571750357 0  
4.506249999999987 2.04189994698431 0  
4.556249999999987 2.05489409932986 0  
4.606249999999987 2.067749961960191 0  
4.656249999999987 2.080468481096384 0  
4.706249999999986 2.093050615188117 0  
4.756249999999986 2.105497334116095 0  
4.806249999999986 2.117809618416104 0  
4.856249999999986 2.129988458524547 0  
4.906249999999986 2.142034854045297 0  
4.956249999999986 2.153949813037686 0  
5.006249999999985 2.165734351325409 0  
5.056249999999985 2.177389491826128 0  
5.106249999999985 2.188916263901517 0  
5.156249999999985 2.200315702727497 0  
5.206249999999985 2.211588848684369 0  
5.256249999999985 2.222736746766565 0  
5.306249999999984 2.233760446011707 0  
5.356249999999984 2.244660998948659 0  
5.406249999999984 2.255439461064253 0  
5.456249999999984 2.266096890288344 0  
5.506249999999984 2.276634346496872 0  
5.556249999999983 2.287052891032565 0  
5.606249999999983 2.297353586242948 0  
5.656249999999983 2.307537495035292 0  
5.706249999999983 2.317605680448144 0  
5.756249999999983 2.327559205239088 0  
5.806249999999983 2.337399131488354 0  
5.856249999999982 2.347126520217926 0  
5.906249999999982 2.356742431025786 0  
5.956249999999982 2.36624792173491 0  
6.006249999999982 2.375644048056679 0  
6.056249999999982 2.384931863268319 0  
6.106249999999982 2.394112417904028 0  
6.156249999999981 2.403186759459425 0  
6.206249999999981 2.412155932108962 0  
6.256249999999981 2.421020976435957 0  
6.306249999999981 2.429782929174896 0  
6.356249999999981 2.438442822965656 0  
6.40624999999998 2.447001686119323 0  
6.45624999999998 2.455460542395251 0  
6.50624999999998 2.463820410789051 0  
6.55624999999998 2.472082305331174 0  
6.60624999999998 2.480247234895766 0  
6.65624999999998 2.488316203019501 0  
6.706249999999979 2.496290207730048 0  
6.756249999999979 2.504170241383906 0  
6.806249999999979 2.51195729051329 0  
6.856249999999979 2.519652335681767 0  
6.906249999999979 2.527256351348393 0  
6.956249999999979 2.534770305740022 0  
7.006249999999978 2.54219516073156 0  
7.056249999999978 2.54953187173387 0  
7.106249999999978 2.556781387589062 0  
7.156249999999978 2.563944650472944 0  
7.206249999999978 2.571022595804349 0  
7.256249999999977 2.578016152161112 0  
7.306249999999977 2.58492624120247 0  
7.356249999999977 2.591753777597624 0  
7.406249999999977 2.598499668960275 0  
7.456249999999977 2.605164815788877 0  
7.506249999999977 2.611750111412429 0  
7.556249999999976 2.618256441941567 0  
7.606249999999976 2.62468468622478 0  
7.656249999999976 2.631035715809531 0  
7.706249999999976 2.637310394908106 0  
7.756249999999976 2.643509580368009 0  
7.806249999999975 2.649634121646703 0  
7.856249999999975 2.655684860790545 0  
7.906249999999975 2.661662632417725 0  
7.956249999999975 2.667568263705068 0  
8.006249999999975 2.673402574378506 0  
8.056249999999975 2.679166376707102 0  
8.106249999999976 2.684860475500447 0  
8.156249999999977 2.690485668109298 0  
8.206249999999978 2.696042744429318 0  
8.256249999999978 2.701532486907768 0  
8.306249999999979 2.70695567055304 0  
8.35624999999998 2.712313062946877 0  
8.40624999999998 2.717605424259184 0  
8.456249999999981 2.722833507265288 0  
8.506249999999982 2.727998057365546 0  
8.556249999999983 2.733099812607176 0  
8.606249999999983 2.738139503708223 0  
8.656249999999984 2.743117854083529 0  
8.706249999999985 2.748035579872633 0  
8.756249999999985 2.752893389969484 0  
8.806249999999986 2.757691986053882 0  
8.856249999999987 2.762432062624557 0  
8.906249999999988 2.767114307033796 0  
8.956249999999988 2.771739399523532 0  
9.006249999999989 2.776308013262821 0  
9.05624999999999 2.780820814386618 0  
9.10624999999999 2.785278462035789 0  
9.156249999999991 2.789681608398272 0  
9.206249999999992 2.794030898751335 0  
9.256249999999993 2.798326971504844 0  
9.306249999999993 2.802570458245492 0  
9.356249999999994 2.806761983781916 0  
9.406249999999995 2.810902166190651 0  
9.456249999999995 2.814991616862857 0  
9.506249999999996 2.819030940551758 0  
9.556249999999997 2.823020735420763 0  
9.606249999999998 2.826961593092184 0  
9.656249999999998 2.830854098696531 0  
9.706249999999999 2.834698830922323 0  
9.75625 2.838496362066367 0  
9.80625 2.842247258084475 0  
9.856250000000001 2.845952078642559 0  
9.906250000000002 2.849611377168082 0  
9.956250000000002 2.853225700901815 0  
10.00625 2.856795590949863 0  
