0 0 0  
0.01 0.005 0  
0.02 0.009999984375008139 0  
0.03 0.01499992187533366 0  
0.04 0.01999978125245766 0  
0.05 0.02499953126000955 0  
0.06 0.02999914065474339 0  
0.07000000000000001 0.03499857819751397 0  
0.08 0.03999781265425258 0  
0.09 0.04499681279694247 0  
0.09999999999999999 0.04999554740459383 0  
0.11 0.05499398526421818 0  
0.12 0.0599920951718023 0  
0.13 0.06498984593328139 0  
0.14 0.06998720636551151 0  
0.15 0.07498414529724119 0  
0.16 0.07998063157008223 0  
0.17 0.08497663403947939 0  
0.18 0.08997212157567917 0  
0.19 0.09496706306469746 0  
0.2 0.09996142740928589 0  
0.21 0.1049551835298971 0  
0.2200000000000001 0.1099483003656485 0  
0.2300000000000001 0.1149407468752847 0  
0.2400000000000001 0.1199324920381388 0  
0.2500000000000001 0.1249235048550913 0  
0.2600000000000001 0.1299137543495282 0  
0.2700000000000001 0.134903209568297 0  
0.2800000000000001 0.1398918395826612 0  
0.2900000000000001 0.1448796134892527 0  
0.3000000000000001 0.1498665004110224 0  
0.3100000000000001 0.1548524694981887 0  
0.3200000000000001 0.1598374899291843 0  
0.3300000000000001 0.1648215309116007 0  
0.3400000000000001 0.16980456168313 0  
0.3500000000000001 0.1747865515125056 0  
0.3600000000000002 0.1797674697004392 0  
0.3700000000000002 0.1847472855805568 0  
0.3800000000000002 0.1897259685203309 0  
0.3900000000000002 0.1947034879220109 0  
0.4000000000000002 0.1996798132235513 0  
0.4100000000000002 0.2046549138995361 0  
0.4200000000000002 0.2096287594621014 0  
0.4300000000000002 0.2146013194618549 0  
0.4400000000000002 0.2195725634887922 0  
0.4500000000000002 0.224542461173211 0  
0.4600000000000002 0.2295109821866213 0  
0.4700000000000003 0.2344780962426534 0  
0.4800000000000003 0.2394437730979618 0  
0.4900000000000003 0.2444079825531273 0  
0.5000000000000002 0.2493706944535544 0  
0.5100000000000002 0.2543318786903662 0  
0.5200000000000002 0.2592915052012956 0  
0.5300000000000002 0.2642495439715735 0  
0.5400000000000003 0.2692059650348126 0  
0.5500000000000003 0.2741607384738888 0  
0.5600000000000003 0.2791138344218179 0  
0.5700000000000003 0.2840652230626293 0  
0.5800000000000003 0.2890148746322355 0  
0.5900000000000003 0.2939627594192982 0  
0.6000000000000003 0.2989088477660899 0  
0.6100000000000003 0.3038531100693527 0  
0.6200000000000003 0.3087955167811516 0  
0.6300000000000003 0.3137360384097251 0  
0.6400000000000003 0.3186746455203306 0  
0.6500000000000004 0.323611308736087 0  
0.6600000000000004 0.3285459987388113 0  
0.6700000000000004 0.3334786862698525 0  
0.6800000000000004 0.3384093421309204 0  
0.6900000000000004 0.34333793718491 0  
0.7000000000000004 0.348264442356722 0  
0.7100000000000004 0.353188828634078 0  
0.7200000000000004 0.3581110670683319 0  
0.7300000000000004 0.3630311287752764 0  
0.7400000000000004 0.3679489849359449 0  
0.7500000000000004 0.3728646067974082 0  
0.7600000000000005 0.3777779656735677 0  
0.7700000000000005 0.3826890329459425 0  
0.7800000000000005 0.3875977800644523 0  
0.7900000000000005 0.3925041785481954 0  
0.8000000000000005 0.3974081999862216 0  
0.8100000000000005 0.4023098160383 0  
0.8200000000000005 0.4072089984356824 0  
0.8300000000000005 0.4121057189818607 0  
0.8400000000000005 0.4169999495533199 0  
0.8500000000000005 0.4218916621002856 0  
0.8600000000000005 0.4267808286474662 0  
0.8700000000000006 0.4316674212947906 0  
0.8800000000000006 0.4365514122181394 0  
0.8900000000000006 0.4414327736700714 0  
0.9000000000000006 0.4463114779805454 0  
0.9100000000000006 0.4511874975576349 0  
0.9200000000000006 0.4560608048882393 0  
0.9300000000000006 0.4609313725387879 0  
0.9400000000000006 0.4657991731559395 0  
0.9500000000000006 0.470664179467276 0  
0.9600000000000006 0.4755263642819902 0  
0.9700000000000006 0.4803857004915685 0  
0.9800000000000006 0.4852421610704673 0  
0.9900000000000007 0.4900957190767843 0  
1.000000000000001 0.4949463476529234 0  
