0
2 2  
0
2 2  
0.001
2.00703 2.009  
0.002
2.0141 2.01801  
0.003
2.02123 2.02703  
0.004
2.0284 2.03605  
0.005
2.03563 2.04508  
0.006
2.04291 2.05411  
0.007
2.05024 2.06315  
0.008
2.05762 2.0722  
0.009
2.06506 2.08126  
0.01
2.07255 2.09032  
0.011
2.08009 2.09939  
0.012
2.08768 2.10847  
0.013
2.09533 2.11755  
0.014
2.10303 2.12664  
0.015
2.11079 2.13574  
0.016
2.1186 2.14485  
0.017
2.12646 2.15396  
0.018
2.13438 2.16309  
0.019
2.14236 2.17222  
0.02
2.15039 2.18136  
0.021
2.15848 2.19051  
0.022
2.16662 2.19966  
0.023
2.17482 2.20883  
0.024
2.18308 2.218  
0.025
2.19139 2.22719  
0.026
2.19976 2.23638  
0.027
2.20819 2.24558  
0.028
2.21668 2.25479  
0.029
2.22523 2.26401  
0.03
2.23383 2.27324  
0.031
2.2425 2.28248  
0.032
2.25122 2.29173  
0.033
2.26001 2.30099  
0.034
2.26885 2.31026  
0.035
2.27776 2.31954  
0.036
2.28673 2.32884  
0.037
2.29575 2.33814  
0.038
2.30484 2.34745  
0.039
2.31399 2.35678  
0.04
2.32321 2.36611  
0.041
2.33248 2.37546  
0.042
2.34182 2.38481  
0.043
2.35123 2.39418  
0.044
2.36069 2.40357  
0.045
2.37022 2.41296  
0.046
2.37982 2.42236  
0.047
2.38948 2.43178  
0.048
2.3992 2.44121  
0.049
2.40899 2.45065  
0.05
2.41885 2.46011  
0.051
2.42877 2.46957  
0.052
2.43876 2.47905  
0.053
2.44882 2.48855  
0.054
2.45894 2.49805  
0.055
2.46914 2.50757  
0.056
2.4794 2.51711  
0.057
2.48972 2.52666  
0.058
2.50012 2.53622  
0.059
2.51059 2.54579  
0.06
2.52113 2.55538  
0.061
2.53173 2.56499  
0.062
2.54241 2.5746  
0.063
2.55316 2.58424  
0.064
2.56398 2.59389  
0.065
2.57487 2.60355  
0.066
2.58584 2.61323  
0.067
2.59688 2.62292  
0.068
2.60799 2.63263  
0.069
2.61917 2.64235  
0.07
2.63043 2.6521  
0.071
2.64176 2.66185  
0.072
2.65316 2.67163  
0.073
2.66465 2.68142  
0.074
2.6762 2.69122  
0.075
2.68784 2.70104  
0.076
2.69955 2.71088  
0.077
2.71133 2.72074  
0.078
2.7232 2.73062  
0.079
2.73514 2.74051  
0.08
2.74716 2.75042  
0.081
2.75926 2.76034  
0.082
2.77143 2.77029  
0.083
2.78369 2.78025  
0.084
2.79603 2.79023  
0.085
2.80845 2.80023  
0.086
2.82094 2.81025  
0.087
2.83352 2.82029  
0.088
2.84619 2.83035  
0.089
2.85893 2.84042  
0.09
2.87176 2.85052  
0.091
2.88467 2.86063  
0.092
2.89766 2.87077  
0.093
2.91074 2.88092  
0.094
2.92391 2.8911  
0.095
2.93715 2.90129  
0.096
2.95049 2.91151  
0.097
2.96391 2.92174  
0.098
2.97742 2.932  
0.099
2.99101 2.94228  
0.1
3.0047 2.95258  
0.101
3.01847 2.9629  
0.102
3.03233 2.97324  
0.103
3.04628 2.98361  
0.104
3.06032 2.99399  
0.105
3.07445 3.0044  
0.106
3.08867 3.01483  
0.107
3.10298 3.02529  
0.108
3.11738 3.03577  
0.109
3.13188 3.04627  
0.11
3.14647 3.05679  
0.111
3.16115 3.06733  
0.112
3.17593 3.0779  
0.113
3.19081 3.0885  
0.114
3.20577 3.09912  
0.115
3.22084 3.10976  
0.116
3.236 3.12043  
0.117
3.25126 3.13112  
0.118
3.26661 3.14183  
0.119
3.28206 3.15257  
0.12
3.29762 3.16334  
0.121
3.31327 3.17413  
0.122
3.32902 3.18495  
0.123
3.34487 3.19579  
0.124
3.36083 3.20666  
0.125
3.37688 3.21756  
0.126
3.39304 3.22848  
0.127
3.4093 3.23943  
0.128
3.42566 3.2504  
0.129
3.44213 3.2614  
0.13
3.45871 3.27243  
0.131
3.47539 3.28349  
0.132
3.49217 3.29458  
0.133
3.50906 3.30569  
0.134
3.52606 3.31683  
0.135
3.54317 3.328  
0.136
3.56039 3.3392  
0.137
3.57771 3.35042  
0.138
3.59515 3.36168  
0.139
3.61269 3.37296  
0.14
3.63035 3.38428  
0.141
3.64812 3.39562  
0.142
3.666 3.40699  
0.143
3.684 3.4184  
0.144
3.70211 3.42983  
0.145
3.72034 3.44129  
0.146
3.73868 3.45279  
0.147
3.75714 3.46432  
0.148
3.77571 3.47587  
0.149
3.7944 3.48746  
0.15
3.81321 3.49908  
0.151
3.83214 3.51073  
0.152
3.85119 3.52242  
0.153
3.87036 3.53413  
0.154
3.88965 3.54588  
0.155
3.90907 3.55766  
0.156
3.9286 3.56947  
0.157
3.94826 3.58132  
0.158
3.96805 3.5932  
0.159
3.98796 3.60512  
0.16
4.00799 3.61706  
0.161
4.02816 3.62905  
0.162
4.04845 3.64106  
0.163
4.06886 3.65311  
0.164
4.08941 3.6652  
0.165
4.11009 3.67732  
0.166
4.1309 3.68947  
0.167
4.15184 3.70166  
0.168
4.17291 3.71389  
0.169
4.19412 3.72615  
0.17
4.21546 3.73845  
0.171
4.23693 3.75079  
0.172
4.25854 3.76316  
0.173
4.28029 3.77557  
0.174
4.30217 3.78801  
0.175
4.32419 3.80049  
0.176
4.34636 3.81301  
0.177
4.36866 3.82557  
0.178
4.3911 3.83817  
0.179
4.41368 3.8508  
0.18
4.43641 3.86347  
0.181
4.45928 3.87619  
0.182
4.4823 3.88894  
0.183
4.50546 3.90173  
0.184
4.52877 3.91455  
0.185
4.55222 3.92742  
0.186
4.57583 3.94033  
0.187
4.59958 3.95328  
0.188
4.62348 3.96627  
0.189
4.64754 3.9793  
0.19
4.67174 3.99237  
0.191
4.6961 4.00548  
0.192
4.72061 4.01864  
0.193
4.74528 4.03183  
0.194
4.77011 4.04507  
0.195
4.79509 4.05835  
0.196
4.82023 4.07167  
0.197
4.84553 4.08503  
0.198
4.87098 4.09844  
0.199
4.8966 4.11189  
0.2
4.92239 4.12538  
0.201
4.94833 4.13892  
0.202
4.97444 4.1525  
0.203
5.00072 4.16613  
0.204
5.02716 4.1798  
0.205
5.05377 4.19351  
0.206
5.08054 4.20727  
0.207
5.10749 4.22108  
0.208
5.13461 4.23493  
0.209
5.1619 4.24882  
0.21
5.18936 4.26276  
0.211
5.217 4.27675  
0.212
5.24481 4.29079  
0.213
5.2728 4.30487  
0.214
5.30096 4.319  
0.215
5.32931 4.33317  
0.216
5.35783 4.3474  
0.217
5.38654 4.36167  
0.218
5.41543 4.37599  
0.219
5.4445 4.39035  
0.22
5.47376 4.40477  
0.221
5.5032 4.41923  
0.222
5.53283 4.43375  
0.223
5.56265 4.44831  
0.224
5.59266 4.46292  
0.225
5.62285 4.47759  
0.226
5.65324 4.4923  
0.227
5.68383 4.50706  
0.228
5.71461 4.52188  
0.229
5.74558 4.53675  
0.23
5.77675 4.55166  
0.231
5.80812 4.56663  
0.232
5.83969 4.58165  
0.233
5.87147 4.59672  
0.234
5.90344 4.61185  
0.235
5.93562 4.62703  
0.236
5.968 4.64226  
0.237
6.00059 4.65754  
0.238
6.03339 4.67288  
0.239
6.0664 4.68827  
0.24
6.09962 4.70372  
0.241
6.13305 4.71922  
0.242
6.16669 4.73477  
0.243
6.20055 4.75038  
0.244
6.23462 4.76604  
0.245
6.26892 4.78177  
0.246
6.30343 4.79754  
0.247
6.33816 4.81337  
0.248
6.37312 4.82926  
0.249
6.4083 4.84521  
0.25
6.44371 4.86121  
0.251
6.47934 4.87727  
0.252
6.5152 4.89339  
0.253
6.55129 4.90956  
0.254
6.58761 4.92579  
0.255
6.62417 4.94208  
0.256
6.66096 4.95844  
0.257
6.69798 4.97484  
0.258
6.73525 4.99131  
0.259
6.77275 5.00784  
0.26
6.8105 5.02443  
0.261
6.84848 5.04108  
0.262
6.88671 5.05779  
0.263
6.92519 5.07455  
0.264
6.96392 5.09139  
0.265
7.00289 5.10828  
0.266
7.04212 5.12523  
0.267
7.0816 5.14225  
0.268
7.12133 5.15932  
0.269
7.16132 5.17647  
0.27
7.20157 5.19367  
0.271
7.24207 5.21094  
0.272
7.28284 5.22827  
0.273
7.32388 5.24566  
0.274
7.36517 5.26312  
0.275
7.40674 5.28064  
0.276
7.44857 5.29823  
0.277
7.49067 5.31588  
0.278
7.53305 5.3336  
0.279
7.5757 5.35138  
0.28
7.61863 5.36923  
0.281
7.66183 5.38715  
0.282
7.70532 5.40513  
0.283
7.74909 5.42318  
0.284
7.79314 5.4413  
0.285
7.83747 5.45948  
0.286
7.8821 5.47774  
0.287
7.92701 5.49606  
0.288
7.97222 5.51445  
0.289
8.01772 5.53291  
0.29
8.06352 5.55143  
0.291
8.10961 5.57003  
0.292
8.15601 5.5887  
0.293
8.2027 5.60744  
0.294
8.2497 5.62624  
0.295
8.29701 5.64512  
0.296
8.34463 5.66407  
0.297
8.39255 5.68309  
0.298
8.44079 5.70219  
0.299
8.48935 5.72135  
0.3
8.53822 5.74059  
0.301
8.58741 5.7599  
0.302
8.63692 5.77929  
0.303
8.68676 5.79875  
0.304
8.73692 5.81828  
0.305
8.78741 5.83788  
0.306
8.83823 5.85757  
0.307
8.88938 5.87732  
0.308
8.94087 5.89715  
0.309
8.9927 5.91706  
0.31
9.04487 5.93704  
0.311
9.09738 5.9571  
0.312
9.15023 5.97724  
0.313
9.20343 5.99745  
0.314
9.25698 6.01774  
0.315
9.31089 6.0381  
0.316
9.36515 6.05855  
0.317
9.41976 6.07907  
0.318
9.47474 6.09968  
0.319
9.53007 6.12036  
0.32
9.58577 6.14112  
0.321
9.64184 6.16196  
0.322
9.69828 6.18288  
0.323
9.75509 6.20388  
0.324
9.81228 6.22497  
0.325
9.86984 6.24613  
0.326
9.92779 6.26738  
0.327
9.98611 6.2887  
0.328
10.0448 6.31011  
0.329
10.1039 6.33161  
0.33
10.1634 6.35318  
0.331
10.2233 6.37484  
0.332
10.2836 6.39658  
0.333
10.3443 6.41841  
0.334
10.4054 6.44032  
0.335
10.4669 6.46232  
0.336
10.5288 6.4844  
0.337
10.5911 6.50657  
0.338
10.6538 6.52882  
0.339
10.7169 6.55116  
0.34
10.7805 6.57359  
0.341
10.8445 6.59611  
0.342
10.9089 6.61871  
0.343
10.9737 6.6414  
0.344
11.039 6.66418  
0.345
11.1047 6.68704  
0.346
11.1708 6.71  
0.347
11.2374 6.73304  
0.348
11.3045 6.75618  
0.349
11.3719 6.77941  
0.35
11.4399 6.80272  
0.351
11.5083 6.82613  
0.352
11.5771 6.84963  
0.353
11.6464 6.87322  
0.354
11.7162 6.8969  
0.355
11.7864 6.92068  
0.356
11.8571 6.94455  
0.357
11.9283 6.96851  
0.358
11.9999 6.99257  
0.359
12.0721 7.01672  
0.36
12.1447 7.04096  
0.361
12.2178 7.0653  
0.362
12.2914 7.08974  
0.363
12.3655 7.11427  
0.364
12.4401 7.1389  
0.365
12.5152 7.16362  
0.366
12.5908 7.18845  
0.367
12.6669 7.21337  
0.368
12.7435 7.23838  
0.369
12.8207 7.2635  
0.37
12.8983 7.28871  
0.371
12.9765 7.31403  
0.372
13.0552 7.33944  
0.373
13.1345 7.36496  
0.374
13.2142 7.39057  
0.375
13.2946 7.41629  
0.376
13.3754 7.4421  
0.377
13.4568 7.46802  
0.378
13.5388 7.49404  
0.379
13.6213 7.52016  
0.38
13.7044 7.54639  
0.381
13.788 7.57272  
0.382
13.8722 7.59915  
0.383
13.957 7.62569  
0.384
14.0424 7.65234  
0.385
14.1283 7.67908  
0.386
14.2148 7.70594  
0.387
14.3019 7.7329  
0.388
14.3896 7.75997  
0.389
14.4779 7.78714  
0.39
14.5668 7.81442  
0.391
14.6563 7.84181  
0.392
14.7464 7.86931  
0.393
14.8371 7.89692  
0.394
14.9285 7.92463  
0.395
15.0205 7.95246  
0.396
15.1131 7.98039  
0.397
15.2063 8.00844  
0.398
15.3002 8.0366  
0.399
15.3947 8.06487  
0.4
15.4898 8.09325  
0.401
15.5856 8.12174  
0.402
15.6821 8.15035  
0.403
15.7792 8.17907  
0.404
15.877 8.20791  
0.405
15.9755 8.23686  
0.406
16.0746 8.26592  
0.407
16.1744 8.2951  
0.408
16.2749 8.3244  
0.409
16.3761 8.35381  
0.41
16.478 8.38334  
0.411
16.5806 8.41298  
0.412
16.6839 8.44275  
0.413
16.7879 8.47263  
0.414
16.8926 8.50263  
0.415
16.998 8.53275  
0.416
17.1042 8.56299  
0.417
17.2111 8.59335  
0.418
17.3187 8.62383  
0.419
17.4271 8.65443  
0.42
17.5362 8.68516  
0.421
17.6461 8.716  
0.422
17.7568 8.74697  
0.423
17.8682 8.77806  
0.424
17.9803 8.80928  
0.425
18.0933 8.84062  
0.426
18.207 8.87209  
0.427
18.3215 8.90368  
0.428
18.4369 8.93539  
0.429
18.553 8.96724  
0.43
18.6699 8.99921  
0.431
18.7876 9.0313  
0.432
18.9062 9.06353  
0.433
19.0256 9.09588  
0.434
19.1458 9.12836  
0.435
19.2668 9.16098  
0.436
19.3887 9.19372  
0.437
19.5114 9.22659  
0.438
19.635 9.25959  
0.439
19.7594 9.29273  
0.44
19.8847 9.326  
0.441
20.0109 9.3594  
0.442
20.138 9.39293  
0.443
20.2659 9.4266  
0.444
20.3947 9.4604  
0.445
20.5245 9.49434  
0.446
20.6551 9.52841  
0.447
20.7867 9.56262  
0.448
20.9192 9.59696  
0.449
21.0526 9.63144  
0.45
21.1869 9.66606  
0.451
21.3222 9.70082  
0.452
21.4584 9.73572  
0.453
21.5956 9.77075  
0.454
21.7337 9.80593  
0.455
21.8728 9.84124  
0.456
22.0129 9.8767  
0.457
22.154 9.9123  
0.458
22.296 9.94804  
0.459
22.4391 9.98392  
0.46
22.5832 10.02  
0.461
22.7282 10.0561  
0.462
22.8743 10.0924  
0.463
23.0214 10.1289  
0.464
23.1696 10.1655  
0.465
23.3188 10.2023  
0.466
23.469 10.2392  
0.467
23.6204 10.2762  
0.468
23.7727 10.3134  
0.469
23.9262 10.3507  
0.47
24.0807 10.3882  
0.471
24.2363 10.4259  
0.472
24.3931 10.4637  
0.473
24.5509 10.5016  
0.474
24.7098 10.5397  
0.475
24.8699 10.578  
0.476
25.0311 10.6164  
0.477
25.1934 10.6549  
0.478
25.3569 10.6936  
0.479
25.5216 10.7325  
0.48
25.6874 10.7715  
0.481
25.8544 10.8107  
0.482
26.0225 10.85  
0.483
26.1919 10.8895  
0.484
26.3625 10.9292  
0.485
26.5342 10.969  
0.486
26.7072 11.0089  
0.487
26.8815 11.0491  
0.488
27.0569 11.0894  
0.489
27.2336 11.1298  
0.49
27.4116 11.1704  
0.491
27.5909 11.2112  
0.492
27.7714 11.2521  
0.493
27.9532 11.2932  
0.494
28.1363 11.3345  
0.495
28.3206 11.3759  
0.496
28.5064 11.4175  
0.497
28.6934 11.4593  
0.498
28.8818 11.5012  
0.499
29.0715 11.5433  
0.5
29.2625 11.5856  
0.501
29.455 11.628  
0.502
29.6488 11.6706  
0.503
29.844 11.7134  
0.504
30.0406 11.7563  
0.505
30.2386 11.7994  
0.506
30.438 11.8427  
0.507
30.6388 11.8862  
0.508
30.8411 11.9298  
0.509
31.0448 11.9736  
0.51
31.25 12.0176  
0.511
31.4567 12.0618  
0.512
31.6648 12.1061  
0.513
31.8744 12.1507  
0.514
32.0856 12.1953  
0.515
32.2982 12.2402  
0.516
32.5124 12.2853  
0.517
32.7282 12.3305  
0.518
32.9454 12.3759  
0.519
33.1643 12.4215  
0.52
33.3847 12.4673  
0.521
33.6067 12.5133  
0.522
33.8303 12.5594  
0.523
34.0555 12.6058  
0.524
34.2823 12.6523  
0.525
34.5108 12.699  
0.526
34.7409 12.7459  
0.527
34.9726 12.793  
0.528
35.2061 12.8402  
0.529
35.4412 12.8877  
0.53
35.678 12.9353  
0.531
35.9166 12.9832  
0.532
36.1568 13.0312  
0.533
36.3988 13.0794  
0.534
36.6426 13.1279  
0.535
36.8881 13.1765  
0.536
37.1354 13.2253  
0.537
37.3844 13.2743  
0.538
37.6353 13.3235  
0.539
37.888 13.3729  
0.54
38.1425 13.4225  
0.541
38.3989 13.4723  
0.542
38.6571 13.5222  
0.543
38.9172 13.5724  
0.544
39.1792 13.6228  
0.545
39.4431 13.6734  
0.546
39.7089 13.7242  
0.547
39.9767 13.7752  
0.548
40.2463 13.8264  
0.549
40.518 13.8778  
0.55
40.7916 13.9294  
0.551
41.0672 13.9813  
0.552
41.3448 14.0333  
0.553
41.6245 14.0855  
0.554
41.9061 14.138  
0.555
42.1899 14.1906  
0.556
42.4756 14.2435  
0.557
42.7635 14.2966  
0.558
43.0535 14.3499  
0.559
43.3456 14.4034  
0.56
43.6398 14.4571  
0.561
43.9361 14.5111  
0.562
44.2347 14.5652  
0.563
44.5354 14.6196  
0.564
44.8383 14.6742  
0.565
45.1434 14.729  
0.566
45.4507 14.784  
0.567
45.7603 14.8393  
0.568
46.0722 14.8947  
0.569
46.3863 14.9504  
0.57
46.7028 15.0063  
0.571
47.0215 15.0625  
0.572
47.3426 15.1188  
0.573
47.666 15.1754  
0.574
47.9919 15.2322  
0.575
48.3201 15.2893  
0.576
48.6507 15.3465  
0.577
48.9837 15.404  
0.578
49.3192 15.4618  
0.579
49.6571 15.5197  
0.58
49.9975 15.5779  
0.581
50.3404 15.6364  
0.582
50.6859 15.695  
0.583
51.0339 15.7539  
0.584
51.3844 15.8131  
0.585
51.7375 15.8724  
0.586
52.0932 15.932  
0.587
52.4515 15.9919  
0.588
52.8125 16.052  
0.589
53.1761 16.1123  
0.59
53.5424 16.1729  
0.591
53.9114 16.2337  
0.592
54.2831 16.2947  
0.593
54.6576 16.356  
0.594
55.0348 16.4176  
0.595
55.4148 16.4794  
0.596
55.7976 16.5414  
0.597
56.1832 16.6037  
0.598
56.5717 16.6663  
0.599
56.9631 16.7291  
0.6
57.3573 16.7921  
0.601
57.7544 16.8554  
0.602
58.1545 16.9189  
0.603
58.5576 16.9827  
0.604
58.9636 17.0468  
0.605
59.3726 17.1111  
0.606
59.7846 17.1757  
0.607
60.1997 17.2405  
0.608
60.6179 17.3056  
0.609
61.0392 17.371  
0.61
61.4636 17.4366  
0.611
61.8911 17.5025  
0.612
62.3218 17.5686  
0.613
62.7557 17.635  
0.614
63.1928 17.7017  
0.615
63.6332 17.7686  
0.616
64.0768 17.8358  
0.617
64.5237 17.9033  
0.618
64.974 17.9711  
0.619
65.4275 18.0391  
0.62
65.8845 18.1074  
0.621
66.3448 18.1759  
0.622
66.8086 18.2448  
0.623
67.2758 18.3139  
0.624
67.7465 18.3833  
0.625
68.2207 18.453  
0.626
68.6984 18.5229  
0.627
69.1797 18.5931  
0.628
69.6645 18.6636  
0.629
70.153 18.7344  
0.63
70.6451 18.8055  
0.631
71.1409 18.8769  
0.632
71.6404 18.9485  
0.633
72.1435 19.0205  
0.634
72.6505 19.0927  
0.635
73.1612 19.1652  
0.636
73.6757 19.238  
0.637
74.1941 19.3111  
0.638
74.7164 19.3845  
0.639
75.2425 19.4582  
0.64
75.7726 19.5322  
0.641
76.3066 19.6065  
0.642
76.8446 19.681  
0.643
77.3867 19.7559  
0.644
77.9328 19.8311  
0.645
78.483 19.9065  
0.646
79.0373 19.9823  
0.647
79.5957 20.0584  
0.648
80.1583 20.1348  
0.649
80.7252 20.2115  
0.65
81.2962 20.2885  
0.651
81.8716 20.3658  
0.652
82.4513 20.4434  
0.653
83.0353 20.5213  
0.654
83.6236 20.5996  
0.655
84.2164 20.6781  
0.656
84.8137 20.757  
0.657
85.4154 20.8362  
0.658
86.0216 20.9157  
0.659
86.6324 20.9955  
0.66
87.2478 21.0757  
0.661
87.8678 21.1561  
0.662
88.4924 21.2369  
0.663
89.1218 21.318  
0.664
89.7558 21.3994  
0.665
90.3947 21.4812  
0.666
91.0383 21.5633  
0.667
91.6868 21.6457  
0.668
92.3401 21.7285  
0.669
92.9984 21.8115  
0.67
93.6616 21.8949  
0.671
94.3298 21.9787  
0.672
95.0031 22.0628  
0.673
95.6814 22.1472  
0.674
96.3648 22.232  
0.675
97.0534 22.317  
0.676
97.7471 22.4025  
0.677
98.4461 22.4883  
0.678
99.1503 22.5744  
0.679
99.8599 22.6609  
0.68
100.575 22.7477  
0.681
101.295 22.8348  
0.682
102.021 22.9224  
0.683
102.752 23.0102  
0.684
103.489 23.0984  
0.685
104.231 23.187  
0.686
104.979 23.2759  
0.687
105.733 23.3652  
0.688
106.492 23.4549  
0.689
107.257 23.5448  
0.69
108.028 23.6352  
0.691
108.804 23.7259  
0.692
109.587 23.817  
0.693
110.375 23.9085  
0.694
111.169 24.0003  
0.695
111.97 24.0925  
0.696
112.776 24.185  
0.697
113.589 24.2779  
0.698
114.407 24.3712  
0.699
115.232 24.4649  
0.7
116.063 24.559  
0.701
116.901 24.6534  
0.702
117.745 24.7482  
0.703
118.595 24.8434  
0.704
119.451 24.9389  
0.705
120.314 25.0349  
0.706
121.184 25.1312  
0.707
122.06 25.2279  
0.708
122.943 25.325  
0.709
123.833 25.4225  
0.71
124.729 25.5204  
0.711
125.632 25.6187  
0.712
126.542 25.7174  
0.713
127.459 25.8164  
0.714
128.383 25.9159  
0.715
129.314 26.0158  
0.716
130.252 26.116  
0.717
131.197 26.2167  
0.718
132.149 26.3177  
0.719
133.109 26.4192  
0.72
134.076 26.5211  
0.721
135.05 26.6234  
0.722
136.032 26.7261  
0.723
137.021 26.8292  
0.724
138.017 26.9327  
0.725
139.022 27.0367  
0.726
140.033 27.141  
0.727
141.053 27.2458  
0.728
142.08 27.351  
0.729
143.115 27.4566  
0.73
144.158 27.5626  
0.731
145.209 27.6691  
0.732
146.268 27.776  
0.733
147.336 27.8833  
0.734
148.411 27.991  
0.735
149.494 28.0992  
0.736
150.586 28.2078  
0.737
151.686 28.3169  
0.738
152.794 28.4264  
0.739
153.911 28.5363  
0.74
155.037 28.6467  
0.741
156.171 28.7575  
0.742
157.313 28.8687  
0.743
158.465 28.9804  
0.744
159.625 29.0926  
0.745
160.794 29.2051  
0.746
161.972 29.3182  
0.747
163.159 29.4317  
0.748
164.355 29.5456  
0.749
165.56 29.6601  
0.75
166.775 29.7749  
0.751
167.998 29.8903  
0.752
169.232 30.006  
0.753
170.474 30.1223  
0.754
171.726 30.239  
0.755
172.988 30.3562  
0.756
174.259 30.4739  
0.757
175.54 30.592  
0.758
176.831 30.7106  
0.759
178.132 30.8297  
0.76
179.443 30.9492  
0.761
180.763 31.0693  
0.762
182.094 31.1898  
0.763
183.435 31.3108  
0.764
184.787 31.4323  
0.765
186.148 31.5542  
0.766
187.521 31.6767  
0.767
188.903 31.7997  
0.768
190.297 31.9231  
0.769
191.701 32.047  
0.77
193.116 32.1715  
0.771
194.541 32.2964  
0.772
195.978 32.4218  
0.773
197.425 32.5478  
0.774
198.884 32.6742  
0.775
200.354 32.8012  
0.776
201.835 32.9286  
0.777
203.328 33.0566  
0.778
204.832 33.1851  
0.779
206.348 33.3141  
0.78
207.875 33.4436  
0.781
209.414 33.5736  
0.782
210.965 33.7042  
0.783
212.528 33.8353  
0.784
214.103 33.9669  
0.785
215.69 34.099  
0.786
217.289 34.2317  
0.787
218.901 34.3648  
0.788
220.525 34.4986  
0.789
222.161 34.6328  
0.79
223.81 34.7676  
0.791
225.472 34.903  
0.792
227.147 35.0389  
0.793
228.834 35.1753  
0.794
230.535 35.3123  
0.795
232.248 35.4498  
0.796
233.975 35.5879  
0.797
235.715 35.7265  
0.798
237.469 35.8657  
0.799
239.236 36.0054  
0.8
241.016 36.1457  
0.801
242.811 36.2866  
0.802
244.619 36.428  
0.803
246.441 36.57  
0.804
248.278 36.7126  
0.805
250.128 36.8557  
0.806
251.993 36.9994  
0.807
253.872 37.1437  
0.808
255.766 37.2885  
0.809
257.674 37.434  
0.81
259.597 37.58  
0.811
261.535 37.7266  
0.812
263.488 37.8738  
0.813
265.456 38.0216  
0.814
267.439 38.17  
0.815
269.437 38.319  
0.816
271.451 38.4685  
0.817
273.481 38.6187  
0.818
275.526 38.7695  
0.819
277.587 38.9209  
0.82
279.664 39.0729  
0.821
281.757 39.2255  
0.822
283.866 39.3787  
0.823
285.992 39.5325  
0.824
288.134 39.6869  
0.825
290.293 39.842  
0.826
292.468 39.9976  
0.827
294.66 40.1539  
0.828
296.869 40.3109  
0.829
299.096 40.4684  
0.83
301.339 40.6266  
0.831
303.6 40.7854  
0.832
305.878 40.9449  
0.833
308.174 41.105  
0.834
310.488 41.2657  
0.835
312.82 41.4271  
0.836
315.17 41.5892  
0.837
317.538 41.7518  
0.838
319.925 41.9152  
0.839
322.33 42.0792  
0.84
324.753 42.2438  
0.841
327.196 42.4091  
0.842
329.657 42.5751  
0.843
332.138 42.7417  
0.844
334.637 42.909  
0.845
337.157 43.077  
0.846
339.695 43.2456  
0.847
342.254 43.4149  
0.848
344.832 43.5849  
0.849
347.43 43.7556  
0.85
350.049 43.927  
0.851
352.688 44.099  
0.852
355.347 44.2718  
0.853
358.027 44.4452  
0.854
360.728 44.6193  
0.855
363.45 44.7941  
0.856
366.193 44.9697  
0.857
368.957 45.1459  
0.858
371.743 45.3228  
0.859
374.55 45.5005  
0.86
377.38 45.6788  
0.861
380.231 45.8579  
0.862
383.105 46.0377  
0.863
386 46.2182  
0.864
388.919 46.3994  
0.865
391.86 46.5814  
0.866
394.824 46.7641  
0.867
397.811 46.9475  
0.868
400.821 47.1317  
0.869
403.855 47.3166  
0.87
406.913 47.5022  
0.871
409.994 47.6886  
0.872
413.099 47.8757  
0.873
416.228 48.0636  
0.874
419.382 48.2522  
0.875
422.56 48.4416  
0.876
425.764 48.6317  
0.877
428.992 48.8226  
0.878
432.245 49.0143  
0.879
435.523 49.2068  
0.88
438.828 49.4  
0.881
442.157 49.594  
0.882
445.513 49.7887  
0.883
448.895 49.9843  
0.884
452.304 50.1806  
0.885
455.739 50.3777  
0.886
459.201 50.5756  
0.887
462.689 50.7743  
0.888
466.205 50.9738  
0.889
469.749 51.1741  
0.89
473.32 51.3752  
0.891
476.919 51.5771  
0.892
480.546 51.7798  
0.893
484.201 51.9833  
0.894
487.885 52.1877  
0.895
491.598 52.3928  
0.896
495.34 52.5988  
0.897
499.111 52.8056  
0.898
502.911 53.0132  
0.899
506.741 53.2217  
0.9
510.601 53.431  
0.901
514.491 53.6412  
0.902
518.412 53.8521  
0.903
522.363 54.064  
0.904
526.345 54.2767  
0.905
530.359 54.4902  
0.906
534.403 54.7046  
0.907
538.479 54.9198  
0.908
542.587 55.1359  
0.909
546.728 55.3529  
0.91
550.9 55.5707  
0.911
555.106 55.7895  
0.912
559.344 56.0091  
0.913
563.615 56.2295  
0.914
567.92 56.4509  
0.915
572.258 56.6731  
0.916
576.63 56.8963  
0.917
581.037 57.1203  
0.918
585.478 57.3452  
0.919
589.954 57.5711  
0.92
594.465 57.7978  
0.921
599.011 58.0254  
0.922
603.593 58.254  
0.923
608.21 58.4835  
0.924
612.864 58.7139  
0.925
617.555 58.9452  
0.926
622.282 59.1774  
0.927
627.046 59.4106  
0.928
631.847 59.6447  
0.929
636.686 59.8797  
0.93
641.563 60.1157  
0.931
646.478 60.3527  
0.932
651.432 60.5906  
0.933
656.424 60.8294  
0.934
661.456 61.0692  
0.935
666.527 61.3099  
0.936
671.638 61.5517  
0.937
676.789 61.7943  
0.938
681.98 62.038  
0.939
687.212 62.2827  
0.94
692.485 62.5283  
0.941
697.8 62.7749  
0.942
703.156 63.0225  
0.943
708.554 63.271  
0.944
713.995 63.5206  
0.945
719.478 63.7712  
0.946
725.004 64.0228  
0.947
730.574 64.2754  
0.948
736.187 64.529  
0.949
741.844 64.7836  
0.95
747.546 65.0393  
0.951
753.293 65.2959  
0.952
759.085 65.5536  
0.953
764.922 65.8124  
0.954
770.805 66.0721  
0.955
776.734 66.3329  
0.956
782.71 66.5948  
0.957
788.733 66.8577  
0.958
794.803 67.1216  
0.959
800.921 67.3866  
0.96
807.086 67.6527  
0.961
813.301 67.9199  
0.962
819.564 68.1881  
0.963
825.876 68.4574  
0.964
832.238 68.7277  
0.965
838.65 68.9992  
0.966
845.113 69.2717  
0.967
851.626 69.5454  
0.968
858.19 69.8201  
0.969
864.806 70.0959  
0.97
871.474 70.3728  
0.971
878.195 70.6509  
0.972
884.968 70.93  
0.973
891.795 71.2103  
0.974
898.675 71.4917  
0.975
905.61 71.7743  
0.976
912.599 72.0579  
0.977
919.643 72.3427  
0.978
926.743 72.6287  
0.979
933.898 72.9157  
0.98
941.11 73.204  
0.981
948.378 73.4934  
0.982
955.704 73.7839  
0.983
963.087 74.0756  
0.984
970.529 74.3685  
0.985
978.029 74.6626  
0.986
985.588 74.9578  
0.987
993.206 75.2542  
0.988
1000.88 75.5518  
0.989
1008.62 75.8506  
0.99
1016.42 76.1506  
0.991
1024.29 76.4518  
0.992
1032.21 76.7543  
0.993
1040.19 77.0579  
0.994
1048.24 77.3627  
0.995
1056.36 77.6688  
0.996
1064.53 77.9761  
0.997
1072.77 78.2846  
0.998
1081.08 78.5943  
0.999
1089.45 78.9053  
1
1097.89 79.2176  
1.001
1106.39 79.5311  
1.002
1114.96 79.8458  
1.003
1123.6 80.1618  
1.004
1132.3 80.4791  
1.005
1141.08 80.7976  
1.006
1149.92 81.1175  
1.007
1158.84 81.4386  
1.008
1167.82 81.761  
1.009
1176.88 82.0847  
1.01
1186 82.4097  
1.011
1195.2 82.7359  
1.012
1204.47 83.0635  
1.013
1213.82 83.3924  
1.014
1223.23 83.7227  
1.015
1232.73 84.0542  
1.016
1242.29 84.3871  
1.017
1251.94 84.7213  
1.018
1261.65 85.0569  
1.019
1271.45 85.3938  
1.02
1281.32 85.732  
1.021
1291.27 86.0716  
1.022
1301.3 86.4126  
1.023
1311.41 86.7549  
1.024
1321.6 87.0986  
1.025
1331.87 87.4437  
1.026
1342.22 87.7902  
1.027
1352.65 88.138  
1.028
1363.16 88.4873  
1.029
1373.76 88.8379  
1.03
1384.44 89.1899  
1.031
1395.2 89.5434  
1.032
1406.05 89.8983  
1.033
1416.99 90.2546  
1.034
1428.01 90.6123  
1.035
1439.12 90.9715  
1.036
1450.32 91.3321  
1.037
1461.6 91.6941  
1.038
1472.98 92.0576  
1.039
1484.44 92.4226  
1.04
1496 92.789  
1.041
1507.64 93.1569  
1.042
1519.38 93.5263  
1.043
1531.21 93.8971  
1.044
1543.14 94.2694  
1.045
1555.16 94.6433  
1.046
1567.27 95.0186  
1.047
1579.48 95.3954  
1.048
1591.79 95.7737  
1.049
1604.19 96.1536  
1.05
1616.7 96.535  
1.051
1629.3 96.9179  
1.052
1642 97.3023  
1.053
1654.8 97.6883  
1.054
1667.7 98.0758  
1.055
1680.7 98.4649  
1.056
1693.81 98.8555  
1.057
1707.02 99.2477  
1.058
1720.34 99.6415  
1.059
1733.76 100.037  
1.06
1747.29 100.434  
1.061
1760.92 100.832  
1.062
1774.66 101.232  
1.063
1788.51 101.634  
1.064
1802.47 102.037  
1.065
1816.54 102.442  
1.066
1830.73 102.849  
1.067
1845.02 103.257  
1.068
1859.43 103.667  
1.069
1873.95 104.079  
1.07
1888.59 104.492  
1.071
1903.34 104.906  
1.072
1918.21 105.323  
1.073
1933.2 105.741  
1.074
1948.3 106.161  
1.075
1963.53 106.582  
1.076
1978.87 107.006  
1.077
1994.34 107.43  
1.078
2009.93 107.857  
1.079
2025.65 108.285  
1.08
2041.48 108.715  
1.081
2057.45 109.147  
1.082
2073.54 109.58  
1.083
2089.76 110.016  
1.084
2106.1 110.453  
1.085
2122.58 110.891  
1.086
2139.18 111.332  
1.087
2155.92 111.774  
1.088
2172.79 112.218  
1.089
2189.8 112.664  
1.09
2206.94 113.111  
1.091
2224.21 113.56  
1.092
2241.62 114.012  
1.093
2259.17 114.465  
1.094
2276.86 114.919  
1.095
2294.69 115.376  
1.096
2312.66 115.834  
1.097
2330.78 116.295  
1.098
2349.03 116.757  
1.099
2367.43 117.221  
1.1
2385.98 117.686  
1.101
2404.68 118.154  
1.102
2423.52 118.624  
1.103
2442.51 119.095  
1.104
2461.66 119.568  
1.105
2480.95 120.044  
1.106
2500.4 120.521  
1.107
2520 121  
1.108
2539.76 121.481  
1.109
2559.67 121.964  
1.11
2579.75 122.448  
1.111
2599.98 122.935  
1.112
2620.37 123.424  
1.113
2640.92 123.915  
1.114
2661.64 124.407  
1.115
2682.52 124.902  
1.116
2703.57 125.398  
1.117
2724.78 125.897  
1.118
2746.17 126.398  
1.119
2767.72 126.9  
1.12
2789.44 127.405  
1.121
2811.34 127.911  
1.122
2833.41 128.42  
1.123
2855.66 128.931  
1.124
2878.08 129.443  
1.125
2900.68 129.958  
1.126
2923.46 130.475  
1.127
2946.42 130.994  
1.128
2969.56 131.515  
1.129
2992.89 132.038  
1.13
3016.4 132.563  
1.131
3040.1 133.091  
1.132
3063.98 133.62  
1.133
3088.06 134.152  
1.134
3112.33 134.685  
1.135
3136.79 135.221  
1.136
3161.44 135.759  
1.137
3186.29 136.299  
1.138
3211.34 136.841  
1.139
3236.59 137.386  
1.14
3262.03 137.933  
1.141
3287.68 138.481  
1.142
3313.54 139.032  
1.143
3339.59 139.586  
1.144
3365.86 140.141  
1.145
3392.34 140.699  
1.146
3419.02 141.259  
1.147
3445.92 141.821  
1.148
3473.03 142.385  
1.149
3500.35 142.952  
1.15
3527.9 143.521  
1.151
3555.66 144.092  
1.152
3583.64 144.666  
1.153
3611.85 145.241  
1.154
3640.28 145.819  
1.155
3668.94 146.4  
1.156
3697.82 146.983  
1.157
3726.93 147.568  
1.158
3756.28 148.155  
1.159
3785.86 148.745  
1.16
3815.67 149.337  
1.161
3845.72 149.932  
1.162
3876.01 150.529  
1.163
3906.54 151.128  
1.164
3937.31 151.73  
1.165
3968.33 152.334  
1.166
3999.6 152.94  
1.167
4031.11 153.549  
1.168
4062.87 154.161  
1.169
4094.89 154.774  
1.17
4127.16 155.391  
1.171
4159.69 156.01  
1.172
4192.48 156.631  
1.173
4225.52 157.255  
1.174
4258.84 157.881  
1.175
4292.41 158.51  
1.176
4326.25 159.141  
1.177
4360.37 159.775  
1.178
4394.75 160.411  
1.179
4429.41 161.05  
1.18
4464.34 161.692  
1.181
4499.55 162.336  
1.182
4535.04 162.982  
1.183
4570.82 163.631  
1.184
4606.87 164.283  
1.185
4643.22 164.938  
1.186
4679.85 165.595  
1.187
4716.78 166.254  
1.188
4754 166.917  
1.189
4791.52 167.582  
1.19
4829.33 168.249  
1.191
4867.45 168.92  
1.192
4905.87 169.593  
1.193
4944.59 170.268  
1.194
4983.63 170.947  
1.195
5022.97 171.628  
1.196
5062.63 172.312  
1.197
5102.6 172.999  
1.198
5142.9 173.688  
1.199
5183.51 174.38  
1.2
5224.44 175.075  
1.201
5265.71 175.773  
1.202
5307.3 176.473  
1.203
5349.22 177.176  
1.204
5391.48 177.882  
1.205
5434.07 178.591  
1.206
5477 179.303  
1.207
5520.27 180.018  
1.208
5563.89 180.735  
1.209
5607.86 181.456  
1.21
5652.17 182.179  
1.211
5696.84 182.905  
1.212
5741.87 183.634  
1.213
5787.25 184.366  
1.214
5833 185.101  
1.215
5879.11 185.839  
1.216
5925.58 186.58  
1.217
5972.43 187.324  
1.218
6019.65 188.07  
1.219
6067.25 188.82  
1.22
6115.23 189.573  
1.221
6163.59 190.329  
1.222
6212.33 191.088  
1.223
6261.46 191.849  
1.224
6310.99 192.614  
1.225
6360.9 193.382  
1.226
6411.22 194.153  
1.227
6461.94 194.928  
1.228
6513.06 195.705  
1.229
6564.59 196.485  
1.23
6616.53 197.269  
1.231
6668.88 198.055  
1.232
6721.66 198.845  
1.233
6774.85 199.638  
1.234
6828.46 200.434  
1.235
6882.51 201.234  
1.236
6936.98 202.036  
1.237
6991.89 202.842  
1.238
7047.24 203.651  
1.239
7103.03 204.463  
1.24
7159.26 205.278  
1.241
7215.94 206.097  
1.242
7273.07 206.919  
1.243
7330.66 207.745  
1.244
7388.71 208.573  
1.245
7447.22 209.405  
1.246
7506.2 210.24  
1.247
7565.65 211.079  
1.248
7625.57 211.921  
1.249
7685.97 212.766  
1.25
7746.85 213.615  
1.251
7808.22 214.467  
1.252
7870.07 215.323  
1.253
7932.42 216.182  
1.254
7995.27 217.044  
1.255
8058.62 217.91  
1.256
8122.47 218.78  
1.257
8186.84 219.652  
1.258
8251.71 220.529  
1.259
8317.11 221.409  
1.26
8383.02 222.292  
1.261
8449.47 223.179  
1.262
8516.44 224.069  
1.263
8583.94 224.963  
1.264
8651.99 225.861  
1.265
8720.58 226.762  
1.266
8789.71 227.667  
1.267
8859.4 228.576  
1.268
8929.64 229.488  
1.269
9000.45 230.404  
1.27
9071.81 231.323  
1.271
9143.75 232.246  
1.272
9216.26 233.173  
1.273
9289.36 234.103  
1.274
9363.03 235.038  
1.275
9437.29 235.976  
1.276
9512.15 236.918  
1.277
9587.6 237.863  
1.278
9663.65 238.812  
1.279
9740.31 239.766  
1.28
9817.59 240.723  
1.281
9895.48 241.683  
1.282
9973.99 242.648  
1.283
10053.1 243.617  
1.284
10132.9 244.589  
1.285
10213.3 245.565  
1.286
10294.4 246.545  
1.287
10376.1 247.53  
1.288
10458.4 248.518  
1.289
10541.4 249.51  
1.29
10625.1 250.506  
1.291
10709.4 251.506  
1.292
10794.4 252.51  
1.293
10880.1 253.518  
1.294
10966.5 254.53  
1.295
11053.5 255.546  
1.296
11141.3 256.566  
1.297
11229.8 257.59  
1.298
11318.9 258.619  
1.299
11408.8 259.651  
1.3
11499.4 260.688  
1.301
11590.7 261.729  
1.302
11682.8 262.774  
1.303
11775.5 263.823  
1.304
11869.1 264.876  
1.305
11963.3 265.934  
1.306
12058.4 266.996  
1.307
12154.1 268.062  
1.308
12250.7 269.132  
1.309
12348 270.207  
1.31
12446.1 271.286  
1.311
12545 272.369  
1.312
12644.7 273.457  
1.313
12745.1 274.549  
1.314
12846.4 275.645  
1.315
12948.5 276.746  
1.316
13051.4 277.851  
1.317
13155.1 278.961  
1.318
13259.6 280.075  
1.319
13365 281.193  
1.32
13471.2 282.317  
1.321
13578.3 283.444  
1.322
13686.2 284.576  
1.323
13795 285.713  
1.324
13904.7 286.854  
1.325
14015.2 287.999  
1.326
14126.6 289.15  
1.327
14238.9 290.305  
1.328
14352.1 291.464  
1.329
14466.2 292.628  
1.33
14581.2 293.797  
1.331
14697.2 294.971  
1.332
14814 296.149  
1.333
14931.8 297.332  
1.334
15050.6 298.519  
1.335
15170.3 299.712  
1.336
15290.9 300.909  
1.337
15412.5 302.111  
1.338
15535.1 303.318  
1.339
15658.7 304.53  
1.34
15783.2 305.746  
1.341
15908.8 306.968  
1.342
16035.3 308.194  
1.343
16162.9 309.425  
1.344
16291.4 310.661  
1.345
16421 311.902  
1.346
16551.7 313.149  
1.347
16683.4 314.4  
1.348
16816.1 315.656  
1.349
16949.9 316.917  
1.35
17084.8 318.183  
1.351
17220.7 319.454  
1.352
17357.8 320.731  
1.353
17495.9 322.012  
1.354
17635.1 323.299  
1.355
17775.5 324.59  
1.356
17917 325.887  
1.357
18059.6 327.19  
1.358
18203.3 328.497  
1.359
18348.2 329.809  
1.36
18494.2 331.127  
1.361
18641.5 332.45  
1.362
18789.9 333.779  
1.363
18939.4 335.113  
1.364
19090.2 336.452  
1.365
19242.2 337.796  
1.366
19395.4 339.146  
1.367
19549.8 340.501  
1.368
19705.5 341.862  
1.369
19862.4 343.228  
1.37
20020.5 344.6  
1.371
20180 345.977  
1.372
20340.7 347.36  
1.373
20502.6 348.748  
1.374
20665.9 350.142  
1.375
20830.5 351.541  
1.376
20996.4 352.946  
1.377
21163.6 354.357  
1.378
21332.2 355.773  
1.379
21502.1 357.195  
1.38
21673.4 358.622  
1.381
21846 360.056  
1.382
22020 361.495  
1.383
22195.5 362.94  
1.384
22372.3 364.39  
1.385
22550.5 365.847  
1.386
22730.2 367.309  
1.387
22911.3 368.777  
1.388
23093.8 370.251  
1.389
23277.8 371.731  
1.39
23463.3 373.217  
1.391
23650.2 374.709  
1.392
23838.7 376.207  
1.393
24028.7 377.71  
1.394
24220.1 379.22  
1.395
24413.2 380.736  
1.396
24607.7 382.258  
1.397
24803.8 383.786  
1.398
25001.5 385.32  
1.399
25200.8 386.861  
1.4
25401.6 388.407  
1.401
25604.1 389.96  
1.402
25808.2 391.519  
1.403
26013.9 393.084  
1.404
26221.3 394.656  
1.405
26430.3 396.233  
1.406
26641 397.817  
1.407
26853.4 399.408  
1.408
27067.5 401.005  
1.409
27283.3 402.608  
1.41
27500.8 404.217  
1.411
27720 405.834  
1.412
27941.1 407.456  
1.413
28163.9 409.085  
1.414
28388.4 410.721  
1.415
28614.8 412.363  
1.416
28843 414.012  
1.417
29073 415.667  
1.418
29304.8 417.329  
1.419
29538.5 418.998  
1.42
29774.1 420.673  
1.421
30011.5 422.355  
1.422
30250.9 424.044  
1.423
30492.2 425.739  
1.424
30735.4 427.442  
1.425
30980.5 429.151  
1.426
31227.6 430.867  
1.427
31476.7 432.59  
1.428
31727.8 434.319  
1.429
31980.9 436.056  
1.43
32236 437.8  
1.431
32493.2 439.55  
1.432
32752.4 441.308  
1.433
33013.7 443.073  
1.434
33277.1 444.845  
1.435
33542.6 446.624  
1.436
33810.2 448.41  
1.437
34080 450.203  
1.438
34351.9 452.003  
1.439
34626 453.811  
1.44
34902.3 455.626  
1.441
35180.8 457.448  
1.442
35461.5 459.277  
1.443
35744.5 461.114  
1.444
36029.8 462.958  
1.445
36317.3 464.81  
1.446
36607.1 466.669  
1.447
36899.3 468.535  
1.448
37193.8 470.409  
1.449
37490.6 472.29  
1.45
37789.9 474.179  
1.451
38091.5 476.076  
1.452
38395.5 477.98  
1.453
38702 479.891  
1.454
39010.9 481.811  
1.455
39322.3 483.738  
1.456
39636.2 485.673  
1.457
39952.6 487.615  
1.458
40271.6 489.565  
1.459
40593.1 491.524  
1.46
40917.1 493.49  
1.461
41243.8 495.463  
1.462
41573.1 497.445  
1.463
41905 499.435  
1.464
42239.6 501.433  
1.465
42576.8 503.438  
1.466
42916.8 505.452  
1.467
43259.5 507.474  
1.468
43604.9 509.504  
1.469
43953.1 511.542  
1.47
44304 513.588  
1.471
44657.8 515.643  
1.472
45014.5 517.705  
1.473
45373.9 519.776  
1.474
45736.3 521.855  
1.475
46101.5 523.943  
1.476
46469.7 526.039  
1.477
46840.9 528.143  
1.478
47215 530.256  
1.479
47592.1 532.377  
1.48
47972.2 534.507  
1.481
48355.4 536.645  
1.482
48741.6 538.792  
1.483
49130.9 540.948  
1.484
49523.4 543.112  
1.485
49919 545.284  
1.486
50317.7 547.466  
1.487
50719.7 549.656  
1.488
51124.8 551.855  
1.489
51533.3 554.063  
1.49
51944.9 556.279  
1.491
52359.9 558.505  
1.492
52778.2 560.739  
1.493
53199.9 562.983  
1.494
53625 565.235  
1.495
54053.4 567.497  
1.496
54485.3 569.767  
1.497
54920.6 572.047  
1.498
55359.4 574.335  
1.499
55801.8 576.633  
1.5
56247.7 578.94  
1.501
56697.1 581.257  
1.502
57150.2 583.582  
1.503
57606.9 585.917  
1.504
58067.2 588.262  
1.505
58531.2 590.615  
1.506
58999 592.979  
1.507
59470.5 595.351  
1.508
59945.8 597.733  
1.509
60424.8 600.125  
1.51
60907.8 602.526  
1.511
61394.6 604.937  
1.512
61885.2 607.358  
1.513
62379.9 609.788  
1.514
62878.4 612.228  
1.515
63381 614.678  
1.516
63887.6 617.137  
1.517
64398.3 619.607  
1.518
64913.1 622.086  
1.519
65431.9 624.575  
1.52
65955 627.075  
1.521
66482.2 629.584  
1.522
67013.7 632.103  
1.523
67549.4 634.633  
1.524
68089.4 637.172  
1.525
68633.7 639.722  
1.526
69182.4 642.282  
1.527
69735.5 644.852  
1.528
70293 647.433  
1.529
70855 650.023  
1.53
71421.5 652.625  
1.531
71992.6 655.236  
1.532
72568.2 657.858  
1.533
73148.4 660.491  
1.534
73733.3 663.134  
1.535
74322.8 665.788  
1.536
74917.1 668.452  
1.537
75516.2 671.128  
1.538
76120 673.813  
1.539
76728.7 676.51  
1.54
77342.3 679.217  
1.541
77960.8 681.936  
1.542
78584.2 684.665  
1.543
79212.6 687.405  
1.544
79846.1 690.156  
1.545
80484.7 692.918  
1.546
81128.3 695.691  
1.547
81777.2 698.475  
1.548
82431.2 701.271  
1.549
83090.5 704.077  
1.55
83755 706.895  
1.551
84424.9 709.724  
1.552
85100.1 712.565  
1.553
85780.8 715.417  
1.554
86466.9 718.28  
1.555
87158.5 721.155  
1.556
87855.7 724.041  
1.557
88558.4 726.939  
1.558
89266.8 729.849  
1.559
89980.9 732.77  
1.56
90700.7 735.703  
1.561
91426.2 738.647  
1.562
92157.6 741.604  
1.563
92894.8 744.572  
1.564
93637.9 747.552  
1.565
94387 750.544  
1.566
95142.1 753.548  
1.567
95903.3 756.564  
1.568
96670.5 759.592  
1.569
97444 762.633  
1.57
98223.6 765.685  
1.571
99009.4 768.75  
1.572
99801.6 771.827  
1.573
100600 774.916  
1.574
101405 778.018  
1.575
102216 781.132  
1.576
103034 784.259  
1.577
103859 787.398  
1.578
104690 790.55  
1.579
105527 793.714  
1.58
106372 796.891  
1.581
107223 800.081  
1.582
108081 803.284  
1.583
108946 806.499  
1.584
109818 809.728  
1.585
110696 812.969  
1.586
111582 816.223  
1.587
112475 819.49  
1.588
113375 822.771  
1.589
114283 826.064  
1.59
115197 829.371  
1.591
116119 832.691  
1.592
117048 836.024  
1.593
117985 839.37  
1.594
118930 842.73  
1.595
119881 846.104  
1.596
120841 849.491  
1.597
121808 852.891  
1.598
122783 856.305  
1.599
123766 859.733  
1.6
124756 863.175  
1.601
125755 866.63  
1.602
126762 870.099  
1.603
127776 873.582  
1.604
128799 877.079  
1.605
129830 880.59  
1.606
130869 884.115  
1.607
131917 887.655  
1.608
132973 891.208  
1.609
134037 894.775  
1.61
135110 898.357  
1.611
136192 901.953  
1.612
137282 905.564  
1.613
138381 909.189  
1.614
139489 912.828  
1.615
140606 916.482  
1.616
141731 920.151  
1.617
142866 923.834  
1.618
144010 927.532  
1.619
145163 931.245  
1.62
146325 934.973  
1.621
147496 938.715  
1.622
148677 942.473  
1.623
149868 946.245  
1.624
151068 950.032  
1.625
152277 953.835  
1.626
153497 957.653  
1.627
154726 961.486  
1.628
155964 965.334  
1.629
157213 969.197  
1.63
158472 973.076  
1.631
159741 976.97  
1.632
161020 980.879  
1.633
162310 984.804  
1.634
163609 988.745  
1.635
164919 992.701  
1.636
166240 996.672  
1.637
167571 1000.66  
1.638
168913 1004.66  
1.639
170266 1008.68  
1.64
171629 1012.71  
1.641
173004 1016.76  
1.642
174389 1020.83  
1.643
175786 1024.91  
1.644
177194 1029  
1.645
178613 1033.11  
1.646
180043 1037.23  
1.647
181485 1041.37  
1.648
182939 1045.53  
1.649
184404 1049.69  
1.65
185881 1053.87  
1.651
187370 1058.06  
1.652
188870 1062.27  
1.653
190383 1066.48  
1.654
191908 1070.7  
1.655
193445 1074.93  
1.656
194995 1079.16  
1.657
196557 1083.39  
1.658
198131 1087.62  
1.659
199718 1091.83  
1.66
201318 1096.02  
1.661
202931 1100.19  
1.662
204557 1104.3  
1.663
206196 1108.35  
1.664
207848 1112.31  
1.665
209514 1116.14  
1.666
211193 1119.79  
1.667
212885 1123.19  
1.668
214592 1126.25  
1.669
216313 1128.83  
1.67
218049 1130.77  
1.671
219799 1131.82  
1.672
221564 1131.64  
1.673
223346 1129.8  
1.674
225143 1125.7  
1.675
226958 1118.59  
1.676
228792 1107.54  
1.677
230645 1091.55  
1.678
232519 1069.64  
1.679
234414 1041.24  
1.68
236330 1006.64  
1.681
238266 967.473  
1.682
240218 926.858  
1.683
242183 888.711  
1.684
244158 856.362  
1.685
246141 831.304  
1.686
248133 813.049  
1.687
250136 799.976  
1.688
252151 790.32  
1.689
254181 782.695  
1.69
256225 776.191  
1.691
258285 770.27  
1.692
260362 764.639  
1.693
262455 759.144  
1.694
264564 753.71  
1.695
266690 748.3  
1.696
268834 742.897  
1.697
270994 737.492  
1.698
273172 732.083  
1.699
275367 726.665  
1.7
277580 721.24  
1.701
279810 715.804  
1.702
282058 710.358  
1.703
284324 704.902  
1.704
286609 699.433  
1.705
288911 693.952  
1.706
291232 688.458  
1.707
293572 682.951  
1.708
295930 677.43  
1.709
298307 671.895  
1.71
300704 666.345  
1.711
303119 660.78  
1.712
305554 655.2  
1.713
308008 649.603  
1.714
310482 643.991  
1.715
312975 638.362  
1.716
315489 632.716  
1.717
318023 627.052  
1.718
320577 621.372  
1.719
323151 615.673  
1.72
325746 609.957  
1.721
328362 604.222  
1.722
330999 598.469  
1.723
333656 592.697  
1.724
336336 586.906  
1.725
339036 581.096  
1.726
341758 575.266  
1.727
344502 569.417  
1.728
347268 563.548  
1.729
350056 557.659  
1.73
352867 551.749  
1.731
355700 545.82  
1.732
358555 539.869  
1.733
361434 533.898  
1.734
364335 527.905  
1.735
367260 521.892  
1.736
370208 515.857  
1.737
373180 509.801  
1.738
376175 503.722  
1.739
379195 497.622  
1.74
382239 491.5  
1.741
385307 485.356  
1.742
388399 479.19  
1.743
391517 473.001  
1.744
394659 466.789  
1.745
397827 460.555  
1.746
401019 454.297  
1.747
404238 448.017  
1.748
407482 441.713  
1.749
410752 435.386  
1.75
414049 429.036  
1.751
417372 422.661  
1.752
420721 416.263  
1.753
424097 409.841  
1.754
427501 403.395  
1.755
430931 396.925  
1.756
434389 390.43  
1.757
437875 383.911  
1.758
441389 377.367  
1.759
444930 370.798  
1.76
448500 364.205  
1.761
452099 357.586  
1.762
455727 350.942  
1.763
459383 344.273  
1.764
463069 337.579  
1.765
466785 330.859  
1.766
470530 324.113  
1.767
474305 317.341  
1.768
478111 310.544  
1.769
481946 303.72  
1.77
485813 296.87  
1.771
489711 289.994  
1.772
493640 283.091  
1.773
497600 276.162  
1.774
501592 269.206  
1.775
505616 262.223  
1.776
509672 255.213  
1.777
513761 248.176  
1.778
517882 241.112  
1.779
522037 234.02  
1.78
526225 226.901  
1.781
530446 219.754  
1.782
534701 212.579  
1.783
538991 205.377  
1.784
543314 198.146  
1.785
547673 190.888  
1.786
552066 183.601  
1.787
556494 176.285  
1.788
560958 168.941  
1.789
565458 161.569  
1.79
569993 154.167  
1.791
574565 146.737  
1.792
579174 139.278  
1.793
583820 131.789  
1.794
588502 124.271  
1.795
593223 116.724  
1.796
597981 109.147  
1.797
602777 101.54  
1.798
607612 93.9043  
1.799
612485 86.237  
1.8
617398 78.5426  
1.801
622350 70.8103  
1.802
627341 63.0675  
1.803
632373 55.2424  
1.804
637445 47.5241  
1.805
642557 39.4038  
1.806
647710 32.2725  
1.807
652907 22.2617  
1.808
658138 20.3104  
1.809
663433 -5.01219  
1.81
668703 38.2505  
1.811
674218 -121.929  
1.812
679152 342.916  
1.813
685902 -967.464  
1.814
687663 2767.68  
1.815
690049 5919.47  
1.816
782295 -80660.4  
1.817
1.10988e+10 -1.1098e+10  
1.818
3.7925e+30 -3.7925e+30  
1.819
5.17183e+112 -5.17183e+112  
1.82
inf -inf  
1.821
-nan(ind) -nan(ind)  
1.822
-nan(ind) -nan(ind)  
1.823
-nan(ind) -nan(ind)  
1.824
-nan(ind) -nan(ind)  
1.825
-nan(ind) -nan(ind)  
1.826
-nan(ind) -nan(ind)  
1.827
-nan(ind) -nan(ind)  
1.828
-nan(ind) -nan(ind)  
1.829
-nan(ind) -nan(ind)  
1.83
-nan(ind) -nan(ind)  
1.831
-nan(ind) -nan(ind)  
1.832
-nan(ind) -nan(ind)  
1.833
-nan(ind) -nan(ind)  
1.834
-nan(ind) -nan(ind)  
1.835
-nan(ind) -nan(ind)  
1.836
-nan(ind) -nan(ind)  
1.837
-nan(ind) -nan(ind)  
1.838
-nan(ind) -nan(ind)  
1.839
-nan(ind) -nan(ind)  
1.84
-nan(ind) -nan(ind)  
1.841
-nan(ind) -nan(ind)  
1.842
-nan(ind) -nan(ind)  
1.843
-nan(ind) -nan(ind)  
1.844
-nan(ind) -nan(ind)  
1.845
-nan(ind) -nan(ind)  
1.846
-nan(ind) -nan(ind)  
1.847
-nan(ind) -nan(ind)  
1.848
-nan(ind) -nan(ind)  
1.849
-nan(ind) -nan(ind)  
1.85
-nan(ind) -nan(ind)  
1.851
-nan(ind) -nan(ind)  
1.852
-nan(ind) -nan(ind)  
1.853
-nan(ind) -nan(ind)  
1.854
-nan(ind) -nan(ind)  
1.855
-nan(ind) -nan(ind)  
1.856
-nan(ind) -nan(ind)  
1.857
-nan(ind) -nan(ind)  
1.858
-nan(ind) -nan(ind)  
1.859
-nan(ind) -nan(ind)  
1.86
-nan(ind) -nan(ind)  
1.861
-nan(ind) -nan(ind)  
1.862
-nan(ind) -nan(ind)  
1.863
-nan(ind) -nan(ind)  
1.864
-nan(ind) -nan(ind)  
1.865
-nan(ind) -nan(ind)  
1.866
-nan(ind) -nan(ind)  
1.867
-nan(ind) -nan(ind)  
1.868
-nan(ind) -nan(ind)  
1.869
-nan(ind) -nan(ind)  
1.87
-nan(ind) -nan(ind)  
1.871
-nan(ind) -nan(ind)  
1.872
-nan(ind) -nan(ind)  
1.873
-nan(ind) -nan(ind)  
1.874
-nan(ind) -nan(ind)  
1.875
-nan(ind) -nan(ind)  
1.876
-nan(ind) -nan(ind)  
1.877
-nan(ind) -nan(ind)  
1.878
-nan(ind) -nan(ind)  
1.879
-nan(ind) -nan(ind)  
1.88
-nan(ind) -nan(ind)  
1.881
-nan(ind) -nan(ind)  
1.882
-nan(ind) -nan(ind)  
1.883
-nan(ind) -nan(ind)  
1.884
-nan(ind) -nan(ind)  
1.885
-nan(ind) -nan(ind)  
1.886
-nan(ind) -nan(ind)  
1.887
-nan(ind) -nan(ind)  
1.888
-nan(ind) -nan(ind)  
1.889
-nan(ind) -nan(ind)  
1.89
-nan(ind) -nan(ind)  
1.891
-nan(ind) -nan(ind)  
1.892
-nan(ind) -nan(ind)  
1.893
-nan(ind) -nan(ind)  
1.894
-nan(ind) -nan(ind)  
1.895
-nan(ind) -nan(ind)  
1.896
-nan(ind) -nan(ind)  
1.897
-nan(ind) -nan(ind)  
1.898
-nan(ind) -nan(ind)  
1.899
-nan(ind) -nan(ind)  
1.9
-nan(ind) -nan(ind)  
1.901
-nan(ind) -nan(ind)  
1.902
-nan(ind) -nan(ind)  
1.903
-nan(ind) -nan(ind)  
1.904
-nan(ind) -nan(ind)  
1.905
-nan(ind) -nan(ind)  
1.906
-nan(ind) -nan(ind)  
1.907
-nan(ind) -nan(ind)  
1.908
-nan(ind) -nan(ind)  
1.909
-nan(ind) -nan(ind)  
1.91
-nan(ind) -nan(ind)  
1.911
-nan(ind) -nan(ind)  
1.912
-nan(ind) -nan(ind)  
1.913
-nan(ind) -nan(ind)  
1.914
-nan(ind) -nan(ind)  
1.915
-nan(ind) -nan(ind)  
1.916
-nan(ind) -nan(ind)  
1.917
-nan(ind) -nan(ind)  
1.918
-nan(ind) -nan(ind)  
1.919
-nan(ind) -nan(ind)  
1.92
-nan(ind) -nan(ind)  
1.921
-nan(ind) -nan(ind)  
1.922
-nan(ind) -nan(ind)  
1.923
-nan(ind) -nan(ind)  
1.924
-nan(ind) -nan(ind)  
1.925
-nan(ind) -nan(ind)  
1.926
-nan(ind) -nan(ind)  
1.927
-nan(ind) -nan(ind)  
1.928
-nan(ind) -nan(ind)  
1.929
-nan(ind) -nan(ind)  
1.93
-nan(ind) -nan(ind)  
1.931
-nan(ind) -nan(ind)  
1.932
-nan(ind) -nan(ind)  
1.933
-nan(ind) -nan(ind)  
1.934
-nan(ind) -nan(ind)  
1.935
-nan(ind) -nan(ind)  
1.936
-nan(ind) -nan(ind)  
1.937
-nan(ind) -nan(ind)  
1.938
-nan(ind) -nan(ind)  
1.939
-nan(ind) -nan(ind)  
1.94
-nan(ind) -nan(ind)  
1.941
-nan(ind) -nan(ind)  
1.942
-nan(ind) -nan(ind)  
1.943
-nan(ind) -nan(ind)  
1.944
-nan(ind) -nan(ind)  
1.945
-nan(ind) -nan(ind)  
1.946
-nan(ind) -nan(ind)  
1.947
-nan(ind) -nan(ind)  
1.948
-nan(ind) -nan(ind)  
1.949
-nan(ind) -nan(ind)  
1.95
-nan(ind) -nan(ind)  
1.951
-nan(ind) -nan(ind)  
1.952
-nan(ind) -nan(ind)  
1.953
-nan(ind) -nan(ind)  
1.954
-nan(ind) -nan(ind)  
1.955
-nan(ind) -nan(ind)  
1.956
-nan(ind) -nan(ind)  
1.957
-nan(ind) -nan(ind)  
1.958
-nan(ind) -nan(ind)  
1.959
-nan(ind) -nan(ind)  
1.96
-nan(ind) -nan(ind)  
1.961
-nan(ind) -nan(ind)  
1.962
-nan(ind) -nan(ind)  
1.963
-nan(ind) -nan(ind)  
1.964
-nan(ind) -nan(ind)  
1.965
-nan(ind) -nan(ind)  
1.966
-nan(ind) -nan(ind)  
1.967
-nan(ind) -nan(ind)  
1.968
-nan(ind) -nan(ind)  
1.969
-nan(ind) -nan(ind)  
1.97
-nan(ind) -nan(ind)  
1.971
-nan(ind) -nan(ind)  
1.972
-nan(ind) -nan(ind)  
1.973
-nan(ind) -nan(ind)  
1.974
-nan(ind) -nan(ind)  
1.975
-nan(ind) -nan(ind)  
1.976
-nan(ind) -nan(ind)  
1.977
-nan(ind) -nan(ind)  
1.978
-nan(ind) -nan(ind)  
1.979
-nan(ind) -nan(ind)  
1.98
-nan(ind) -nan(ind)  
1.981
-nan(ind) -nan(ind)  
1.982
-nan(ind) -nan(ind)  
1.983
-nan(ind) -nan(ind)  
1.984
-nan(ind) -nan(ind)  
1.985
-nan(ind) -nan(ind)  
1.986
-nan(ind) -nan(ind)  
1.987
-nan(ind) -nan(ind)  
1.988
-nan(ind) -nan(ind)  
1.989
-nan(ind) -nan(ind)  
1.99
-nan(ind) -nan(ind)  
1.991
-nan(ind) -nan(ind)  
1.992
-nan(ind) -nan(ind)  
1.993
-nan(ind) -nan(ind)  
1.994
-nan(ind) -nan(ind)  
1.995
-nan(ind) -nan(ind)  
1.996
-nan(ind) -nan(ind)  
1.997
-nan(ind) -nan(ind)  
1.998
-nan(ind) -nan(ind)  
1.999
-nan(ind) -nan(ind)  
2
-nan(ind) -nan(ind)  
