0
2 2  
0
2 2  
0.001
2.00703 2.009  
0.002
2.0141 2.01801  
0.003
2.02123 2.02703  
0.004
2.0284 2.03605  
0.005
2.03563 2.04508  
0.006
2.04291 2.05411  
0.007
2.05024 2.06315  
0.008
2.05762 2.0722  
0.009
2.06506 2.08126  
0.01
2.07255 2.09032  
0.011
2.08009 2.09939  
0.012
2.08768 2.10847  
0.013
2.09533 2.11755  
0.014
2.10303 2.12664  
0.015
2.11079 2.13574  
0.016
2.1186 2.14485  
0.017
2.12646 2.15396  
0.018
2.13438 2.16309  
0.019
2.14236 2.17222  
0.02
2.15039 2.18136  
0.021
2.15848 2.19051  
0.022
2.16662 2.19966  
0.023
2.17482 2.20883  
0.024
2.18308 2.218  
0.025
2.19139 2.22719  
0.026
2.19977 2.23638  
0.027
2.20819 2.24558  
0.028
2.21668 2.25479  
0.029
2.22523 2.26401  
0.03
2.23384 2.27324  
0.031
2.2425 2.28248  
0.032
2.25123 2.29173  
0.033
2.26001 2.30099  
0.034
2.26885 2.31027  
0.035
2.27776 2.31955  
0.036
2.28673 2.32884  
0.037
2.29575 2.33814  
0.038
2.30484 2.34745  
0.039
2.31399 2.35678  
0.04
2.32321 2.36611  
0.041
2.33248 2.37546  
0.042
2.34182 2.38482  
0.043
2.35123 2.39419  
0.044
2.36069 2.40357  
0.045
2.37022 2.41296  
0.046
2.37982 2.42237  
0.047
2.38948 2.43178  
0.048
2.3992 2.44121  
0.049
2.40899 2.45065  
0.05
2.41885 2.46011  
0.051
2.42877 2.46958  
0.052
2.43876 2.47906  
0.053
2.44882 2.48855  
0.054
2.45895 2.49806  
0.055
2.46914 2.50758  
0.056
2.4794 2.51711  
0.057
2.48973 2.52666  
0.058
2.50013 2.53622  
0.059
2.51059 2.54579  
0.06
2.52113 2.55538  
0.061
2.53174 2.56499  
0.062
2.54242 2.57461  
0.063
2.55316 2.58424  
0.064
2.56398 2.59389  
0.065
2.57488 2.60355  
0.066
2.58584 2.61323  
0.067
2.59688 2.62292  
0.068
2.60799 2.63263  
0.069
2.61917 2.64236  
0.07
2.63043 2.6521  
0.071
2.64176 2.66186  
0.072
2.65317 2.67163  
0.073
2.66465 2.68142  
0.074
2.67621 2.69122  
0.075
2.68784 2.70105  
0.076
2.69955 2.71089  
0.077
2.71134 2.72074  
0.078
2.7232 2.73062  
0.079
2.73514 2.74051  
0.08
2.74716 2.75042  
0.081
2.75926 2.76035  
0.082
2.77144 2.77029  
0.083
2.78369 2.78026  
0.084
2.79603 2.79024  
0.085
2.80845 2.80024  
0.086
2.82095 2.81026  
0.087
2.83353 2.82029  
0.088
2.84619 2.83035  
0.089
2.85894 2.84043  
0.09
2.87176 2.85052  
0.091
2.88467 2.86064  
0.092
2.89767 2.87077  
0.093
2.91075 2.88093  
0.094
2.92391 2.8911  
0.095
2.93716 2.9013  
0.096
2.95049 2.91151  
0.097
2.96392 2.92175  
0.098
2.97742 2.93201  
0.099
2.99102 2.94228  
0.1
3.0047 2.95258  
0.101
3.01847 2.9629  
0.102
3.03233 2.97325  
0.103
3.04628 2.98361  
0.104
3.06032 2.994  
0.105
3.07445 3.00441  
0.106
3.08867 3.01484  
0.107
3.10299 3.02529  
0.108
3.11739 3.03577  
0.109
3.13189 3.04627  
0.11
3.14648 3.05679  
0.111
3.16116 3.06734  
0.112
3.17594 3.07791  
0.113
3.19081 3.0885  
0.114
3.20578 3.09912  
0.115
3.22085 3.10977  
0.116
3.23601 3.12043  
0.117
3.25126 3.13112  
0.118
3.26662 3.14184  
0.119
3.28207 3.15258  
0.12
3.29762 3.16335  
0.121
3.31328 3.17414  
0.122
3.32903 3.18496  
0.123
3.34488 3.1958  
0.124
3.36083 3.20667  
0.125
3.37689 3.21756  
0.126
3.39305 3.22849  
0.127
3.40931 3.23943  
0.128
3.42567 3.25041  
0.129
3.44214 3.26141  
0.13
3.45872 3.27244  
0.131
3.47539 3.2835  
0.132
3.49218 3.29458  
0.133
3.50907 3.3057  
0.134
3.52607 3.31684  
0.135
3.54318 3.32801  
0.136
3.5604 3.3392  
0.137
3.57772 3.35043  
0.138
3.59516 3.36169  
0.139
3.6127 3.37297  
0.14
3.63036 3.38428  
0.141
3.64813 3.39563  
0.142
3.66602 3.407  
0.143
3.68401 3.41841  
0.144
3.70212 3.42984  
0.145
3.72035 3.4413  
0.146
3.73869 3.4528  
0.147
3.75715 3.46432  
0.148
3.77572 3.47588  
0.149
3.79441 3.48747  
0.15
3.81322 3.49909  
0.151
3.83215 3.51074  
0.152
3.8512 3.52242  
0.153
3.87037 3.53414  
0.154
3.88967 3.54589  
0.155
3.90908 3.55767  
0.156
3.92862 3.56948  
0.157
3.94828 3.58133  
0.158
3.96806 3.59321  
0.159
3.98797 3.60513  
0.16
4.00801 3.61707  
0.161
4.02817 3.62905  
0.162
4.04846 3.64107  
0.163
4.06888 3.65312  
0.164
4.08943 3.66521  
0.165
4.11011 3.67733  
0.166
4.13091 3.68948  
0.167
4.15185 3.70167  
0.168
4.17293 3.7139  
0.169
4.19413 3.72616  
0.17
4.21547 3.73846  
0.171
4.23695 3.7508  
0.172
4.25856 3.76317  
0.173
4.2803 3.77558  
0.174
4.30219 3.78802  
0.175
4.32421 3.8005  
0.176
4.34637 3.81302  
0.177
4.36867 3.82558  
0.178
4.39112 3.83818  
0.179
4.4137 3.85081  
0.18
4.43643 3.86349  
0.181
4.4593 3.8762  
0.182
4.48232 3.88895  
0.183
4.50548 3.90174  
0.184
4.52879 3.91457  
0.185
4.55224 3.92744  
0.186
4.57585 3.94034  
0.187
4.5996 3.95329  
0.188
4.6235 3.96628  
0.189
4.64756 3.97931  
0.19
4.67176 3.99238  
0.191
4.69612 4.0055  
0.192
4.72063 4.01865  
0.193
4.7453 4.03184  
0.194
4.77013 4.04508  
0.195
4.79511 4.05836  
0.196
4.82025 4.07168  
0.197
4.84555 4.08505  
0.198
4.87101 4.09845  
0.199
4.89663 4.1119  
0.2
4.92241 4.1254  
0.201
4.94835 4.13893  
0.202
4.97446 4.15252  
0.203
5.00074 4.16614  
0.204
5.02718 4.17981  
0.205
5.05379 4.19353  
0.206
5.08057 4.20729  
0.207
5.10752 4.22109  
0.208
5.13463 4.23494  
0.209
5.16192 4.24884  
0.21
5.18939 4.26278  
0.211
5.21702 4.27677  
0.212
5.24484 4.2908  
0.213
5.27283 4.30488  
0.214
5.30099 4.31901  
0.215
5.32934 4.33319  
0.216
5.35786 4.34741  
0.217
5.38657 4.36168  
0.218
5.41546 4.376  
0.219
5.44453 4.39037  
0.22
5.47379 4.40478  
0.221
5.50323 4.41925  
0.222
5.53286 4.43376  
0.223
5.56268 4.44833  
0.224
5.59269 4.46294  
0.225
5.62289 4.4776  
0.226
5.65328 4.49232  
0.227
5.68386 4.50708  
0.228
5.71464 4.5219  
0.229
5.74562 4.53676  
0.23
5.77679 4.55168  
0.231
5.80816 4.56665  
0.232
5.83973 4.58167  
0.233
5.8715 4.59674  
0.234
5.90348 4.61187  
0.235
5.93565 4.62705  
0.236
5.96804 4.64228  
0.237
6.00063 4.65756  
0.238
6.03343 4.6729  
0.239
6.06643 4.68829  
0.24
6.09965 4.70374  
0.241
6.13308 4.71924  
0.242
6.16673 4.73479  
0.243
6.20059 4.7504  
0.244
6.23466 4.76606  
0.245
6.26896 4.78179  
0.246
6.30347 4.79756  
0.247
6.33821 4.81339  
0.248
6.37316 4.82928  
0.249
6.40834 4.84523  
0.25
6.44375 4.86123  
0.251
6.47938 4.87729  
0.252
6.51524 4.89341  
0.253
6.55133 4.90958  
0.254
6.58766 4.92581  
0.255
6.62421 4.94211  
0.256
6.661 4.95846  
0.257
6.69803 4.97487  
0.258
6.73529 4.99133  
0.259
6.7728 5.00786  
0.26
6.81054 5.02445  
0.261
6.84853 5.0411  
0.262
6.88676 5.05781  
0.263
6.92524 5.07458  
0.264
6.96397 5.09141  
0.265
7.00294 5.1083  
0.266
7.04217 5.12525  
0.267
7.08165 5.14227  
0.268
7.12138 5.15935  
0.269
7.16137 5.17649  
0.27
7.20162 5.19369  
0.271
7.24213 5.21096  
0.272
7.2829 5.22829  
0.273
7.32393 5.24568  
0.274
7.36523 5.26314  
0.275
7.40679 5.28067  
0.276
7.44863 5.29825  
0.277
7.49073 5.31591  
0.278
7.53311 5.33362  
0.279
7.57576 5.35141  
0.28
7.61869 5.36926  
0.281
7.66189 5.38718  
0.282
7.70538 5.40516  
0.283
7.74915 5.42321  
0.284
7.7932 5.44133  
0.285
7.83754 5.45951  
0.286
7.88216 5.47776  
0.287
7.92708 5.49609  
0.288
7.97228 5.51448  
0.289
8.01779 5.53293  
0.29
8.06358 5.55146  
0.291
8.10968 5.57006  
0.292
8.15607 5.58873  
0.293
8.20277 5.60746  
0.294
8.24977 5.62627  
0.295
8.29708 5.64515  
0.296
8.3447 5.6641  
0.297
8.39262 5.68312  
0.298
8.44086 5.70222  
0.299
8.48942 5.72138  
0.3
8.53829 5.74062  
0.301
8.58748 5.75993  
0.302
8.637 5.77932  
0.303
8.68683 5.79878  
0.304
8.73699 5.81831  
0.305
8.78749 5.83792  
0.306
8.83831 5.8576  
0.307
8.88946 5.87735  
0.308
8.94095 5.89718  
0.309
8.99278 5.91709  
0.31
9.04495 5.93707  
0.311
9.09746 5.95713  
0.312
9.15031 5.97727  
0.313
9.20352 5.99748  
0.314
9.25707 6.01777  
0.315
9.31097 6.03814  
0.316
9.36523 6.05858  
0.317
9.41985 6.07911  
0.318
9.47482 6.09971  
0.319
9.53016 6.12039  
0.32
9.58586 6.14116  
0.321
9.64193 6.162  
0.322
9.69837 6.18292  
0.323
9.75518 6.20392  
0.324
9.81237 6.225  
0.325
9.86994 6.24617  
0.326
9.92788 6.26741  
0.327
9.98621 6.28874  
0.328
10.0449 6.31015  
0.329
10.104 6.33164  
0.33
10.1635 6.35322  
0.331
10.2234 6.37488  
0.332
10.2837 6.39662  
0.333
10.3444 6.41845  
0.334
10.4055 6.44036  
0.335
10.467 6.46236  
0.336
10.5289 6.48444  
0.337
10.5912 6.50661  
0.338
10.6539 6.52886  
0.339
10.717 6.55121  
0.34
10.7806 6.57363  
0.341
10.8446 6.59615  
0.342
10.909 6.61875  
0.343
10.9738 6.64144  
0.344
11.0391 6.66422  
0.345
11.1048 6.68709  
0.346
11.171 6.71004  
0.347
11.2376 6.73309  
0.348
11.3046 6.75622  
0.349
11.3721 6.77945  
0.35
11.44 6.80277  
0.351
11.5084 6.82618  
0.352
11.5772 6.84967  
0.353
11.6465 6.87327  
0.354
11.7163 6.89695  
0.355
11.7865 6.92073  
0.356
11.8572 6.9446  
0.357
11.9284 6.96856  
0.358
12.0001 6.99261  
0.359
12.0722 7.01677  
0.36
12.1448 7.04101  
0.361
12.2179 7.06535  
0.362
12.2915 7.08979  
0.363
12.3656 7.11432  
0.364
12.4402 7.13895  
0.365
12.5153 7.16367  
0.366
12.5909 7.1885  
0.367
12.667 7.21342  
0.368
12.7437 7.23843  
0.369
12.8208 7.26355  
0.37
12.8985 7.28877  
0.371
12.9767 7.31408  
0.372
13.0554 7.33949  
0.373
13.1346 7.36501  
0.374
13.2144 7.39062  
0.375
13.2947 7.41634  
0.376
13.3756 7.44216  
0.377
13.457 7.46807  
0.378
13.539 7.4941  
0.379
13.6215 7.52022  
0.38
13.7046 7.54645  
0.381
13.7882 7.57278  
0.382
13.8724 7.59921  
0.383
13.9572 7.62575  
0.384
14.0425 7.65239  
0.385
14.1285 7.67914  
0.386
14.215 7.706  
0.387
14.3021 7.73296  
0.388
14.3898 7.76002  
0.389
14.4781 7.7872  
0.39
14.567 7.81448  
0.391
14.6565 7.84187  
0.392
14.7466 7.86937  
0.393
14.8373 7.89698  
0.394
14.9287 7.92469  
0.395
15.0207 7.95252  
0.396
15.1133 7.98046  
0.397
15.2065 8.0085  
0.398
15.3004 8.03666  
0.399
15.3949 8.06493  
0.4
15.49 8.09331  
0.401
15.5858 8.12181  
0.402
15.6823 8.15042  
0.403
15.7794 8.17914  
0.404
15.8772 8.20797  
0.405
15.9757 8.23692  
0.406
16.0748 8.26599  
0.407
16.1746 8.29517  
0.408
16.2751 8.32446  
0.409
16.3763 8.35388  
0.41
16.4782 8.3834  
0.411
16.5808 8.41305  
0.412
16.6841 8.44282  
0.413
16.7881 8.4727  
0.414
16.8928 8.5027  
0.415
16.9983 8.53282  
0.416
17.1044 8.56306  
0.417
17.2113 8.59342  
0.418
17.319 8.6239  
0.419
17.4274 8.65451  
0.42
17.5365 8.68523  
0.421
17.6464 8.71608  
0.422
17.757 8.74705  
0.423
17.8684 8.77814  
0.424
17.9806 8.80936  
0.425
18.0936 8.8407  
0.426
18.2073 8.87216  
0.427
18.3218 8.90376  
0.428
18.4371 8.93547  
0.429
18.5533 8.96732  
0.43
18.6702 8.99929  
0.431
18.7879 9.03138  
0.432
18.9065 9.06361  
0.433
19.0258 9.09596  
0.434
19.146 9.12845  
0.435
19.2671 9.16106  
0.436
19.389 9.1938  
0.437
19.5117 9.22667  
0.438
19.6353 9.25968  
0.439
19.7597 9.29281  
0.44
19.885 9.32608  
0.441
20.0112 9.35948  
0.442
20.1383 9.39302  
0.443
20.2662 9.42669  
0.444
20.3951 9.46049  
0.445
20.5248 9.49442  
0.446
20.6555 9.5285  
0.447
20.787 9.56271  
0.448
20.9195 9.59705  
0.449
21.0529 9.63153  
0.45
21.1872 9.66615  
0.451
21.3225 9.70091  
0.452
21.4587 9.73581  
0.453
21.5959 9.77084  
0.454
21.7341 9.80602  
0.455
21.8732 9.84134  
0.456
22.0133 9.87679  
0.457
22.1543 9.91239  
0.458
22.2964 9.94814  
0.459
22.4395 9.98402  
0.46
22.5835 10.02  
0.461
22.7286 10.0562  
0.462
22.8747 10.0925  
0.463
23.0218 10.129  
0.464
23.17 10.1656  
0.465
23.3192 10.2024  
0.466
23.4694 10.2393  
0.467
23.6207 10.2763  
0.468
23.7731 10.3135  
0.469
23.9266 10.3508  
0.47
24.0811 10.3883  
0.471
24.2367 10.426  
0.472
24.3935 10.4638  
0.473
24.5513 10.5017  
0.474
24.7102 10.5398  
0.475
24.8703 10.5781  
0.476
25.0315 10.6165  
0.477
25.1939 10.655  
0.478
25.3574 10.6937  
0.479
25.522 10.7326  
0.48
25.6878 10.7716  
0.481
25.8548 10.8108  
0.482
26.023 10.8501  
0.483
26.1924 10.8896  
0.484
26.3629 10.9293  
0.485
26.5347 10.9691  
0.486
26.7077 11.0091  
0.487
26.882 11.0492  
0.488
27.0574 11.0895  
0.489
27.2341 11.1299  
0.49
27.4121 11.1705  
0.491
27.5914 11.2113  
0.492
27.7719 11.2522  
0.493
27.9537 11.2933  
0.494
28.1368 11.3346  
0.495
28.3212 11.376  
0.496
28.5069 11.4176  
0.497
28.6939 11.4594  
0.498
28.8823 11.5013  
0.499
29.072 11.5434  
0.5
29.2631 11.5857  
0.501
29.4555 11.6281  
0.502
29.6493 11.6707  
0.503
29.8445 11.7135  
0.504
30.0411 11.7564  
0.505
30.2391 11.7996  
0.506
30.4386 11.8429  
0.507
30.6394 11.8863  
0.508
30.8417 11.93  
0.509
31.0454 11.9738  
0.51
31.2506 12.0178  
0.511
31.4573 12.0619  
0.512
31.6654 12.1063  
0.513
31.8751 12.1508  
0.514
32.0862 12.1955  
0.515
32.2989 12.2404  
0.516
32.5131 12.2854  
0.517
32.7288 12.3307  
0.518
32.9461 12.3761  
0.519
33.1649 12.4217  
0.52
33.3853 12.4675  
0.521
33.6073 12.5134  
0.522
33.8309 12.5596  
0.523
34.0562 12.6059  
0.524
34.283 12.6524  
0.525
34.5115 12.6991  
0.526
34.7416 12.746  
0.527
34.9734 12.7931  
0.528
35.2068 12.8404  
0.529
35.4419 12.8878  
0.53
35.6788 12.9355  
0.531
35.9173 12.9833  
0.532
36.1576 13.0314  
0.533
36.3996 13.0796  
0.534
36.6433 13.128  
0.535
36.8888 13.1766  
0.536
37.1361 13.2254  
0.537
37.3852 13.2744  
0.538
37.6361 13.3236  
0.539
37.8888 13.373  
0.54
38.1433 13.4226  
0.541
38.3997 13.4724  
0.542
38.658 13.5224  
0.543
38.9181 13.5726  
0.544
39.1801 13.623  
0.545
39.444 13.6736  
0.546
39.7098 13.7244  
0.547
39.9775 13.7754  
0.548
40.2472 13.8266  
0.549
40.5189 13.878  
0.55
40.7925 13.9296  
0.551
41.0681 13.9815  
0.552
41.3457 14.0335  
0.553
41.6254 14.0857  
0.554
41.9071 14.1382  
0.555
42.1908 14.1908  
0.556
42.4766 14.2437  
0.557
42.7645 14.2968  
0.558
43.0544 14.3501  
0.559
43.3465 14.4036  
0.56
43.6408 14.4573  
0.561
43.9371 14.5113  
0.562
44.2357 14.5654  
0.563
44.5364 14.6198  
0.564
44.8393 14.6744  
0.565
45.1444 14.7292  
0.566
45.4518 14.7842  
0.567
45.7614 14.8395  
0.568
46.0732 14.8949  
0.569
46.3874 14.9506  
0.57
46.7038 15.0065  
0.571
47.0226 15.0627  
0.572
47.3437 15.119  
0.573
47.6672 15.1756  
0.574
47.993 15.2324  
0.575
48.3212 15.2895  
0.576
48.6518 15.3468  
0.577
48.9848 15.4043  
0.578
49.3203 15.462  
0.579
49.6583 15.52  
0.58
49.9987 15.5782  
0.581
50.3416 15.6366  
0.582
50.6871 15.6952  
0.583
51.0351 15.7541  
0.584
51.3856 15.8133  
0.585
51.7387 15.8727  
0.586
52.0945 15.9323  
0.587
52.4528 15.9921  
0.588
52.8138 16.0522  
0.589
53.1774 16.1125  
0.59
53.5437 16.1731  
0.591
53.9127 16.2339  
0.592
54.2845 16.295  
0.593
54.6589 16.3563  
0.594
55.0362 16.4178  
0.595
55.4162 16.4796  
0.596
55.799 16.5417  
0.597
56.1846 16.604  
0.598
56.5731 16.6665  
0.599
56.9645 16.7293  
0.6
57.3587 16.7923  
0.601
57.7559 16.8556  
0.602
58.156 16.9192  
0.603
58.559 16.983  
0.604
58.9651 17.047  
0.605
59.3741 17.1114  
0.606
59.7862 17.1759  
0.607
60.2013 17.2408  
0.608
60.6195 17.3059  
0.609
61.0408 17.3712  
0.61
61.4652 17.4368  
0.611
61.8927 17.5027  
0.612
62.3234 17.5689  
0.613
62.7573 17.6353  
0.614
63.1945 17.7019  
0.615
63.6348 17.7689  
0.616
64.0785 17.8361  
0.617
64.5254 17.9036  
0.618
64.9757 17.9713  
0.619
65.4293 18.0393  
0.62
65.8862 18.1076  
0.621
66.3466 18.1762  
0.622
66.8104 18.2451  
0.623
67.2776 18.3142  
0.624
67.7483 18.3836  
0.625
68.2225 18.4532  
0.626
68.7003 18.5232  
0.627
69.1815 18.5934  
0.628
69.6664 18.6639  
0.629
70.1549 18.7347  
0.63
70.647 18.8058  
0.631
71.1428 18.8772  
0.632
71.6423 18.9488  
0.633
72.1455 19.0208  
0.634
72.6525 19.093  
0.635
73.1632 19.1655  
0.636
73.6778 19.2383  
0.637
74.1962 19.3114  
0.638
74.7184 19.3848  
0.639
75.2446 19.4585  
0.64
75.7747 19.5325  
0.641
76.3087 19.6068  
0.642
76.8468 19.6813  
0.643
77.3889 19.7562  
0.644
77.935 19.8314  
0.645
78.4852 19.9069  
0.646
79.0395 19.9826  
0.647
79.598 20.0587  
0.648
80.1606 20.1351  
0.649
80.7274 20.2118  
0.65
81.2985 20.2888  
0.651
81.8739 20.3661  
0.652
82.4536 20.4437  
0.653
83.0376 20.5217  
0.654
83.6261 20.5999  
0.655
84.2189 20.6785  
0.656
84.8161 20.7573  
0.657
85.4179 20.8365  
0.658
86.0241 20.916  
0.659
86.635 20.9959  
0.66
87.2503 21.076  
0.661
87.8704 21.1565  
0.662
88.495 21.2373  
0.663
89.1244 21.3184  
0.664
89.7585 21.3998  
0.665
90.3973 21.4816  
0.666
91.041 21.5637  
0.667
91.6895 21.6461  
0.668
92.3429 21.7288  
0.669
93.0012 21.8119  
0.67
93.6644 21.8953  
0.671
94.3327 21.9791  
0.672
95.0059 22.0632  
0.673
95.6843 22.1476  
0.674
96.3677 22.2323  
0.675
97.0563 22.3174  
0.676
97.7501 22.4029  
0.677
98.4491 22.4887  
0.678
99.1534 22.5748  
0.679
99.863 22.6613  
0.68
100.578 22.7481  
0.681
101.298 22.8352  
0.682
102.024 22.9228  
0.683
102.755 23.0106  
0.684
103.492 23.0988  
0.685
104.234 23.1874  
0.686
104.982 23.2763  
0.687
105.736 23.3656  
0.688
106.495 23.4553  
0.689
107.26 23.5453  
0.69
108.031 23.6356  
0.691
108.808 23.7264  
0.692
109.59 23.8174  
0.693
110.379 23.9089  
0.694
111.173 24.0007  
0.695
111.973 24.0929  
0.696
112.78 24.1855  
0.697
113.592 24.2784  
0.698
114.411 24.3717  
0.699
115.236 24.4654  
0.7
116.067 24.5594  
0.701
116.905 24.6538  
0.702
117.748 24.7486  
0.703
118.599 24.8438  
0.704
119.455 24.9394  
0.705
120.318 25.0353  
0.706
121.188 25.1317  
0.707
122.064 25.2284  
0.708
122.947 25.3255  
0.709
123.837 25.423  
0.71
124.733 25.5209  
0.711
125.636 25.6192  
0.712
126.546 25.7178  
0.713
127.463 25.8169  
0.714
128.387 25.9164  
0.715
129.318 26.0162  
0.716
130.256 26.1165  
0.717
131.202 26.2172  
0.718
132.154 26.3182  
0.719
133.113 26.4197  
0.72
134.08 26.5216  
0.721
135.055 26.6239  
0.722
136.036 26.7266  
0.723
137.025 26.8297  
0.724
138.022 26.9332  
0.725
139.026 27.0372  
0.726
140.038 27.1415  
0.727
141.058 27.2463  
0.728
142.085 27.3515  
0.729
143.12 27.4571  
0.73
144.163 27.5632  
0.731
145.214 27.6696  
0.732
146.274 27.7765  
0.733
147.341 27.8838  
0.734
148.416 27.9916  
0.735
149.499 28.0998  
0.736
150.591 28.2084  
0.737
151.691 28.3174  
0.738
152.8 28.4269  
0.739
153.917 28.5369  
0.74
155.042 28.6472  
0.741
156.176 28.758  
0.742
157.319 28.8693  
0.743
158.47 28.981  
0.744
159.631 29.0931  
0.745
160.8 29.2057  
0.746
161.978 29.3188  
0.747
163.165 29.4323  
0.748
164.361 29.5462  
0.749
165.566 29.6607  
0.75
166.781 29.7755  
0.751
168.005 29.8909  
0.752
169.238 30.0067  
0.753
170.48 30.1229  
0.754
171.732 30.2396  
0.755
172.994 30.3568  
0.756
174.266 30.4745  
0.757
175.547 30.5926  
0.758
176.838 30.7112  
0.759
178.138 30.8303  
0.76
179.449 30.9499  
0.761
180.77 31.0699  
0.762
182.101 31.1904  
0.763
183.442 31.3114  
0.764
184.794 31.4329  
0.765
186.155 31.5549  
0.766
187.528 31.6774  
0.767
188.91 31.8003  
0.768
190.304 31.9238  
0.769
191.708 32.0477  
0.77
193.123 32.1722  
0.771
194.549 32.2971  
0.772
195.985 32.4225  
0.773
197.433 32.5485  
0.774
198.892 32.6749  
0.775
200.362 32.8019  
0.776
201.843 32.9293  
0.777
203.336 33.0573  
0.778
204.84 33.1858  
0.779
206.356 33.3148  
0.78
207.883 33.4443  
0.781
209.422 33.5744  
0.782
210.974 33.7049  
0.783
212.536 33.836  
0.784
214.111 33.9676  
0.785
215.699 34.0997  
0.786
217.298 34.2324  
0.787
218.909 34.3656  
0.788
220.534 34.4993  
0.789
222.17 34.6336  
0.79
223.819 34.7684  
0.791
225.481 34.9037  
0.792
227.156 35.0396  
0.793
228.843 35.1761  
0.794
230.544 35.313  
0.795
232.257 35.4506  
0.796
233.984 35.5886  
0.797
235.725 35.7273  
0.798
237.478 35.8665  
0.799
239.245 36.0062  
0.8
241.026 36.1465  
0.801
242.821 36.2874  
0.802
244.629 36.4288  
0.803
246.451 36.5708  
0.804
248.288 36.7134  
0.805
250.138 36.8565  
0.806
252.003 37.0002  
0.807
253.882 37.1445  
0.808
255.776 37.2894  
0.809
257.684 37.4348  
0.81
259.608 37.5809  
0.811
261.546 37.7275  
0.812
263.498 37.8747  
0.813
265.467 38.0225  
0.814
267.45 38.1709  
0.815
269.448 38.3199  
0.816
271.462 38.4694  
0.817
273.492 38.6196  
0.818
275.537 38.7704  
0.819
277.599 38.9218  
0.82
279.676 39.0738  
0.821
281.769 39.2264  
0.822
283.878 39.3796  
0.823
286.004 39.5334  
0.824
288.146 39.6878  
0.825
290.305 39.8429  
0.826
292.48 39.9986  
0.827
294.673 40.1549  
0.828
296.882 40.3118  
0.829
299.108 40.4694  
0.83
301.352 40.6276  
0.831
303.613 40.7864  
0.832
305.891 40.9459  
0.833
308.188 41.106  
0.834
310.502 41.2667  
0.835
312.834 41.4281  
0.836
315.184 41.5901  
0.837
317.552 41.7528  
0.838
319.938 41.9162  
0.839
322.343 42.0802  
0.84
324.767 42.2448  
0.841
327.21 42.4101  
0.842
329.671 42.5761  
0.843
332.152 42.7427  
0.844
334.652 42.91  
0.845
337.171 43.078  
0.846
339.71 43.2467  
0.847
342.269 43.416  
0.848
344.847 43.586  
0.849
347.446 43.7567  
0.85
350.064 43.928  
0.851
352.703 44.1001  
0.852
355.363 44.2728  
0.853
358.043 44.4463  
0.854
360.744 44.6204  
0.855
363.466 44.7953  
0.856
366.209 44.9708  
0.857
368.974 45.147  
0.858
371.76 45.324  
0.859
374.567 45.5016  
0.86
377.397 45.68  
0.861
380.248 45.8591  
0.862
383.122 46.0388  
0.863
386.018 46.2194  
0.864
388.936 46.4006  
0.865
391.878 46.5826  
0.866
394.842 46.7653  
0.867
397.829 46.9487  
0.868
400.84 47.1329  
0.869
403.874 47.3178  
0.87
406.931 47.5034  
0.871
410.012 47.6898  
0.872
413.118 47.8769  
0.873
416.247 48.0648  
0.874
419.401 48.2534  
0.875
422.58 48.4428  
0.876
425.783 48.633  
0.877
429.011 48.8239  
0.878
432.265 49.0156  
0.879
435.544 49.208  
0.88
438.848 49.4012  
0.881
442.178 49.5952  
0.882
445.534 49.79  
0.883
448.916 49.9856  
0.884
452.325 50.1819  
0.885
455.76 50.379  
0.886
459.222 50.5769  
0.887
462.711 50.7756  
0.888
466.227 50.9751  
0.889
469.771 51.1754  
0.89
473.342 51.3765  
0.891
476.942 51.5784  
0.892
480.569 51.7812  
0.893
484.224 51.9847  
0.894
487.909 52.189  
0.895
491.622 52.3942  
0.896
495.364 52.6002  
0.897
499.135 52.807  
0.898
502.935 53.0147  
0.899
506.766 53.2231  
0.9
510.626 53.4324  
0.901
514.516 53.6426  
0.902
518.437 53.8536  
0.903
522.388 54.0654  
0.904
526.371 54.2781  
0.905
530.384 54.4916  
0.906
534.429 54.706  
0.907
538.506 54.9213  
0.908
542.614 55.1374  
0.909
546.754 55.3544  
0.91
550.927 55.5722  
0.911
555.133 55.791  
0.912
559.371 56.0106  
0.913
563.643 56.2311  
0.914
567.948 56.4524  
0.915
572.286 56.6747  
0.916
576.659 56.8978  
0.917
581.066 57.1219  
0.918
585.507 57.3468  
0.919
589.983 57.5726  
0.92
594.494 57.7994  
0.921
599.041 58.027  
0.922
603.623 58.2556  
0.923
608.241 58.4851  
0.924
612.895 58.7155  
0.925
617.585 58.9468  
0.926
622.313 59.1791  
0.927
627.077 59.4122  
0.928
631.879 59.6464  
0.929
636.718 59.8814  
0.93
641.595 60.1174  
0.931
646.511 60.3544  
0.932
651.465 60.5922  
0.933
656.458 60.8311  
0.934
661.49 61.0709  
0.935
666.561 61.3117  
0.936
671.672 61.5534  
0.937
676.823 61.7961  
0.938
682.015 62.0398  
0.939
687.247 62.2844  
0.94
692.521 62.53  
0.941
697.836 62.7766  
0.942
703.192 63.0242  
0.943
708.591 63.2728  
0.944
714.032 63.5224  
0.945
719.515 63.773  
0.946
725.042 64.0246  
0.947
730.612 64.2772  
0.948
736.225 64.5308  
0.949
741.883 64.7855  
0.95
747.585 65.0411  
0.951
753.332 65.2978  
0.952
759.124 65.5555  
0.953
764.962 65.8142  
0.954
770.845 66.074  
0.955
776.775 66.3348  
0.956
782.751 66.5967  
0.957
788.774 66.8596  
0.958
794.845 67.1236  
0.959
800.963 67.3886  
0.96
807.129 67.6547  
0.961
813.344 67.9218  
0.962
819.608 68.1901  
0.963
825.92 68.4594  
0.964
832.283 68.7297  
0.965
838.695 69.0012  
0.966
845.158 69.2738  
0.967
851.672 69.5474  
0.968
858.237 69.8221  
0.969
864.853 70.098  
0.97
871.522 70.3749  
0.971
878.242 70.653  
0.972
885.016 70.9321  
0.973
891.843 71.2124  
0.974
898.724 71.4938  
0.975
905.659 71.7764  
0.976
912.649 72.0601  
0.977
919.693 72.3449  
0.978
926.793 72.6308  
0.979
933.949 72.9179  
0.98
941.161 73.2062  
0.981
948.43 73.4956  
0.982
955.756 73.7861  
0.983
963.14 74.0779  
0.984
970.582 74.3708  
0.985
978.083 74.6648  
0.986
985.642 74.9601  
0.987
993.261 75.2565  
0.988
1000.94 75.5541  
0.989
1008.68 75.8529  
0.99
1016.48 76.153  
0.991
1024.34 76.4542  
0.992
1032.27 76.7566  
0.993
1040.25 77.0602  
0.994
1048.3 77.3651  
0.995
1056.42 77.6711  
0.996
1064.59 77.9784  
0.997
1072.83 78.287  
0.998
1081.14 78.5967  
0.999
1089.51 78.9077  
1
1097.95 79.22  
1.001
1106.45 79.5335  
1.002
1115.02 79.8483  
1.003
1123.66 80.1643  
1.004
1132.37 80.4816  
1.005
1141.14 80.8002  
1.006
1149.99 81.12  
1.007
1158.9 81.4411  
1.008
1167.89 81.7635  
1.009
1176.94 82.0872  
1.01
1186.07 82.4122  
1.011
1195.27 82.7385  
1.012
1204.54 83.0661  
1.013
1213.89 83.3951  
1.014
1223.3 83.7253  
1.015
1232.8 84.0569  
1.016
1242.36 84.3898  
1.017
1252.01 84.724  
1.018
1261.73 85.0595  
1.019
1271.52 85.3965  
1.02
1281.4 85.7347  
1.021
1291.35 86.0743  
1.022
1301.38 86.4153  
1.023
1311.49 86.7577  
1.024
1321.68 87.1014  
1.025
1331.95 87.4465  
1.026
1342.3 87.793  
1.027
1352.73 88.1408  
1.028
1363.24 88.4901  
1.029
1373.84 88.8407  
1.03
1384.52 89.1928  
1.031
1395.29 89.5463  
1.032
1406.14 89.9012  
1.033
1417.07 90.2575  
1.034
1428.1 90.6152  
1.035
1439.21 90.9744  
1.036
1450.4 91.335  
1.037
1461.69 91.6971  
1.038
1473.07 92.0606  
1.039
1484.53 92.4256  
1.04
1496.09 92.792  
1.041
1507.74 93.1599  
1.042
1519.47 93.5293  
1.043
1531.31 93.9002  
1.044
1543.23 94.2725  
1.045
1555.25 94.6463  
1.046
1567.37 95.0217  
1.047
1579.58 95.3985  
1.048
1591.89 95.7769  
1.049
1604.29 96.1567  
1.05
1616.79 96.5381  
1.051
1629.4 96.921  
1.052
1642.1 97.3055  
1.053
1654.9 97.6915  
1.054
1667.8 98.079  
1.055
1680.81 98.4681  
1.056
1693.92 98.8588  
1.057
1707.13 99.251  
1.058
1720.44 99.6448  
1.059
1733.87 100.04  
1.06
1747.39 100.437  
1.061
1761.03 100.836  
1.062
1774.77 101.236  
1.063
1788.62 101.638  
1.064
1802.58 102.041  
1.065
1816.66 102.446  
1.066
1830.84 102.852  
1.067
1845.14 103.261  
1.068
1859.54 103.671  
1.069
1874.07 104.082  
1.07
1888.71 104.495  
1.071
1903.46 104.91  
1.072
1918.33 105.327  
1.073
1933.32 105.745  
1.074
1948.43 106.164  
1.075
1963.65 106.586  
1.076
1979 107.009  
1.077
1994.47 107.434  
1.078
2010.06 107.861  
1.079
2025.77 108.289  
1.08
2041.61 108.719  
1.081
2057.58 109.151  
1.082
2073.67 109.584  
1.083
2089.89 110.019  
1.084
2106.24 110.456  
1.085
2122.71 110.895  
1.086
2139.32 111.335  
1.087
2156.06 111.778  
1.088
2172.93 112.222  
1.089
2189.94 112.667  
1.09
2207.08 113.115  
1.091
2224.35 113.564  
1.092
2241.77 114.016  
1.093
2259.32 114.469  
1.094
2277.01 114.923  
1.095
2294.84 115.38  
1.096
2312.81 115.838  
1.097
2330.93 116.299  
1.098
2349.19 116.761  
1.099
2367.59 117.225  
1.1
2386.14 117.691  
1.101
2404.83 118.158  
1.102
2423.68 118.628  
1.103
2442.67 119.099  
1.104
2461.82 119.573  
1.105
2481.11 120.048  
1.106
2500.56 120.525  
1.107
2520.17 121.004  
1.108
2539.92 121.485  
1.109
2559.84 121.968  
1.11
2579.92 122.453  
1.111
2600.15 122.94  
1.112
2620.54 123.428  
1.113
2641.1 123.919  
1.114
2661.82 124.412  
1.115
2682.7 124.906  
1.116
2703.75 125.403  
1.117
2724.97 125.901  
1.118
2746.35 126.402  
1.119
2767.9 126.905  
1.12
2789.63 127.409  
1.121
2811.53 127.916  
1.122
2833.6 128.425  
1.123
2855.85 128.935  
1.124
2878.27 129.448  
1.125
2900.87 129.963  
1.126
2923.65 130.48  
1.127
2946.61 130.999  
1.128
2969.76 131.52  
1.129
2993.09 132.043  
1.13
3016.6 132.568  
1.131
3040.3 133.096  
1.132
3064.19 133.625  
1.133
3088.27 134.157  
1.134
3112.54 134.69  
1.135
3137 135.226  
1.136
3161.66 135.764  
1.137
3186.51 136.304  
1.138
3211.56 136.846  
1.139
3236.81 137.391  
1.14
3262.26 137.938  
1.141
3287.91 138.486  
1.142
3313.76 139.038  
1.143
3339.82 139.591  
1.144
3366.09 140.146  
1.145
3392.57 140.704  
1.146
3419.26 141.264  
1.147
3446.16 141.826  
1.148
3473.27 142.39  
1.149
3500.6 142.957  
1.15
3528.14 143.526  
1.151
3555.91 144.097  
1.152
3583.89 144.671  
1.153
3612.1 145.247  
1.154
3640.53 145.825  
1.155
3669.19 146.405  
1.156
3698.08 146.988  
1.157
3727.19 147.573  
1.158
3756.54 148.161  
1.159
3786.12 148.751  
1.16
3815.94 149.343  
1.161
3845.99 149.937  
1.162
3876.28 150.534  
1.163
3906.82 151.134  
1.164
3937.59 151.735  
1.165
3968.61 152.339  
1.166
3999.88 152.946  
1.167
4031.39 153.555  
1.168
4063.16 154.166  
1.169
4095.18 154.78  
1.17
4127.45 155.397  
1.171
4159.99 156.016  
1.172
4192.78 156.637  
1.173
4225.83 157.261  
1.174
4259.14 157.887  
1.175
4292.72 158.516  
1.176
4326.56 159.147  
1.177
4360.68 159.781  
1.178
4395.06 160.417  
1.179
4429.72 161.056  
1.18
4464.66 161.698  
1.181
4499.87 162.342  
1.182
4535.37 162.989  
1.183
4571.14 163.638  
1.184
4607.21 164.29  
1.185
4643.55 164.944  
1.186
4680.19 165.601  
1.187
4717.12 166.261  
1.188
4754.34 166.923  
1.189
4791.86 167.588  
1.19
4829.68 168.256  
1.191
4867.8 168.926  
1.192
4906.22 169.599  
1.193
4944.95 170.275  
1.194
4983.99 170.954  
1.195
5023.34 171.635  
1.196
5063 172.319  
1.197
5102.98 173.005  
1.198
5143.27 173.695  
1.199
5183.89 174.387  
1.2
5224.83 175.082  
1.201
5266.09 175.78  
1.202
5307.69 176.48  
1.203
5349.61 177.183  
1.204
5391.87 177.89  
1.205
5434.47 178.599  
1.206
5477.41 179.31  
1.207
5520.68 180.025  
1.208
5564.31 180.743  
1.209
5608.27 181.463  
1.21
5652.59 182.186  
1.211
5697.27 182.912  
1.212
5742.3 183.642  
1.213
5787.68 184.374  
1.214
5833.43 185.109  
1.215
5879.55 185.846  
1.216
5926.03 186.587  
1.217
5972.88 187.331  
1.218
6020.11 188.078  
1.219
6067.71 188.828  
1.22
6115.69 189.581  
1.221
6164.05 190.336  
1.222
6212.8 191.095  
1.223
6261.93 191.857  
1.224
6311.46 192.622  
1.225
6361.39 193.39  
1.226
6411.71 194.161  
1.227
6462.43 194.935  
1.228
6513.56 195.713  
1.229
6565.09 196.493  
1.23
6617.03 197.277  
1.231
6669.39 198.063  
1.232
6722.17 198.853  
1.233
6775.37 199.646  
1.234
6828.99 200.442  
1.235
6883.04 201.242  
1.236
6937.51 202.044  
1.237
6992.43 202.85  
1.238
7047.78 203.659  
1.239
7103.57 204.471  
1.24
7159.81 205.287  
1.241
7216.5 206.106  
1.242
7273.63 206.928  
1.243
7331.23 207.753  
1.244
7389.28 208.582  
1.245
7447.8 209.414  
1.246
7506.78 210.249  
1.247
7566.23 211.088  
1.248
7626.16 211.93  
1.249
7686.57 212.775  
1.25
7747.45 213.624  
1.251
7808.83 214.476  
1.252
7870.69 215.332  
1.253
7933.04 216.191  
1.254
7995.9 217.053  
1.255
8059.25 217.919  
1.256
8123.11 218.789  
1.257
8187.48 219.662  
1.258
8252.36 220.538  
1.259
8317.76 221.418  
1.26
8383.68 222.301  
1.261
8450.13 223.188  
1.262
8517.11 224.079  
1.263
8584.62 224.973  
1.264
8652.67 225.871  
1.265
8721.27 226.772  
1.266
8790.41 227.677  
1.267
8860.1 228.585  
1.268
8930.35 229.498  
1.269
9001.16 230.413  
1.27
9072.54 231.333  
1.271
9144.48 232.256  
1.272
9217 233.183  
1.273
9290.1 234.113  
1.274
9363.78 235.048  
1.275
9438.05 235.986  
1.276
9512.91 236.928  
1.277
9588.37 237.873  
1.278
9664.43 238.823  
1.279
9741.1 239.776  
1.28
9818.38 240.733  
1.281
9896.27 241.694  
1.282
9974.79 242.658  
1.283
10053.9 243.627  
1.284
10133.7 244.599  
1.285
10214.1 245.576  
1.286
10295.2 246.556  
1.287
10376.9 247.54  
1.288
10459.2 248.528  
1.289
10542.3 249.521  
1.29
10625.9 250.517  
1.291
10710.3 251.517  
1.292
10795.3 252.521  
1.293
10881 253.529  
1.294
10967.4 254.541  
1.295
11054.4 255.557  
1.296
11142.2 256.577  
1.297
11230.7 257.602  
1.298
11319.9 258.63  
1.299
11409.7 259.663  
1.3
11500.3 260.7  
1.301
11591.7 261.74  
1.302
11683.7 262.785  
1.303
11776.5 263.835  
1.304
11870 264.888  
1.305
11964.3 265.946  
1.306
12059.4 267.008  
1.307
12155.2 268.074  
1.308
12251.7 269.144  
1.309
12349 270.219  
1.31
12447.1 271.298  
1.311
12546 272.381  
1.312
12645.7 273.469  
1.313
12746.2 274.561  
1.314
12847.5 275.658  
1.315
12949.5 276.758  
1.316
13052.5 277.864  
1.317
13156.2 278.973  
1.318
13260.7 280.087  
1.319
13366.1 281.206  
1.32
13472.3 282.329  
1.321
13579.4 283.457  
1.322
13687.4 284.589  
1.323
13796.2 285.725  
1.324
13905.8 286.867  
1.325
14016.4 288.012  
1.326
14127.8 289.163  
1.327
14240.1 290.318  
1.328
14353.3 291.477  
1.329
14467.4 292.642  
1.33
14582.5 293.81  
1.331
14698.4 294.984  
1.332
14815.3 296.162  
1.333
14933.1 297.345  
1.334
15051.9 298.533  
1.335
15171.6 299.726  
1.336
15292.2 300.923  
1.337
15413.8 302.125  
1.338
15536.4 303.332  
1.339
15660 304.544  
1.34
15784.6 305.76  
1.341
15910.1 306.982  
1.342
16036.7 308.208  
1.343
16164.3 309.439  
1.344
16292.8 310.676  
1.345
16422.5 311.917  
1.346
16553.1 313.163  
1.347
16684.8 314.414  
1.348
16817.6 315.67  
1.349
16951.4 316.931  
1.35
17086.3 318.198  
1.351
17222.2 319.469  
1.352
17359.3 320.745  
1.353
17497.4 322.027  
1.354
17636.7 323.314  
1.355
17777 324.606  
1.356
17918.5 325.903  
1.357
18061.1 327.205  
1.358
18204.9 328.512  
1.359
18349.8 329.825  
1.36
18495.9 331.143  
1.361
18643.1 332.466  
1.362
18791.5 333.795  
1.363
18941.1 335.128  
1.364
19091.9 336.468  
1.365
19243.9 337.812  
1.366
19397.1 339.162  
1.367
19551.5 340.517  
1.368
19707.2 341.878  
1.369
19864.1 343.244  
1.37
20022.3 344.616  
1.371
20181.7 345.993  
1.372
20342.5 347.376  
1.373
20504.5 348.764  
1.374
20667.7 350.158  
1.375
20832.3 351.558  
1.376
20998.3 352.963  
1.377
21165.5 354.373  
1.378
21334.1 355.79  
1.379
21504 357.212  
1.38
21675.3 358.639  
1.381
21848 360.073  
1.382
22022 361.512  
1.383
22197.4 362.957  
1.384
22374.3 364.408  
1.385
22552.5 365.864  
1.386
22732.2 367.327  
1.387
22913.3 368.795  
1.388
23095.9 370.269  
1.389
23279.9 371.749  
1.39
23465.4 373.235  
1.391
23652.4 374.727  
1.392
23840.8 376.225  
1.393
24030.8 377.729  
1.394
24222.3 379.239  
1.395
24415.4 380.755  
1.396
24609.9 382.277  
1.397
24806.1 383.805  
1.398
25003.8 385.339  
1.399
25203.1 386.88  
1.4
25403.9 388.426  
1.401
25606.4 389.979  
1.402
25810.5 391.538  
1.403
26016.3 393.103  
1.404
26223.7 394.675  
1.405
26432.7 396.253  
1.406
26643.4 397.837  
1.407
26855.8 399.427  
1.408
27069.9 401.024  
1.409
27285.8 402.628  
1.41
27503.3 404.237  
1.411
27722.6 405.853  
1.412
27943.6 407.476  
1.413
28166.4 409.105  
1.414
28391 410.741  
1.415
28617.4 412.383  
1.416
28845.6 414.032  
1.417
29075.7 415.688  
1.418
29307.5 417.35  
1.419
29541.2 419.018  
1.42
29776.8 420.694  
1.421
30014.3 422.376  
1.422
30253.7 424.065  
1.423
30495 425.76  
1.424
30738.2 427.463  
1.425
30983.4 429.172  
1.426
31230.5 430.888  
1.427
31479.7 432.611  
1.428
31730.8 434.341  
1.429
31983.9 436.078  
1.43
32239 437.822  
1.431
32496.2 439.573  
1.432
32755.5 441.33  
1.433
33016.8 443.095  
1.434
33280.2 444.867  
1.435
33545.7 446.646  
1.436
33813.4 448.432  
1.437
34083.2 450.226  
1.438
34355.1 452.026  
1.439
34629.3 453.834  
1.44
34905.6 455.649  
1.441
35184.1 457.471  
1.442
35464.9 459.301  
1.443
35747.9 461.137  
1.444
36033.2 462.982  
1.445
36320.7 464.833  
1.446
36610.6 466.692  
1.447
36902.8 468.559  
1.448
37197.3 470.433  
1.449
37494.2 472.314  
1.45
37793.5 474.203  
1.451
38095.1 476.1  
1.452
38399.2 478.004  
1.453
38705.7 479.916  
1.454
39014.6 481.835  
1.455
39326.1 483.763  
1.456
39640 485.698  
1.457
39956.5 487.64  
1.458
40275.4 489.591  
1.459
40597 491.549  
1.46
40921.1 493.515  
1.461
41247.8 495.489  
1.462
41577.1 497.471  
1.463
41909 499.461  
1.464
42243.6 501.459  
1.465
42580.9 503.465  
1.466
42920.9 505.478  
1.467
43263.6 507.5  
1.468
43609.1 509.53  
1.469
43957.3 511.569  
1.47
44308.3 513.615  
1.471
44662.2 515.67  
1.472
45018.8 517.732  
1.473
45378.3 519.803  
1.474
45740.7 521.883  
1.475
46106 523.971  
1.476
46474.3 526.067  
1.477
46845.4 528.171  
1.478
47219.6 530.284  
1.479
47596.7 532.405  
1.48
47976.9 534.535  
1.481
48360.1 536.674  
1.482
48746.4 538.821  
1.483
49135.7 540.976  
1.484
49528.2 543.14  
1.485
49923.8 545.313  
1.486
50322.7 547.495  
1.487
50724.6 549.685  
1.488
51129.9 551.884  
1.489
51538.3 554.092  
1.49
51950.1 556.309  
1.491
52365.1 558.535  
1.492
52783.5 560.769  
1.493
53205.2 563.013  
1.494
53630.2 565.266  
1.495
54058.7 567.527  
1.496
54490.7 569.798  
1.497
54926 572.078  
1.498
55364.9 574.366  
1.499
55807.3 576.665  
1.5
56253.2 578.972  
1.501
56702.7 581.288  
1.502
57155.9 583.614  
1.503
57612.6 585.949  
1.504
58073 588.294  
1.505
58537.1 590.648  
1.506
59004.9 593.011  
1.507
59476.4 595.384  
1.508
59951.7 597.766  
1.509
60430.9 600.158  
1.51
60913.9 602.559  
1.511
61400.7 604.97  
1.512
61891.5 607.391  
1.513
62386.1 609.821  
1.514
62884.8 612.262  
1.515
63387.4 614.712  
1.516
63894.1 617.171  
1.517
64404.8 619.641  
1.518
64919.6 622.12  
1.519
65438.5 624.61  
1.52
65961.6 627.109  
1.521
66488.9 629.619  
1.522
67020.5 632.138  
1.523
67556.2 634.668  
1.524
68096.3 637.208  
1.525
68640.7 639.758  
1.526
69189.4 642.318  
1.527
69742.6 644.888  
1.528
70300.2 647.469  
1.529
70862.2 650.06  
1.53
71428.8 652.661  
1.531
71999.9 655.273  
1.532
72575.6 657.895  
1.533
73155.9 660.528  
1.534
73740.8 663.172  
1.535
74330.4 665.826  
1.536
74924.8 668.49  
1.537
75523.9 671.166  
1.538
76127.8 673.852  
1.539
76736.6 676.548  
1.54
77350.2 679.256  
1.541
77968.8 681.974  
1.542
78592.3 684.704  
1.543
79220.8 687.444  
1.544
79854.3 690.195  
1.545
80493 692.958  
1.546
81136.7 695.731  
1.547
81785.6 698.516  
1.548
82439.7 701.311  
1.549
83099.1 704.118  
1.55
83763.7 706.936  
1.551
84433.6 709.766  
1.552
85109 712.606  
1.553
85789.7 715.458  
1.554
86475.9 718.322  
1.555
87167.6 721.197  
1.556
87864.8 724.084  
1.557
88567.7 726.982  
1.558
89276.1 729.891  
1.559
89990.3 732.813  
1.56
90710.1 735.746  
1.561
91435.8 738.691  
1.562
92167.2 741.647  
1.563
92904.5 744.616  
1.564
93647.8 747.596  
1.565
94396.9 750.589  
1.566
95152.1 753.593  
1.567
95913.4 756.609  
1.568
96680.7 759.638  
1.569
97454.2 762.679  
1.57
98233.9 765.731  
1.571
99019.8 768.796  
1.572
99812.1 771.874  
1.573
100611 774.963  
1.574
101416 778.065  
1.575
102227 781.18  
1.576
103045 784.307  
1.577
103870 787.446  
1.578
104701 790.598  
1.579
105539 793.763  
1.58
106383 796.941  
1.581
107234 800.131  
1.582
108092 803.334  
1.583
108957 806.549  
1.584
109829 809.778  
1.585
110708 813.02  
1.586
111594 816.274  
1.587
112487 819.542  
1.588
113387 822.822  
1.589
114295 826.116  
1.59
115210 829.423  
1.591
116132 832.744  
1.592
117061 836.077  
1.593
117998 839.424  
1.594
118942 842.785  
1.595
119894 846.159  
1.596
120854 849.546  
1.597
121821 852.947  
1.598
122796 856.362  
1.599
123779 859.79  
1.6
124770 863.232  
1.601
125769 866.688  
1.602
126775 870.157  
1.603
127790 873.641  
1.604
128813 877.138  
1.605
129844 880.65  
1.606
130883 884.176  
1.607
131931 887.715  
1.608
132987 891.269  
1.609
134052 894.838  
1.61
135125 898.42  
1.611
136207 902.017  
1.612
137297 905.628  
1.613
138396 909.254  
1.614
139504 912.894  
1.615
140621 916.549  
1.616
141747 920.219  
1.617
142882 923.903  
1.618
144026 927.602  
1.619
145179 931.316  
1.62
146341 935.044  
1.621
147513 938.788  
1.622
148694 942.547  
1.623
149884 946.32  
1.624
151084 950.109  
1.625
152294 953.913  
1.626
153513 957.732  
1.627
154743 961.567  
1.628
155982 965.417  
1.629
157231 969.282  
1.63
158490 973.163  
1.631
159759 977.06  
1.632
161038 980.972  
1.633
162327 984.899  
1.634
163627 988.843  
1.635
164938 992.802  
1.636
166258 996.777  
1.637
167590 1000.77  
1.638
168932 1004.78  
1.639
170285 1008.8  
1.64
171648 1012.84  
1.641
173023 1016.89  
1.642
174409 1020.96  
1.643
175805 1025.05  
1.644
177213 1029.16  
1.645
178633 1033.28  
1.646
180063 1037.42  
1.647
181505 1041.57  
1.648
182959 1045.74  
1.649
184424 1049.93  
1.65
185902 1054.13  
1.651
187390 1058.35  
1.652
188891 1062.59  
1.653
190404 1066.84  
1.654
191929 1071.12  
1.655
193467 1075.41  
1.656
195016 1079.71  
1.657
196578 1084.04  
1.658
198153 1088.38  
1.659
199740 1092.73  
1.66
201340 1097.11  
1.661
202953 1101.5  
1.662
204578 1105.91  
1.663
206217 1110.34  
1.664
207869 1114.79  
1.665
209534 1119.25  
1.666
211213 1123.73  
1.667
212905 1128.23  
1.668
214610 1132.75  
1.669
216329 1137.29  
1.67
218062 1141.84  
1.671
219809 1146.41  
1.672
221570 1151.01  
1.673
223345 1155.61  
1.674
225135 1160.24  
1.675
226938 1164.89  
1.676
228756 1169.55  
1.677
230589 1174.24  
1.678
232436 1178.94  
1.679
234299 1183.66  
1.68
236176 1188.4  
1.681
238068 1193.16  
1.682
239975 1197.94  
1.683
241898 1202.73  
1.684
243836 1207.55  
1.685
245790 1212.39  
1.686
247759 1217.24  
1.687
249744 1222.12  
1.688
251745 1227.01  
1.689
253762 1231.92  
1.69
255796 1236.86  
1.691
257845 1241.81  
1.692
259911 1246.78  
1.693
261994 1251.77  
1.694
264093 1256.79  
1.695
266210 1261.82  
1.696
268343 1266.87  
1.697
270493 1271.95  
1.698
272660 1277.04  
1.699
274845 1282.15  
1.7
277048 1287.29  
1.701
279268 1292.44  
1.702
281506 1297.62  
1.703
283762 1302.82  
1.704
286036 1308.03  
1.705
288328 1313.27  
1.706
290638 1318.53  
1.707
292967 1323.81  
1.708
295315 1329.11  
1.709
297682 1334.43  
1.71
300068 1339.77  
1.711
302472 1345.14  
1.712
304896 1350.52  
1.713
307340 1355.93  
1.714
309803 1361.36  
1.715
312286 1366.81  
1.716
314789 1372.28  
1.717
317312 1377.77  
1.718
319855 1383.29  
1.719
322418 1388.82  
1.72
325003 1394.38  
1.721
327607 1399.96  
1.722
330233 1405.56  
1.723
332880 1411.18  
1.724
335548 1416.82  
1.725
338237 1422.48  
1.726
340948 1428.17  
1.727
343681 1433.86  
1.728
346436 1439.58  
1.729
349213 1445.32  
1.73
352012 1451.06  
1.731
354834 1456.82  
1.732
357678 1462.58  
1.733
360545 1468.34  
1.734
363435 1474.08  
1.735
366349 1479.8  
1.736
369285 1485.47  
1.737
372246 1491.05  
1.738
375230 1496.48  
1.739
378239 1501.69  
1.74
381272 1506.54  
1.741
384330 1510.81  
1.742
387414 1514.13  
1.743
390524 1515.87  
1.744
393661 1514.94  
1.745
396829 1509.32  
1.746
400030 1495.1  
1.747
403273 1464.2  
1.748
406577 1399.07  
1.749
409978 1261.68  
1.75
413537 993.973  
1.751
417180 668.674  
1.752
420578 615.854  
1.753
423947 619.334  
1.754
427363 602.554  
1.755
430799 594.192  
1.756
434265 582.2  
1.757
437758 572.001  
1.758
441279 560.959  
1.759
444828 550.431  
1.76
448405 539.665  
1.761
452011 529.093  
1.762
455646 518.444  
1.763
459310 507.888  
1.764
463004 497.305  
1.765
466726 486.774  
1.766
470479 476.231  
1.767
474262 465.722  
1.768
478075 455.205  
1.769
481919 444.709  
1.77
485793 434.206  
1.771
489698 423.716  
1.772
493635 413.217  
1.773
497603 402.724  
1.774
501603 392.218  
1.775
505635 381.714  
1.776
509700 371.192  
1.777
513797 360.669  
1.778
517926 350.123  
1.779
522089 339.574  
1.78
526285 328.995  
1.781
530515 318.412  
1.782
534779 307.791  
1.783
539077 297.169  
1.784
543409 286.496  
1.785
547777 275.828  
1.786
552179 265.091  
1.787
556616 254.375  
1.788
561089 243.56  
1.789
565598 232.799  
1.79
570143 221.883  
1.791
574725 211.089  
1.792
579343 200.033  
1.793
583998 189.244  
1.794
588691 177.972  
1.795
593421 167.282  
1.796
598190 155.631  
1.797
602996 145.268  
1.798
607842 132.861  
1.799
612724 123.39  
1.8
617650 109.319  
1.801
622608 102.159  
1.802
627618 84.1345  
1.803
632650 82.9535  
1.804
637749 55.0057  
1.805
642847 69.5877  
1.806
648054 15.6468  
1.807
653192 72.9607  
1.808
658552 -51.3974  
1.809
663654 125.898  
1.81
669294 -193.585  
1.811
674129 335.446  
1.812
680398 -528.396  
1.813
684291 1030.9  
1.814
692410 -1598.54  
1.815
695516 844.768  
1.816
703286 -1344.96  
1.817
706078 1498.09  
1.818
715063 -1821.7  
1.819
718529 445.648  
1.82
725562 -823.688  
1.821
729040 1511.74  
1.822
738575 -2173.74  
1.823
748646 -6307.02  
1.824
1.19202e+12 -1.19202e+12  
1.825
6.76117e+143 -6.76117e+143  
1.826
-nan(ind) -nan(ind)  
1.827
-nan(ind) -nan(ind)  
1.828
-nan(ind) -nan(ind)  
1.829
-nan(ind) -nan(ind)  
1.83
-nan(ind) -nan(ind)  
1.831
-nan(ind) -nan(ind)  
1.832
-nan(ind) -nan(ind)  
1.833
-nan(ind) -nan(ind)  
1.834
-nan(ind) -nan(ind)  
1.835
-nan(ind) -nan(ind)  
1.836
-nan(ind) -nan(ind)  
1.837
-nan(ind) -nan(ind)  
1.838
-nan(ind) -nan(ind)  
1.839
-nan(ind) -nan(ind)  
1.84
-nan(ind) -nan(ind)  
1.841
-nan(ind) -nan(ind)  
1.842
-nan(ind) -nan(ind)  
1.843
-nan(ind) -nan(ind)  
1.844
-nan(ind) -nan(ind)  
1.845
-nan(ind) -nan(ind)  
1.846
-nan(ind) -nan(ind)  
1.847
-nan(ind) -nan(ind)  
1.848
-nan(ind) -nan(ind)  
1.849
-nan(ind) -nan(ind)  
1.85
-nan(ind) -nan(ind)  
1.851
-nan(ind) -nan(ind)  
1.852
-nan(ind) -nan(ind)  
1.853
-nan(ind) -nan(ind)  
1.854
-nan(ind) -nan(ind)  
1.855
-nan(ind) -nan(ind)  
1.856
-nan(ind) -nan(ind)  
1.857
-nan(ind) -nan(ind)  
1.858
-nan(ind) -nan(ind)  
1.859
-nan(ind) -nan(ind)  
1.86
-nan(ind) -nan(ind)  
1.861
-nan(ind) -nan(ind)  
1.862
-nan(ind) -nan(ind)  
1.863
-nan(ind) -nan(ind)  
1.864
-nan(ind) -nan(ind)  
1.865
-nan(ind) -nan(ind)  
1.866
-nan(ind) -nan(ind)  
1.867
-nan(ind) -nan(ind)  
1.868
-nan(ind) -nan(ind)  
1.869
-nan(ind) -nan(ind)  
1.87
-nan(ind) -nan(ind)  
1.871
-nan(ind) -nan(ind)  
1.872
-nan(ind) -nan(ind)  
1.873
-nan(ind) -nan(ind)  
1.874
-nan(ind) -nan(ind)  
1.875
-nan(ind) -nan(ind)  
1.876
-nan(ind) -nan(ind)  
1.877
-nan(ind) -nan(ind)  
1.878
-nan(ind) -nan(ind)  
1.879
-nan(ind) -nan(ind)  
1.88
-nan(ind) -nan(ind)  
1.881
-nan(ind) -nan(ind)  
1.882
-nan(ind) -nan(ind)  
1.883
-nan(ind) -nan(ind)  
1.884
-nan(ind) -nan(ind)  
1.885
-nan(ind) -nan(ind)  
1.886
-nan(ind) -nan(ind)  
1.887
-nan(ind) -nan(ind)  
1.888
-nan(ind) -nan(ind)  
1.889
-nan(ind) -nan(ind)  
1.89
-nan(ind) -nan(ind)  
1.891
-nan(ind) -nan(ind)  
1.892
-nan(ind) -nan(ind)  
1.893
-nan(ind) -nan(ind)  
1.894
-nan(ind) -nan(ind)  
1.895
-nan(ind) -nan(ind)  
1.896
-nan(ind) -nan(ind)  
1.897
-nan(ind) -nan(ind)  
1.898
-nan(ind) -nan(ind)  
1.899
-nan(ind) -nan(ind)  
1.9
-nan(ind) -nan(ind)  
1.901
-nan(ind) -nan(ind)  
1.902
-nan(ind) -nan(ind)  
1.903
-nan(ind) -nan(ind)  
1.904
-nan(ind) -nan(ind)  
1.905
-nan(ind) -nan(ind)  
1.906
-nan(ind) -nan(ind)  
1.907
-nan(ind) -nan(ind)  
1.908
-nan(ind) -nan(ind)  
1.909
-nan(ind) -nan(ind)  
1.91
-nan(ind) -nan(ind)  
1.911
-nan(ind) -nan(ind)  
1.912
-nan(ind) -nan(ind)  
1.913
-nan(ind) -nan(ind)  
1.914
-nan(ind) -nan(ind)  
1.915
-nan(ind) -nan(ind)  
1.916
-nan(ind) -nan(ind)  
1.917
-nan(ind) -nan(ind)  
1.918
-nan(ind) -nan(ind)  
1.919
-nan(ind) -nan(ind)  
1.92
-nan(ind) -nan(ind)  
1.921
-nan(ind) -nan(ind)  
1.922
-nan(ind) -nan(ind)  
1.923
-nan(ind) -nan(ind)  
1.924
-nan(ind) -nan(ind)  
1.925
-nan(ind) -nan(ind)  
1.926
-nan(ind) -nan(ind)  
1.927
-nan(ind) -nan(ind)  
1.928
-nan(ind) -nan(ind)  
1.929
-nan(ind) -nan(ind)  
1.93
-nan(ind) -nan(ind)  
1.931
-nan(ind) -nan(ind)  
1.932
-nan(ind) -nan(ind)  
1.933
-nan(ind) -nan(ind)  
1.934
-nan(ind) -nan(ind)  
1.935
-nan(ind) -nan(ind)  
1.936
-nan(ind) -nan(ind)  
1.937
-nan(ind) -nan(ind)  
1.938
-nan(ind) -nan(ind)  
1.939
-nan(ind) -nan(ind)  
1.94
-nan(ind) -nan(ind)  
1.941
-nan(ind) -nan(ind)  
1.942
-nan(ind) -nan(ind)  
1.943
-nan(ind) -nan(ind)  
1.944
-nan(ind) -nan(ind)  
1.945
-nan(ind) -nan(ind)  
1.946
-nan(ind) -nan(ind)  
1.947
-nan(ind) -nan(ind)  
1.948
-nan(ind) -nan(ind)  
1.949
-nan(ind) -nan(ind)  
1.95
-nan(ind) -nan(ind)  
1.951
-nan(ind) -nan(ind)  
1.952
-nan(ind) -nan(ind)  
1.953
-nan(ind) -nan(ind)  
1.954
-nan(ind) -nan(ind)  
1.955
-nan(ind) -nan(ind)  
1.956
-nan(ind) -nan(ind)  
1.957
-nan(ind) -nan(ind)  
1.958
-nan(ind) -nan(ind)  
1.959
-nan(ind) -nan(ind)  
1.96
-nan(ind) -nan(ind)  
1.961
-nan(ind) -nan(ind)  
1.962
-nan(ind) -nan(ind)  
1.963
-nan(ind) -nan(ind)  
1.964
-nan(ind) -nan(ind)  
1.965
-nan(ind) -nan(ind)  
1.966
-nan(ind) -nan(ind)  
1.967
-nan(ind) -nan(ind)  
1.968
-nan(ind) -nan(ind)  
1.969
-nan(ind) -nan(ind)  
1.97
-nan(ind) -nan(ind)  
1.971
-nan(ind) -nan(ind)  
1.972
-nan(ind) -nan(ind)  
1.973
-nan(ind) -nan(ind)  
1.974
-nan(ind) -nan(ind)  
1.975
-nan(ind) -nan(ind)  
1.976
-nan(ind) -nan(ind)  
1.977
-nan(ind) -nan(ind)  
1.978
-nan(ind) -nan(ind)  
1.979
-nan(ind) -nan(ind)  
1.98
-nan(ind) -nan(ind)  
1.981
-nan(ind) -nan(ind)  
1.982
-nan(ind) -nan(ind)  
1.983
-nan(ind) -nan(ind)  
1.984
-nan(ind) -nan(ind)  
1.985
-nan(ind) -nan(ind)  
1.986
-nan(ind) -nan(ind)  
1.987
-nan(ind) -nan(ind)  
1.988
-nan(ind) -nan(ind)  
1.989
-nan(ind) -nan(ind)  
1.99
-nan(ind) -nan(ind)  
1.991
-nan(ind) -nan(ind)  
1.992
-nan(ind) -nan(ind)  
1.993
-nan(ind) -nan(ind)  
1.994
-nan(ind) -nan(ind)  
1.995
-nan(ind) -nan(ind)  
1.996
-nan(ind) -nan(ind)  
1.997
-nan(ind) -nan(ind)  
1.998
-nan(ind) -nan(ind)  
1.999
-nan(ind) -nan(ind)  
2
-nan(ind) -nan(ind)  
